0:
	(1,1) ∞
	[0,0] ∞
1:
	(1,1) ∞
	[0,0] ∞
x:
	(1,1) ∞
	[0,0] ∞
CK:
	(1,1) 22
	[0,0] 2
G0:
	(1,1) 101
	[0,0] 8
G1:
	(1,1) 101
	[0,0] 8
G10:
	(1,1) 38
	[0,0] 3
G11:
	(1,1) 32
	[0,0] 3
G12:
	(1,1) 197
	[0,0] 20
G13:
	(1,1) 32
	[0,0] 2
G14:
	(1,1) 32
	[0,0] 2
G15:
	(1,1) 1
	[0,0] 0
G16:
	(1,1) 218
	[0,0] 20
G2:
	(1,1) 106
	[0,0] 8
G3:
	(1,1) 156
	[0,0] 12
G4:
	(1,1) 156
	[0,0] 12
G5:
	(1,1) 161
	[0,0] 12
G6:
	(1,1) 89
	[0,0] 8
G7:
	(1,1) 81
	[0,0] 7
G8:
	(1,1) 73
	[0,0] 6
G9:
	(1,1) 65
	[0,0] 5
test_se:
	(1,1) 16
	[0,0] 1
test_si:
	(1,1) 194
	[0,0] 20
G727:
	(11,15) 0
	[1,1] 0
G713+1:
	(3,56) 19
	[0,4] 2
G713+2:
	(10,46) 12
	[1,4] 1
G713:
	(47,14) 8
	[4,1] 1
G707:
	(7,14) 16
	[0,1] 2
n147:
	(26,3) 20
	[2,0] 2
n146:
	(13,3) 20
	[1,0] 2
G705:
	(2,37) 8
	[0,3] 1
n150+1:
	(50,91) 22
	[4,7] 2
n150:
	(103,35) 10
	[8,3] 1
n153:
	(34,11) 102
	[3,1] 8
n154:
	(32,24) 112
	[2,2] 9
n156+1:
	(28,3) 146
	[2,0] 11
n156:
	(34,29) 115
	[2,2] 9
n158:
	(58,30) 119
	[4,2] 9
n159:
	(29,3) 174
	[2,0] 13
n155:
	(23,2) 142
	[2,0] 11
n152+1:
	(62,43) 91
	[5,3] 8
n152:
	(90,28) 44
	[7,2] 4
n161:
	(73,36) 117
	[6,3] 10
n162+1:
	(142,27) 182
	[13,2] 15
n162:
	(37,18) 172
	[3,2] 14
n160+1:
	(32,26) 242
	[2,2] 18
n160+2:
	(64,25) 210
	[5,2] 15
n160:
	(97,26) 177
	[7,2] 13
n164:
	(15,24) 259
	[1,2] 19
n151+1:
	(23,12) 129
	[2,1] 12
n151:
	(90,21) 51
	[9,2] 4
n170:
	(20,77) 64
	[2,8] 5
n172:
	(76,10) 74
	[8,1] 6
n171:
	(91,9) 75
	[11,1] 6
G702+1:
	(22,49) 35
	[2,4] 3
G702+2:
	(12,34) 50
	[1,3] 4
G702:
	(13,84) 0
	[1,7] 0
n176:
	(11,22) 62
	[1,2] 5
n177:
	(10,99) 74
	[1,12] 6
n175:
	(223,11) 73
	[27,1] 6
n174+1:
	(113,11) 73
	[16,1] 6
n174:
	(21,21) 63
	[2,2] 5
n173+1:
	(63,11) 89
	[8,1] 8
n173:
	(43,27) 57
	[4,2] 5
G693+1:
	(8,15) 20
	[0,1] 2
G693:
	(19,3) 16
	[1,0] 2
n183+1:
	(23,11) 28
	[2,1] 2
n183:
	(14,3) 25
	[1,0] 2
n182:
	(25,4) 24
	[2,0] 2
G687+1:
	(8,15) 28
	[0,1] 3
G687:
	(19,3) 24
	[1,0] 3
n186+1:
	(23,11) 36
	[2,1] 3
n186:
	(14,3) 33
	[1,0] 3
n185:
	(24,4) 32
	[2,0] 3
G682+1:
	(16,15) 18
	[1,1] 1
G682:
	(19,3) 14
	[1,0] 1
n184:
	(3,13) 31
	[0,1] 2
n187:
	(22,11) 23
	[2,1] 1
G675:
	(7,26) 22
	[0,3] 2
n189:
	(31,3) 26
	[4,0] 2
n188:
	(25,3) 26
	[3,0] 2
G669:
	(7,21) 30
	[0,2] 3
n191:
	(26,3) 34
	[3,0] 3
n190:
	(20,3) 34
	[2,0] 3
G663:
	(7,14) 38
	[0,1] 4
n193:
	(21,3) 42
	[2,0] 4
n148:
	(2,4) 42
	[0,0] 4
n192:
	(13,3) 42
	[1,0] 4
n149:
	(2,3) 30
	[0,0] 3
G657:
	(2,3) 30
	[0,0] 2
G613:
	(6,5) 51
	[0,0] 4
n195:
	(26,3) 54
	[2,0] 4
n194:
	(4,2) 55
	[0,0] 4
G608:
	(6,5) 59
	[0,0] 5
n198:
	(26,3) 62
	[2,0] 5
n197:
	(4,2) 63
	[0,0] 5
G590:
	(13,61) 50
	[1,5] 4
n199:
	(45,36) 66
	[4,3] 5
n201:
	(10,44) 92
	[1,4] 7
n202:
	(26,150) 110
	[2,14] 9
G577:
	(6,5) 58
	[0,0] 5
n205:
	(26,3) 61
	[2,0] 5
n204:
	(4,2) 62
	[0,0] 5
G573:
	(6,5) 66
	[0,0] 6
n207:
	(26,3) 69
	[2,0] 6
n206:
	(4,2) 70
	[0,0] 6
G569:
	(6,5) 74
	[0,0] 7
n209:
	(26,3) 77
	[2,0] 7
n208:
	(4,2) 78
	[0,0] 7
G565:
	(6,5) 82
	[0,0] 8
n211:
	(26,3) 85
	[2,0] 8
n210:
	(4,2) 86
	[0,0] 8
n196:
	(13,2) 57
	[1,0] 4
n212:
	(14,11) 59
	[1,1] 4
G548:
	(13,83) 90
	[1,9] 9
n214:
	(67,38) 106
	[8,3] 10
G541+1:
	(22,63) 115
	[2,7] 11
G541:
	(14,80) 98
	[1,8] 10
n215+1:
	(64,11) 231
	[9,1] 20
n215:
	(126,28) 116
	[10,2] 11
n216:
	(21,34) 144
	[2,5] 13
n217:
	(144,11) 154
	[13,1] 14
G536:
	(13,71) 106
	[1,7] 11
n219:
	(55,36) 122
	[6,3] 12
G531+1:
	(22,51) 131
	[2,5] 13
G531:
	(14,68) 114
	[1,6] 12
n218+1:
	(44,11) 231
	[5,1] 20
n218:
	(113,26) 129
	[9,2] 12
n220:
	(21,24) 158
	[2,3] 15
n221:
	(121,11) 168
	[10,1] 16
G526:
	(13,59) 122
	[1,5] 13
n223:
	(43,34) 138
	[4,3] 14
n222+1:
	(54,74) 104
	[4,6] 8
n222:
	(100,24) 78
	[8,2] 6
n225+1:
	(24,11) 165
	[2,1] 13
n225:
	(23,25) 153
	[2,2] 12
n226:
	(251,11) 165
	[32,1] 13
n224:
	(73,28) 130
	[6,2] 10
n228:
	(34,26) 177
	[3,2] 14
n200:
	(15,12) 96
	[1,1] 8
n231:
	(11,2) 109
	[1,0] 9
G503+1:
	(5,17) 88
	[0,1] 7
G503:
	(21,6) 84
	[1,0] 7
n234:
	(28,3) 102
	[2,0] 8
n233:
	(71,2) 91
	[5,0] 7
n232:
	(16,2) 91
	[1,0] 7
G498+1:
	(5,17) 83
	[0,1] 7
G498:
	(21,6) 79
	[1,0] 7
n240:
	(28,3) 97
	[2,0] 8
n239:
	(71,2) 86
	[5,0] 7
n238:
	(16,2) 86
	[1,0] 7
G494+1:
	(5,17) 83
	[0,1] 7
G494:
	(21,6) 79
	[1,0] 7
n243:
	(28,3) 97
	[2,0] 8
n242:
	(71,2) 86
	[5,0] 7
n236:
	(10,69) 88
	[1,5] 7
n241:
	(16,2) 86
	[1,0] 7
n237:
	(16,14) 88
	[1,1] 7
n235:
	(14,2) 100
	[1,0] 8
G477+1:
	(21,99) 128
	[2,10] 11
G477:
	(4,143) 84
	[0,14] 7
n245:
	(20,87) 140
	[2,9] 12
n246:
	(106,10) 150
	[10,1] 13
n244+1:
	(168,10) 241
	[17,1] 22
n244:
	(193,11) 216
	[19,1] 20
G469:
	(3,77) 84
	[0,7] 7
n248:
	(34,33) 127
	[3,3] 11
G464+1:
	(22,101) 123
	[2,10] 11
G464:
	(4,145) 79
	[0,14] 7
n247+1:
	(150,11) 150
	[15,1] 13
n247:
	(24,23) 137
	[2,2] 12
n249:
	(21,77) 147
	[2,8] 13
n251:
	(85,11) 157
	[8,1] 14
G459:
	(3,66) 79
	[0,6] 7
n252:
	(23,33) 122
	[2,3] 11
n250:
	(22,12) 133
	[2,1] 12
n253:
	(164,11) 144
	[16,1] 13
n255:
	(23,11) 297
	[2,1] 28
G451:
	(8,110) 87
	[0,9] 8
n257:
	(115,4) 91
	[9,0] 8
n256:
	(109,3) 92
	[10,0] 8
G447:
	(7,54) 95
	[0,4] 9
n259:
	(64,2) 100
	[5,0] 9
G441:
	(9,116) 78
	[0,9] 7
n261:
	(119,4) 83
	[9,0] 7
n258:
	(3,52) 99
	[0,4] 9
n260:
	(115,4) 83
	[10,0] 7
G438:
	(3,58) 86
	[0,4] 8
n263:
	(55,46) 89
	[4,4] 8
n143:
	(53,34) 22
	[4,3] 2
n265:
	(33,24) 51
	[3,2] 4
n266:
	(23,20) 64
	[2,2] 5
n268:
	(68,11) 76
	[9,1] 6
n267:
	(19,11) 76
	[2,1] 6
n264:
	(56,28) 47
	[5,2] 4
G427+1:
	(22,93) 96
	[2,11] 8
G427:
	(2,95) 94
	[0,11] 8
n178+1:
	(156,9) 164
	[19,1] 17
n178:
	(73,11) 100
	[8,1] 10
n269:
	(21,81) 108
	[2,10] 9
G424:
	(3,91) 102
	[0,10] 9
n272:
	(77,21) 116
	[9,2] 10
n274:
	(10,135) 127
	[1,15] 11
G416:
	(3,88) 110
	[0,9] 10
n275:
	(74,21) 124
	[8,2] 11
n273:
	(13,2) 180
	[1,0] 18
n271:
	(140,11) 118
	[16,1] 10
G408+1:
	(21,78) 96
	[2,8] 8
G408:
	(2,80) 94
	[0,8] 8
n276:
	(20,66) 108
	[2,7] 9
G405:
	(3,75) 102
	[0,7] 9
n278:
	(62,21) 115
	[6,2] 10
n280:
	(10,81) 126
	[1,7] 11
G397:
	(3,48) 110
	[0,4] 10
n279:
	(12,2) 146
	[1,0] 13
n282:
	(35,47) 123
	[3,4] 11
G392:
	(3,71) 118
	[0,7] 11
n283:
	(57,21) 132
	[6,2] 12
G384+1:
	(22,63) 141
	[2,6] 13
G384:
	(4,78) 126
	[0,7] 12
n285:
	(10,108) 143
	[1,10] 13
n286:
	(21,51) 153
	[2,5] 14
G379+1:
	(34,23) 149
	[3,2] 14
G379:
	(4,38) 134
	[0,3] 13
n284:
	(13,2) 159
	[1,0] 15
n287:
	(33,11) 161
	[3,1] 15
G373:
	(5,68) 130
	[0,7] 13
n291:
	(53,21) 145
	[6,2] 14
G365+1:
	(21,60) 152
	[2,6] 15
G365:
	(4,74) 138
	[0,7] 14
n292+1:
	(90,10) 166
	[9,1] 16
n292:
	(101,11) 155
	[10,1] 15
n293:
	(20,48) 164
	[2,5] 16
n296:
	(53,10) 174
	[5,1] 17
G360:
	(5,35) 146
	[0,3] 15
n294:
	(3,13) 168
	[0,1] 17
n270:
	(10,63) 110
	[1,7] 11
n297:
	(20,31) 161
	[2,3] 16
n295:
	(10,21) 163
	[1,2] 17
n254:
	(10,152) 156
	[1,15] 14
n277:
	(86,10) 118
	[8,1] 10
n281:
	(25,37) 133
	[2,3] 12
n299+1:
	(67,10) 183
	[7,1] 16
n299:
	(91,11) 159
	[9,1] 14
n298:
	(24,25) 145
	[2,2] 13
n169:
	(31,12) 72
	[3,1] 6
n300+1:
	(19,18) 86
	[2,2] 7
n300+2:
	(117,2) 102
	[11,0] 9
n300:
	(21,20) 83
	[2,2] 7
n203+1:
	(52,24) 167
	[5,2] 15
n203+2:
	(61,24) 158
	[6,2] 14
n203:
	(114,25) 105
	[11,2] 9
n305:
	(20,23) 199
	[2,2] 18
n304:
	(20,23) 199
	[2,2] 18
n303:
	(20,23) 199
	[2,2] 18
n302:
	(20,23) 199
	[2,2] 18
n301:
	(31,38) 188
	[3,3] 17
n306+1:
	(19,13) 213
	[2,1] 19
n306+2:
	(19,13) 213
	[2,1] 19
n306:
	(27,20) 199
	[2,2] 18
G321:
	(8,49) 154
	[0,5] 16
n308:
	(66,4) 158
	[7,0] 16
n307:
	(48,3) 159
	[5,0] 16
G315:
	(8,44) 162
	[0,4] 17
n312:
	(61,4) 166
	[6,0] 17
n311:
	(43,3) 167
	[4,0] 17
G309:
	(8,39) 170
	[0,3] 18
n314:
	(56,4) 174
	[5,0] 18
n313:
	(38,3) 175
	[3,0] 18
G303:
	(7,16) 178
	[0,1] 19
n316:
	(51,4) 181
	[4,0] 19
n309:
	(3,26) 198
	[0,2] 21
n315:
	(15,2) 183
	[1,0] 19
n310:
	(2,13) 185
	[0,1] 19
n317:
	(23,11) 187
	[2,1] 19
n288:
	(113,11) 161
	[11,1] 15
n289:
	(10,56) 162
	[1,5] 15
G260:
	(13,93) 179
	[1,10] 15
n319:
	(77,21) 195
	[9,2] 16
G252+1:
	(21,73) 204
	[2,8] 17
G252:
	(14,90) 187
	[1,9] 16
n320+1:
	(116,10) 248
	[13,1] 20
n320:
	(159,11) 205
	[16,1] 17
n321:
	(20,61) 216
	[2,7] 18
n323:
	(98,10) 226
	[9,1] 19
G247:
	(13,68) 195
	[1,5] 17
n324:
	(52,26) 211
	[4,2] 18
G242+1:
	(22,68) 220
	[2,7] 19
G242:
	(14,85) 203
	[1,8] 18
n322+1:
	(98,11) 252
	[11,1] 21
n322:
	(42,16) 221
	[3,1] 19
n325:
	(21,51) 237
	[2,6] 20
n327:
	(77,11) 247
	[7,1] 21
G237:
	(13,57) 211
	[1,4] 19
n328:
	(41,26) 227
	[3,2] 20
n326:
	(15,30) 233
	[1,2] 20
G328BF:
	(6,14) 186
	[0,1] 19
n331:
	(13,2) 190
	[1,0] 19
G332BF:
	(12,11) 192
	[1,1] 19
n333:
	(25,2) 202
	[2,0] 20
n332:
	(10,9) 195
	[1,1] 19
n334+1:
	(12,2) 234
	[1,0] 23
n334+2:
	(31,25) 215
	[3,2] 21
n334:
	(44,3) 202
	[4,0] 20
n330:
	(14,3) 189
	[2,0] 19
n329+1:
	(74,11) 216
	[9,1] 21
n329+2:
	(54,11) 216
	[5,1] 21
n329:
	(23,55) 204
	[2,5] 20
n318:
	(15,12) 248
	[1,1] 21
n335:
	(11,2) 261
	[1,0] 22
n230:
	(13,12) 99
	[1,1] 8
n213:
	(42,2) 13
	[4,0] 1
n262+1:
	(39,24) 40
	[4,2] 3
n262+2:
	(44,24) 40
	[4,2] 3
n262:
	(49,40) 15
	[4,4] 1
n339:
	(34,24) 60
	[3,2] 5
n340+1:
	(19,14) 80
	[2,1] 7
n340:
	(24,14) 70
	[2,1] 6
n338:
	(23,19) 65
	[2,2] 5
n337:
	(23,19) 60
	[2,2] 5
n336:
	(23,19) 60
	[2,2] 5
G218:
	(3,45) 121
	[0,4] 12
n341:
	(42,37) 124
	[4,3] 12
G214:
	(3,35) 100
	[0,3] 9
n342:
	(32,37) 103
	[3,3] 9
n343:
	(10,61) 130
	[1,6] 11
G208:
	(3,23) 100
	[0,2] 9
n347:
	(20,33) 103
	[2,3] 9
G198:
	(3,36) 103
	[0,3] 9
n348:
	(33,34) 106
	[3,3] 9
G193+1:
	(24,47) 113
	[2,4] 10
G193:
	(2,49) 111
	[0,4] 10
n229+1:
	(41,11) 128
	[5,1] 11
n229:
	(23,24) 116
	[2,2] 10
n349:
	(34,22) 138
	[3,2] 12
n362:
	(21,24) 148
	[2,2] 13
G189:
	(3,23) 119
	[0,2] 11
n365:
	(20,32) 122
	[2,3] 11
n355:
	(23,11) 128
	[2,1] 11
n379:
	(73,11) 140
	[8,1] 12
n181:
	(26,31) 69
	[2,3] 6
n344:
	(25,21) 79
	[2,2] 7
n290:
	(10,23) 90
	[1,2] 8
G175:
	(3,13) 95
	[0,1] 8
G166:
	(3,70) 98
	[0,9] 8
n380:
	(67,23) 101
	[9,2] 8
n179:
	(12,206) 90
	[1,25] 8
n381:
	(10,66) 114
	[1,9] 9
G159+1:
	(22,63) 108
	[2,8] 9
G159:
	(2,65) 106
	[0,8] 9
n227:
	(10,194) 102
	[1,24] 9
n382:
	(21,51) 120
	[2,7] 10
G154+1:
	(21,58) 116
	[2,7] 10
G154:
	(2,60) 114
	[0,7] 10
n383+1:
	(86,10) 187
	[11,1] 17
n383:
	(143,11) 130
	[17,1] 11
n384:
	(20,46) 128
	[2,6] 11
n386:
	(97,10) 138
	[11,1] 12
G149:
	(3,55) 122
	[0,6] 11
n387:
	(52,21) 125
	[6,2] 11
G144+1:
	(35,33) 132
	[3,3] 12
G144:
	(2,35) 130
	[0,3] 12
n385+1:
	(44,10) 147
	[5,1] 13
n385:
	(56,11) 135
	[6,1] 12
n388:
	(34,21) 144
	[3,2] 13
n390:
	(20,24) 154
	[2,2] 14
G140:
	(3,23) 138
	[0,2] 13
n391:
	(20,32) 141
	[2,3] 13
n389:
	(11,23) 150
	[1,2] 14
n392:
	(113,11) 162
	[16,1] 15
G129:
	(3,53) 146
	[0,8] 14
n393:
	(50,22) 149
	[8,2] 14
G125:
	(3,46) 154
	[0,7] 15
n394:
	(43,21) 157
	[7,2] 15
n180:
	(11,74) 112
	[1,9] 13
n395:
	(9,42) 169
	[1,7] 16
G118+1:
	(45,39) 164
	[4,4] 16
G118:
	(2,41) 162
	[0,4] 16
n396:
	(65,10) 121
	[8,1] 14
n397:
	(44,28) 175
	[4,3] 17
G113+1:
	(29,58) 172
	[3,6] 17
G113:
	(2,60) 170
	[0,6] 17
n398+1:
	(33,11) 175
	[5,1] 20
n398:
	(37,34) 149
	[3,3] 18
n399:
	(28,23) 207
	[4,3] 20
n400:
	(35,18) 217
	[3,3] 21
G109:
	(3,37) 178
	[0,3] 18
n401:
	(34,42) 181
	[3,4] 18
n157:
	(42,25) 128
	[3,2] 11
n403:
	(52,26) 144
	[4,2] 12
n404:
	(77,26) 170
	[8,2] 14
n406:
	(25,61) 186
	[2,7] 15
n407:
	(98,15) 196
	[9,1] 16
n405:
	(40,15) 232
	[3,1] 21
n167:
	(14,14) 258
	[1,1] 20
n410:
	(73,11) 261
	[8,1] 20
n409:
	(13,2) 270
	[1,0] 21
n408:
	(83,25) 211
	[8,2] 17
n412+1:
	(86,24) 239
	[8,2] 19
n412:
	(36,67) 227
	[3,7] 18
n415:
	(66,11) 252
	[7,1] 20
n414+1:
	(59,11) 277
	[6,1] 22
n414:
	(23,60) 265
	[2,6] 21
n413+1:
	(63,11) 325
	[6,1] 27
n413:
	(36,25) 300
	[3,2] 25
n165:
	(24,24) 250
	[2,2] 18
n419:
	(14,14) 260
	[1,1] 19
n421:
	(58,11) 263
	[5,1] 19
n420:
	(13,2) 272
	[1,0] 20
n163:
	(15,25) 259
	[1,2] 19
n416:
	(14,14) 270
	[1,1] 20
n423:
	(63,11) 273
	[6,1] 20
n422:
	(13,2) 282
	[1,0] 21
n168:
	(24,15) 259
	[2,1] 19
n424:
	(14,14) 269
	[1,1] 20
n417:
	(13,2) 281
	[1,0] 21
n418:
	(68,11) 272
	[7,1] 20
n166:
	(24,24) 172
	[2,2] 14
n402:
	(24,15) 155
	[2,1] 13
n425:
	(14,14) 165
	[1,1] 14
n427:
	(78,11) 168
	[9,1] 14
n411+1:
	(12,24) 222
	[1,2] 21
n411:
	(13,38) 208
	[1,3] 20
n145+1:
	(15,12) 55
	[1,1] 5
n145:
	(22,13) 45
	[2,1] 4
n429:
	(11,2) 68
	[1,0] 6
n428:
	(20,12) 58
	[2,1] 5
n144+1:
	(14,14) 55
	[1,1] 5
n144:
	(24,13) 45
	[2,1] 4
n431:
	(13,2) 67
	[1,0] 6
n430:
	(82,11) 58
	[7,1] 5
n426:
	(13,2) 177
	[1,0] 15
n75:
	(10,21) 25
	[1,2] 2
n76:
	(35,54) 100
	[3,4] 9
n77:
	(14,4) 167
	[1,0] 17
n78:
	(64,11) 134
	[7,1] 12
n79:
	(153,11) 163
	[15,1] 15
n80:
	(27,114) 128
	[2,9] 12
n81:
	(25,101) 77
	[2,8] 6
n82:
	(25,24) 187
	[2,2] 15
n83:
	(24,11) 89
	[2,1] 8
n84:
	(3,14) 158
	[0,1] 15
n85:
	(109,11) 193
	[10,1] 18
n86:
	(57,11) 161
	[5,1] 15
n87:
	(195,11) 101
	[24,1] 9
n88:
	(10,11) 40
	[1,1] 3
n89:
	(10,11) 38
	[1,1] 3
n90:
	(13,16) 162
	[1,1] 17
n91:
	(13,16) 261
	[1,1] 24
n92:
	(25,25) 171
	[2,2] 14
n93:
	(16,25) 258
	[1,2] 19
n94:
	(26,16) 372
	[2,1] 32
n95:
	(14,23) 44
	[1,2] 4
n96:
	(14,25) 44
	[1,2] 4
n97:
	(3,15) 99
	[0,1] 8
tempn98:
	(13,32) 71
	[1,3] 6
n100:
	(10,26) 31
	[1,4] 2
n101:
	(10,21) 30
	[1,3] 2
n102:
	(10,16) 38
	[1,2] 3
n103:
	(14,4) 30
	[1,0] 2
n104:
	(10,11) 34
	[1,1] 2
n105:
	(26,115) 104
	[2,11] 9
n106:
	(10,39) 207
	[1,6] 17
n107:
	(10,34) 209
	[1,5] 19
n108:
	(10,29) 209
	[1,4] 19
n109:
	(10,24) 209
	[1,3] 19
n110:
	(10,19) 209
	[1,2] 19
n111:
	(3,43) 12
	[0,4] 1
n112:
	(53,4) 98
	[4,0] 9
n113:
	(10,77) 223
	[1,8] 20
n114:
	(10,72) 135
	[1,7] 12
n115:
	(10,62) 102
	[1,5] 9
n116:
	(10,71) 69
	[1,6] 6
n117:
	(10,66) 92
	[1,5] 7
n118:
	(80,9) 120
	[10,1] 10
n119:
	(10,76) 127
	[1,9] 11
n120:
	(10,61) 126
	[1,6] 11
n121:
	(10,56) 143
	[1,6] 13
n122:
	(10,39) 185
	[1,5] 18
n123:
	(10,34) 173
	[1,4] 17
n124:
	(10,29) 181
	[1,3] 18
n125:
	(10,24) 189
	[1,2] 19
n126:
	(10,56) 280
	[1,6] 22
n127:
	(10,51) 267
	[1,6] 20
n128:
	(10,46) 243
	[1,5] 21
n129:
	(10,41) 111
	[1,5] 11
n130:
	(35,9) 91
	[4,1] 8
n131:
	(10,31) 138
	[1,4] 12
n132:
	(25,9) 160
	[3,1] 14
n133:
	(10,21) 98
	[1,2] 8
n134:
	(10,56) 88
	[1,8] 7
n135:
	(10,38) 148
	[1,7] 15
n136:
	(10,23) 185
	[1,4] 21
n137:
	(17,9) 199
	[3,1] 23
n138:
	(2,2) 37
	[0,0] 3
G701BF:
	(2,2) 0
	[0,0] 0
n141:
	(2,2) 201
	[0,0] 15
n142:
	(2,2) 172
	[0,0] 13
n139:
	(2,2) 44
	[0,0] 4
n99:
	(11,10) 4
	[1,1] 0
not+se1:
	(2,2) 20
	[0,0] 2
G729+1:
	(3,17) 5
	[0,1] 1
G729+2:
	(2,21) 6
	[0,2] 1
G729+3:
	(6,18) 2
	[0,1] 1
G729:
	(8,20) 0
	[1,2] 0
not+se2:
	(2,2) 28
	[0,0] 3
n539+1:
	(3,17) 13
	[0,1] 2
n539+2:
	(2,16) 14
	[0,2] 2
n539+3:
	(6,17) 10
	[0,1] 2
n539:
	(8,19) 8
	[1,2] 1
n363:
	(20,9) 26
	[2,1] 2
not+se3:
	(2,2) 43
	[0,0] 4
G726+1:
	(3,40) 5
	[0,3] 1
G726+2:
	(2,11) 6
	[0,1] 1
G726+3:
	(6,12) 2
	[0,1] 1
G726:
	(8,14) 0
	[1,2] 0
not+se4:
	(2,2) 17
	[0,0] 2
n538+1:
	(3,6) 13
	[0,0] 2
n538+2:
	(2,11) 14
	[0,1] 2
n538+3:
	(6,7) 10
	[0,0] 2
n538:
	(8,9) 8
	[1,1] 1
n465:
	(10,9) 41
	[1,1] 3
not+se5:
	(2,2) 25
	[0,0] 3
n537+1:
	(3,6) 21
	[0,0] 3
n537+2:
	(2,11) 22
	[0,1] 3
n537+3:
	(6,7) 18
	[0,0] 3
n537:
	(8,9) 16
	[1,1] 2
n458:
	(10,9) 39
	[1,1] 3
not+se6:
	(2,2) 15
	[0,0] 1
n536+1:
	(3,6) 11
	[0,0] 1
n536+2:
	(2,26) 12
	[0,4] 1
n536+3:
	(6,7) 8
	[0,0] 1
n536:
	(8,9) 6
	[1,1] 0
n378:
	(10,9) 5
	[1,1] 0
not+se7:
	(2,2) 46
	[0,0] 5
n535+1:
	(3,29) 19
	[0,3] 2
n535+2:
	(2,21) 20
	[0,3] 2
n535+3:
	(6,22) 16
	[0,3] 2
n535:
	(8,24) 14
	[1,4] 1
n360:
	(25,9) 24
	[4,1] 2
not+se8:
	(2,2) 49
	[0,0] 5
n534+1:
	(3,24) 27
	[0,2] 3
n534+2:
	(2,16) 28
	[0,2] 3
n534+3:
	(6,17) 24
	[0,2] 3
n534:
	(8,19) 22
	[1,3] 2
n433:
	(20,9) 31
	[3,1] 2
not+se9:
	(2,2) 50
	[0,0] 5
n533+1:
	(3,17) 35
	[0,1] 4
n533+2:
	(2,11) 36
	[0,1] 4
n533+3:
	(6,12) 32
	[0,1] 4
n533:
	(8,14) 30
	[1,2] 3
n434:
	(15,9) 39
	[2,1] 3
not+se10:
	(2,2) 44
	[0,0] 3
n532+1:
	(3,6) 40
	[0,0] 3
n532+2:
	(2,13) 41
	[0,1] 3
n532+3:
	(6,7) 37
	[0,0] 3
n532:
	(8,9) 35
	[1,1] 2
n432:
	(10,9) 34
	[1,1] 2
not+se11:
	(2,2) 54
	[0,0] 4
n531+1:
	(3,8) 48
	[0,0] 4
n531+2:
	(2,13) 49
	[0,1] 4
n531+3:
	(6,9) 45
	[0,0] 4
n531:
	(8,11) 43
	[1,1] 3
n370:
	(12,9) 58
	[1,1] 5
not+se12:
	(2,2) 62
	[0,0] 5
n530+1:
	(3,8) 56
	[0,0] 5
n530+2:
	(2,18) 57
	[0,2] 5
n530+3:
	(6,9) 53
	[0,0] 5
n530:
	(8,11) 51
	[1,1] 4
n371:
	(12,9) 60
	[1,1] 5
not+se13:
	(2,2) 109
	[0,0] 9
n529+1:
	(3,64) 47
	[0,5] 4
n529+2:
	(2,13) 48
	[0,1] 4
n529+3:
	(6,14) 44
	[0,1] 4
n529:
	(8,16) 42
	[1,2] 3
n345:
	(17,9) 41
	[2,1] 3
not+se14:
	(2,2) 61
	[0,0] 5
n528+1:
	(3,8) 55
	[0,0] 5
n528+2:
	(2,13) 56
	[0,1] 5
n528+3:
	(6,9) 52
	[0,0] 5
n528:
	(8,11) 50
	[1,1] 4
n444:
	(12,9) 75
	[1,1] 6
not+se15:
	(2,2) 69
	[0,0] 6
n527+1:
	(3,8) 63
	[0,0] 6
n527+2:
	(2,13) 64
	[0,1] 6
n527+3:
	(6,9) 60
	[0,0] 6
n527:
	(8,11) 58
	[1,1] 5
n445:
	(12,9) 83
	[1,1] 7
not+se16:
	(2,2) 77
	[0,0] 7
n526+1:
	(3,8) 71
	[0,0] 7
n526+2:
	(2,13) 72
	[0,1] 7
n526+3:
	(6,9) 68
	[0,0] 7
n526:
	(8,11) 66
	[1,1] 6
n446:
	(12,9) 91
	[1,1] 8
not+se17:
	(2,2) 85
	[0,0] 8
n525+1:
	(3,8) 79
	[0,0] 8
n525+2:
	(2,39) 80
	[0,6] 8
n525+3:
	(6,9) 76
	[0,0] 8
n525:
	(8,11) 74
	[1,1] 7
n447:
	(12,9) 99
	[1,1] 9
not+se18:
	(2,2) 171
	[0,0] 18
n524+1:
	(3,86) 87
	[0,9] 9
n524+2:
	(2,34) 88
	[0,5] 9
n524+3:
	(6,35) 84
	[0,5] 9
n524:
	(8,37) 82
	[1,6] 8
n472:
	(38,9) 135
	[6,1] 12
not+se19:
	(2,2) 176
	[0,0] 18
n523+1:
	(3,83) 95
	[0,8] 10
n523+2:
	(2,29) 96
	[0,4] 10
n523+3:
	(6,30) 92
	[0,4] 10
n523:
	(8,32) 90
	[1,5] 9
n369:
	(33,9) 156
	[5,1] 14
not+se20:
	(2,2) 175
	[0,0] 18
n522+1:
	(3,74) 103
	[0,7] 11
n522+2:
	(2,24) 104
	[0,3] 11
n522+3:
	(6,25) 100
	[0,3] 11
n522:
	(8,27) 98
	[1,4] 10
n471:
	(28,9) 149
	[4,1] 14
not+se21:
	(2,2) 180
	[0,0] 18
n521+1:
	(3,71) 111
	[0,6] 12
n521+2:
	(2,19) 112
	[0,2] 12
n521+3:
	(6,20) 108
	[0,2] 12
n521:
	(8,22) 106
	[1,3] 11
n356:
	(23,9) 170
	[3,1] 16
not+se22:
	(2,2) 179
	[0,0] 18
n520+1:
	(3,62) 119
	[0,5] 13
n520+2:
	(2,14) 120
	[0,1] 13
n520+3:
	(6,15) 116
	[0,1] 13
n520:
	(8,17) 114
	[1,2] 12
n346:
	(18,9) 163
	[2,1] 16
not+se23:
	(2,2) 88
	[0,0] 7
n519+1:
	(3,9) 81
	[0,0] 7
n519+2:
	(2,14) 82
	[0,1] 7
n519+3:
	(6,10) 78
	[0,0] 7
n519:
	(8,12) 76
	[1,1] 6
n452:
	(13,9) 75
	[1,1] 6
not+se24:
	(2,2) 83
	[0,0] 7
n518+1:
	(3,9) 76
	[0,0] 7
n518+2:
	(2,14) 77
	[0,1] 7
n518+3:
	(6,10) 73
	[0,0] 7
n518:
	(8,12) 71
	[1,1] 6
n451:
	(13,9) 70
	[1,1] 6
not+se25:
	(2,2) 83
	[0,0] 7
n517+1:
	(3,9) 76
	[0,0] 7
n517+2:
	(2,87) 77
	[0,9] 7
n517+3:
	(6,10) 73
	[0,0] 7
n517:
	(8,12) 71
	[1,1] 6
n450:
	(13,9) 70
	[1,1] 6
not+se26:
	(2,2) 225
	[0,0] 21
n516+1:
	(3,146) 81
	[0,14] 7
n516+2:
	(2,82) 82
	[0,8] 7
n516+3:
	(6,83) 78
	[0,8] 7
n516:
	(8,85) 76
	[1,9] 6
n372:
	(86,9) 75
	[9,1] 6
not+se27:
	(2,2) 159
	[0,0] 14
n515+1:
	(3,80) 81
	[0,7] 7
n515+2:
	(2,77) 82
	[0,8] 7
n515+3:
	(6,78) 78
	[0,7] 7
n515:
	(8,80) 76
	[1,8] 6
n351:
	(81,9) 75
	[8,1] 6
not+se28:
	(2,2) 222
	[0,0] 21
n514+1:
	(3,148) 76
	[0,14] 7
n514+2:
	(2,72) 77
	[0,7] 7
n514+3:
	(6,73) 73
	[0,7] 7
n514:
	(8,75) 71
	[1,8] 6
n358:
	(76,9) 70
	[8,1] 6
not+se29:
	(2,2) 143
	[0,0] 13
n513+1:
	(3,69) 76
	[0,6] 7
n513+2:
	(2,67) 77
	[0,6] 7
n513+3:
	(6,68) 73
	[0,6] 7
n513:
	(8,70) 71
	[1,7] 6
n352:
	(71,9) 70
	[7,1] 6
not+se30:
	(2,2) 195
	[0,0] 17
n512+1:
	(3,113) 84
	[0,9] 8
n512+2:
	(2,62) 85
	[0,5] 8
n512+3:
	(6,63) 81
	[0,5] 8
n512:
	(8,65) 79
	[1,6] 7
n366:
	(66,9) 96
	[6,1] 8
not+se31:
	(2,2) 147
	[0,0] 13
n511+1:
	(3,57) 92
	[0,4] 9
n511+2:
	(2,71) 93
	[0,6] 9
n511+3:
	(6,58) 89
	[0,4] 9
n511:
	(8,60) 87
	[1,5] 8
n435:
	(61,9) 103
	[5,1] 9
not+se32:
	(2,2) 192
	[0,0] 16
n510+1:
	(3,119) 75
	[0,9] 7
n510+2:
	(2,66) 76
	[0,5] 7
n510+3:
	(6,67) 72
	[0,5] 7
n510:
	(8,69) 70
	[1,6] 6
n473:
	(70,9) 69
	[6,1] 6
not+se33:
	(2,2) 142
	[0,0] 12
n509+1:
	(3,61) 83
	[0,4] 8
n509+2:
	(2,81) 84
	[0,10] 8
n509+3:
	(6,62) 80
	[0,4] 8
n509:
	(8,64) 78
	[1,5] 7
n350:
	(65,9) 92
	[5,1] 7
not+se34:
	(2,2) 187
	[0,0] 19
n436+1:
	(3,98) 91
	[0,11] 8
n436+2:
	(2,76) 92
	[0,9] 8
n436+3:
	(6,77) 88
	[0,9] 8
n436:
	(8,79) 86
	[1,10] 7
not+se35:
	(2,2) 191
	[0,0] 19
n508+1:
	(3,94) 99
	[0,10] 9
n508+2:
	(2,71) 100
	[0,8] 9
n508+3:
	(6,72) 96
	[0,8] 9
n508:
	(8,74) 94
	[1,9] 8
n437:
	(75,9) 128
	[9,1] 11
not+se36:
	(2,2) 196
	[0,0] 19
n507+1:
	(3,91) 107
	[0,9] 10
n507+2:
	(2,66) 108
	[0,7] 10
n507+3:
	(6,67) 104
	[0,7] 10
n507:
	(8,69) 102
	[1,8] 9
n438:
	(70,9) 136
	[8,1] 12
not+se37:
	(2,2) 172
	[0,0] 16
n506+1:
	(3,83) 91
	[0,8] 8
n506+2:
	(2,61) 92
	[0,6] 8
n506+3:
	(6,62) 88
	[0,6] 8
n506:
	(8,64) 86
	[1,7] 7
n361:
	(65,9) 85
	[7,1] 7
not+se38:
	(2,2) 175
	[0,0] 16
n505+1:
	(3,78) 99
	[0,7] 9
n505+2:
	(2,56) 100
	[0,5] 9
n505+3:
	(6,57) 96
	[0,5] 9
n505:
	(8,59) 94
	[1,6] 8
n443:
	(60,9) 127
	[6,1] 11
not+se39:
	(2,2) 156
	[0,0] 14
n504+1:
	(3,51) 107
	[0,4] 10
n504+2:
	(2,56) 108
	[0,6] 10
n504+3:
	(6,52) 104
	[0,4] 10
n504:
	(8,54) 102
	[1,5] 9
n439:
	(55,9) 149
	[5,1] 13
not+se40:
	(2,2) 187
	[0,0] 18
n503+1:
	(3,74) 115
	[0,7] 11
n503+2:
	(2,51) 116
	[0,5] 11
n503+3:
	(6,52) 112
	[0,5] 11
n503:
	(8,54) 110
	[1,6] 10
n448:
	(55,9) 144
	[6,1] 13
not+se41:
	(2,2) 202
	[0,0] 19
n502+1:
	(3,81) 123
	[0,7] 12
n502+2:
	(2,46) 124
	[0,4] 12
n502+3:
	(6,47) 120
	[0,4] 12
n502:
	(8,49) 118
	[1,5] 11
n440:
	(50,9) 165
	[5,1] 15
not+se42:
	(2,2) 170
	[0,0] 16
n501+1:
	(3,41) 131
	[0,3] 13
n501+2:
	(2,53) 132
	[0,6] 13
n501+3:
	(6,42) 128
	[0,3] 13
n501:
	(8,44) 126
	[1,4] 12
n449:
	(45,9) 173
	[4,1] 16
not+se43:
	(2,2) 196
	[0,0] 20
n500+1:
	(3,71) 127
	[0,7] 13
n500+2:
	(2,48) 128
	[0,5] 13
n500+3:
	(6,49) 124
	[0,5] 13
n500:
	(8,51) 122
	[1,6] 12
n442:
	(52,9) 121
	[6,1] 12
not+se44:
	(2,2) 210
	[0,0] 21
n499+1:
	(3,77) 135
	[0,7] 14
n499+2:
	(2,43) 136
	[0,4] 14
n499+3:
	(6,44) 132
	[0,4] 14
n499:
	(8,46) 130
	[1,5] 13
n373:
	(47,9) 175
	[5,1] 17
not+se45:
	(2,2) 179
	[0,0] 18
n498+1:
	(3,38) 143
	[0,3] 15
n498+2:
	(2,39) 144
	[0,5] 15
n498+3:
	(6,39) 140
	[0,3] 15
n498:
	(8,41) 138
	[1,4] 14
n441:
	(42,9) 172
	[4,1] 17
not+se46:
	(2,2) 201
	[0,0] 21
n497+1:
	(3,52) 151
	[0,5] 16
n497+2:
	(2,34) 152
	[0,4] 16
n497+3:
	(6,35) 148
	[0,4] 16
n497:
	(8,37) 146
	[1,5] 15
n456:
	(38,9) 186
	[5,1] 18
not+se47:
	(2,2) 204
	[0,0] 21
n496+1:
	(3,47) 159
	[0,4] 17
n496+2:
	(2,29) 160
	[0,3] 17
n496+3:
	(6,30) 156
	[0,3] 17
n496:
	(8,32) 154
	[1,4] 16
n455:
	(33,9) 174
	[4,1] 17
not+se48:
	(2,2) 207
	[0,0] 21
n495+1:
	(3,42) 167
	[0,3] 18
n495+2:
	(2,24) 168
	[0,2] 18
n495+3:
	(6,25) 164
	[0,2] 18
n495:
	(8,27) 162
	[1,3] 17
n454:
	(28,9) 182
	[3,1] 18
not+se49:
	(2,2) 192
	[0,0] 20
n494+1:
	(3,19) 175
	[0,1] 19
n494+2:
	(2,66) 176
	[0,8] 19
n494+3:
	(6,20) 172
	[0,1] 19
n494:
	(8,22) 170
	[1,2] 18
n453:
	(23,9) 190
	[2,1] 19
not+se50:
	(2,2) 270
	[0,0] 25
n493+1:
	(3,96) 176
	[0,10] 15
n493+2:
	(2,61) 177
	[0,7] 15
n493+3:
	(6,62) 173
	[0,7] 15
n493:
	(8,64) 171
	[1,8] 14
n357:
	(65,9) 170
	[8,1] 14
not+se51:
	(2,2) 275
	[0,0] 25
n492+1:
	(3,93) 184
	[0,9] 16
n492+2:
	(2,56) 185
	[0,6] 16
n492+3:
	(6,57) 181
	[0,6] 16
n492:
	(8,59) 179
	[1,7] 15
n354:
	(60,9) 202
	[7,1] 16
not+se52:
	(2,2) 261
	[0,0] 22
n491+1:
	(3,71) 192
	[0,5] 17
n491+2:
	(2,51) 193
	[0,6] 17
n491+3:
	(6,52) 189
	[0,5] 17
n491:
	(8,54) 187
	[1,6] 16
n470:
	(55,9) 228
	[6,1] 19
not+se53:
	(2,2) 286
	[0,0] 26
n490+1:
	(3,88) 200
	[0,8] 18
n490+2:
	(2,46) 201
	[0,5] 18
n490+3:
	(6,47) 197
	[0,5] 18
n490:
	(8,49) 195
	[1,6] 17
n353:
	(50,9) 249
	[6,1] 20
not+se54:
	(2,2) 266
	[0,0] 23
n489+1:
	(3,60) 208
	[0,4] 19
n489+2:
	(2,41) 209
	[0,5] 19
n489+3:
	(6,42) 205
	[0,4] 19
n489:
	(8,44) 203
	[1,5] 18
n469:
	(45,9) 244
	[5,1] 19
not+se55:
	(2,2) 164
	[0,0] 16
n488+1:
	(3,48) 118
	[0,4] 12
n488+2:
	(2,36) 119
	[0,4] 12
n488+3:
	(6,37) 115
	[0,4] 12
n488:
	(8,39) 113
	[1,5] 11
n459:
	(40,9) 112
	[5,1] 11
not+se56:
	(2,2) 133
	[0,0] 12
n460+1:
	(3,38) 97
	[0,3] 9
n460+2:
	(2,31) 98
	[0,3] 9
n460+3:
	(6,32) 94
	[0,3] 9
n460:
	(8,34) 92
	[1,4] 8
not+se57:
	(2,2) 121
	[0,0] 11
n487+1:
	(3,26) 97
	[0,2] 9
n487+2:
	(2,36) 98
	[0,4] 9
n487+3:
	(6,27) 94
	[0,2] 9
n487:
	(8,29) 92
	[1,3] 8
n461:
	(30,9) 91
	[3,1] 8
not+se58:
	(2,2) 137
	[0,0] 12
n486+1:
	(3,39) 100
	[0,3] 9
n486+2:
	(2,31) 101
	[0,4] 9
n486+3:
	(6,32) 97
	[0,3] 9
n486:
	(8,34) 95
	[1,4] 8
n364:
	(35,9) 94
	[4,1] 8
not+se59:
	(2,2) 158
	[0,0] 14
n485+1:
	(3,52) 108
	[0,4] 10
n485+2:
	(2,26) 109
	[0,3] 10
n485+3:
	(6,27) 105
	[0,3] 10
n485:
	(8,29) 103
	[1,4] 9
n374:
	(30,9) 139
	[4,1] 12
not+se60:
	(2,2) 140
	[0,0] 13
n457+1:
	(3,26) 116
	[0,2] 11
n457+2:
	(2,21) 117
	[0,2] 11
n457+3:
	(6,22) 113
	[0,2] 11
n457:
	(8,24) 111
	[1,3] 10
not+se61:
	(2,2) 106
	[0,0] 9
n484+1:
	(3,16) 92
	[0,1] 8
n484+2:
	(2,56) 93
	[0,8] 8
n484+3:
	(6,17) 89
	[0,1] 8
n484:
	(8,19) 87
	[1,2] 7
n462:
	(20,9) 86
	[2,1] 7
not+se62:
	(2,2) 166
	[0,0] 17
n483+1:
	(3,73) 95
	[0,9] 8
n483+2:
	(2,51) 96
	[0,7] 8
n483+3:
	(6,52) 92
	[0,7] 8
n483:
	(8,54) 90
	[1,8] 7
n359:
	(55,9) 89
	[8,1] 7
not+se63:
	(2,2) 169
	[0,0] 17
n482+1:
	(3,68) 103
	[0,8] 9
n482+2:
	(2,46) 104
	[0,6] 9
n482+3:
	(6,47) 100
	[0,6] 9
n482:
	(8,49) 98
	[1,7] 8
n367:
	(50,9) 132
	[7,1] 11
not+se64:
	(2,2) 172
	[0,0] 17
n481+1:
	(3,63) 111
	[0,7] 10
n481+2:
	(2,41) 112
	[0,5] 10
n481+3:
	(6,42) 108
	[0,5] 10
n481:
	(8,44) 106
	[1,6] 9
n375:
	(45,9) 139
	[6,1] 12
not+se65:
	(2,2) 175
	[0,0] 17
n480+1:
	(3,58) 119
	[0,6] 11
n480+2:
	(2,36) 120
	[0,4] 11
n480+3:
	(6,37) 116
	[0,4] 11
n480:
	(8,39) 114
	[1,5] 10
n463:
	(40,9) 137
	[5,1] 12
not+se66:
	(2,2) 163
	[0,0] 15
n479+1:
	(3,38) 127
	[0,3] 12
n479+2:
	(2,31) 128
	[0,3] 12
n479+3:
	(6,32) 124
	[0,3] 12
n479:
	(8,34) 122
	[1,4] 11
n376:
	(35,9) 156
	[4,1] 14
not+se67:
	(2,2) 159
	[0,0] 15
n464+1:
	(3,26) 135
	[0,2] 13
n464+2:
	(2,38) 136
	[0,7] 13
n464+3:
	(6,27) 132
	[0,2] 13
n464:
	(8,29) 130
	[1,3] 12
not+se68:
	(2,2) 197
	[0,0] 22
n478+1:
	(3,56) 143
	[0,8] 14
n478+2:
	(2,33) 144
	[0,6] 14
n478+3:
	(6,34) 140
	[0,6] 14
n478:
	(8,36) 138
	[1,7] 13
n466:
	(37,9) 149
	[7,1] 15
not+se69:
	(2,2) 198
	[0,0] 22
n467+1:
	(3,49) 151
	[0,7] 15
n467+2:
	(2,28) 152
	[0,5] 15
n467+3:
	(6,29) 148
	[0,5] 15
n467:
	(8,31) 146
	[1,6] 14
not+se70:
	(2,2) 201
	[0,0] 20
n477+1:
	(3,44) 159
	[0,4] 16
n477+2:
	(2,23) 160
	[0,4] 16
n477+3:
	(6,24) 156
	[0,4] 16
n477:
	(8,26) 154
	[1,5] 15
n368:
	(27,9) 159
	[5,1] 17
not+se71:
	(2,2) 228
	[0,0] 23
n476+1:
	(3,63) 167
	[0,6] 17
n476+2:
	(2,18) 168
	[0,3] 17
n476+3:
	(6,19) 164
	[0,3] 17
n476:
	(8,21) 162
	[1,4] 16
n377:
	(22,9) 186
	[4,1] 21
not+se72:
	(2,2) 213
	[0,0] 21
n468+1:
	(3,40) 175
	[0,3] 18
n468+2:
	(2,13) 176
	[0,2] 18
n468+3:
	(6,14) 172
	[0,2] 18
n468:
	(8,16) 170
	[1,3] 17
not+se73:
	(2,2) 198
	[0,0] 20
G23+1:
	(3,17) 183
	[0,1] 19
G23+2:
	(2,8) 184
	[0,1] 19
G23+3:
	(6,9) 180
	[0,1] 19
G23:
	(8,11) 178
	[1,2] 18
not+se74:
	(2,2) 203
	[0,0] 21
G22+1:
	(3,14) 191
	[0,1] 20
G22+2:
	(2,3) 192
	[0,0] 20
G22+3:
	(6,4) 188
	[0,0] 20
G22:
	(8,6) 186
	[1,1] 19
Trigger_en5_0:
	(13,769) 71
	[1,79] 6
troj5_0n1+1:
	(303,12) 537
	[33,1] 52
troj5_0n1+2:
	(464,11) 376
	[46,1] 39
troj5_0n1:
	(768,12) 72
	[79,1] 6
troj5_0n2:
	(310,11) 530
	[29,1] 56
troj5_0n3:
	(12,228) 612
	[1,22] 63
n98:
	(27,46) 57
	[2,4] 5
test_so:
	(8,20) 0
	[1,2] 0
CK_1[G729]:
	(1,1) 28
	[0,0] 3
CK_2[n539]:
	(1,1) 35
	[0,0] 4
CK_3[G726]:
	(1,1) 22
	[0,0] 3
CK_4[n538]:
	(1,1) 25
	[0,0] 3
CK_5[n537]:
	(1,1) 33
	[0,0] 4
CK_6[n536]:
	(1,1) 23
	[0,0] 2
CK_7[n535]:
	(1,1) 46
	[0,0] 6
CK_8[n534]:
	(1,1) 49
	[0,0] 6
CK_9[n533]:
	(1,1) 52
	[0,0] 6
CK_10[n532]:
	(1,1) 52
	[0,0] 4
CK_11[n531]:
	(1,1) 62
	[0,0] 5
CK_12[n530]:
	(1,1) 70
	[0,0] 6
CK_13[n529]:
	(1,1) 66
	[0,0] 6
CK_14[n528]:
	(1,1) 69
	[0,0] 6
CK_15[n527]:
	(1,1) 77
	[0,0] 7
CK_16[n526]:
	(1,1) 85
	[0,0] 8
CK_17[n525]:
	(1,1) 93
	[0,0] 9
CK_18[n524]:
	(1,1) 127
	[0,0] 15
CK_19[n523]:
	(1,1) 130
	[0,0] 15
CK_20[n522]:
	(1,1) 133
	[0,0] 15
CK_21[n521]:
	(1,1) 136
	[0,0] 15
CK_22[n520]:
	(1,1) 139
	[0,0] 15
CK_23[n519]:
	(1,1) 96
	[0,0] 8
CK_24[n518]:
	(1,1) 91
	[0,0] 8
CK_25[n517]:
	(1,1) 91
	[0,0] 8
CK_26[n516]:
	(1,1) 169
	[0,0] 16
CK_27[n515]:
	(1,1) 164
	[0,0] 15
CK_28[n514]:
	(1,1) 154
	[0,0] 15
CK_29[n513]:
	(1,1) 149
	[0,0] 14
CK_30[n512]:
	(1,1) 152
	[0,0] 14
CK_31[n511]:
	(1,1) 155
	[0,0] 14
CK_32[n510]:
	(1,1) 147
	[0,0] 13
CK_33[n509]:
	(1,1) 150
	[0,0] 13
CK_34[n436]:
	(1,1) 173
	[0,0] 18
CK_35[n508]:
	(1,1) 176
	[0,0] 18
CK_36[n507]:
	(1,1) 179
	[0,0] 18
CK_37[n506]:
	(1,1) 158
	[0,0] 15
CK_38[n505]:
	(1,1) 161
	[0,0] 15
CK_39[n504]:
	(1,1) 164
	[0,0] 15
CK_40[n503]:
	(1,1) 172
	[0,0] 17
CK_41[n502]:
	(1,1) 175
	[0,0] 17
CK_42[n501]:
	(1,1) 178
	[0,0] 17
CK_43[n500]:
	(1,1) 181
	[0,0] 19
CK_44[n499]:
	(1,1) 184
	[0,0] 19
CK_45[n498]:
	(1,1) 187
	[0,0] 19
CK_46[n497]:
	(1,1) 191
	[0,0] 21
CK_47[n496]:
	(1,1) 194
	[0,0] 21
CK_48[n495]:
	(1,1) 197
	[0,0] 21
CK_49[n494]:
	(1,1) 200
	[0,0] 21
CK_50[n493]:
	(1,1) 243
	[0,0] 23
CK_51[n492]:
	(1,1) 246
	[0,0] 23
CK_52[n491]:
	(1,1) 249
	[0,0] 23
CK_53[n490]:
	(1,1) 252
	[0,0] 24
CK_54[n489]:
	(1,1) 255
	[0,0] 24
CK_55[n488]:
	(1,1) 160
	[0,0] 17
CK_56[n460]:
	(1,1) 134
	[0,0] 13
CK_57[n487]:
	(1,1) 129
	[0,0] 12
CK_58[n486]:
	(1,1) 137
	[0,0] 13
CK_59[n485]:
	(1,1) 140
	[0,0] 14
CK_60[n457]:
	(1,1) 143
	[0,0] 14
CK_61[n484]:
	(1,1) 114
	[0,0] 10
CK_62[n483]:
	(1,1) 152
	[0,0] 16
CK_63[n482]:
	(1,1) 155
	[0,0] 16
CK_64[n481]:
	(1,1) 158
	[0,0] 16
CK_65[n480]:
	(1,1) 161
	[0,0] 16
CK_66[n479]:
	(1,1) 164
	[0,0] 16
CK_67[n464]:
	(1,1) 167
	[0,0] 16
CK_68[n478]:
	(1,1) 182
	[0,0] 21
CK_69[n467]:
	(1,1) 185
	[0,0] 21
CK_70[n477]:
	(1,1) 188
	[0,0] 21
CK_71[n476]:
	(1,1) 191
	[0,0] 21
CK_72[n468]:
	(1,1) 194
	[0,0] 21
CK_73[G23]:
	(1,1) 197
	[0,0] 21
CK_74[G22]:
	(1,1) 200
	[0,0] 21
G0_1[n241]:
	(1,1) 101
	[0,0] 8
G0_2[n420]:
	(1,1) 284
	[0,0] 21
G1_1[n238]:
	(1,1) 101
	[0,0] 8
G1_2[n422]:
	(1,1) 294
	[0,0] 22
G10_1[n197]:
	(1,1) 66
	[0,0] 5
G10_2[n138]:
	(1,1) 38
	[0,0] 3
G11_1[n148]:
	(1,1) 45
	[0,0] 4
G11_2[n149]:
	(1,1) 32
	[0,0] 3
G11_3[n194]:
	(1,1) 58
	[0,0] 4
G14_1[G705]:
	(1,1) 44
	[0,0] 4
G14_2[n149]:
	(1,1) 32
	[0,0] 3
G14_3[G657]:
	(1,1) 32
	[0,0] 2
G14_4[n196]:
	(1,1) 69
	[0,0] 5
G14_5[n235]:
	(1,1) 113
	[0,0] 9
G14_6[n259]:
	(1,1) 163
	[0,0] 14
G14_7[G427]:
	(1,1) 188
	[0,0] 19
G14_8[n273]:
	(1,1) 192
	[0,0] 19
G14_9[G408]:
	(1,1) 173
	[0,0] 16
G14_10[n279]:
	(1,1) 157
	[0,0] 14
G14_11[n284]:
	(1,1) 171
	[0,0] 16
G14_12[n310]:
	(1,1) 197
	[0,0] 20
G14_13[n213]:
	(1,1) 54
	[0,0] 5
G14_14[G193]:
	(1,1) 159
	[0,0] 14
G14_15[G159]:
	(1,1) 170
	[0,0] 17
G14_16[G154]:
	(1,1) 173
	[0,0] 17
G14_17[G144]:
	(1,1) 164
	[0,0] 15
G14_18[G118]:
	(1,1) 202
	[0,0] 20
G14_19[G113]:
	(1,1) 229
	[0,0] 23
G14_20[n139]:
	(1,1) 45
	[0,0] 4
G15_1[n331]:
	(1,1) 202
	[0,0] 20
G15_2[n333]:
	(1,1) 226
	[0,0] 22
G15_3[n334+1]:
	(1,1) 245
	[0,0] 24
G15_4[G701BF]:
	(1,1) 1
	[0,0] 0
G2_1[n232]:
	(1,1) 106
	[0,0] 8
G2_2[n417]:
	(1,1) 293
	[0,0] 22
G3_1[n242]:
	(1,1) 156
	[0,0] 12
G3_2[n409]:
	(1,1) 282
	[0,0] 22
G4_1[n239]:
	(1,1) 156
	[0,0] 12
G4_2[n426]:
	(1,1) 189
	[0,0] 16
G5_1[n233]:
	(1,1) 161
	[0,0] 12
G5_2[n141]:
	(1,1) 202
	[0,0] 15
G6_1[n155]:
	(1,1) 164
	[0,0] 13
G6_2[n210]:
	(1,1) 89
	[0,0] 8
G6_3[n142]:
	(1,1) 173
	[0,0] 13
G7_1[n208]:
	(1,1) 81
	[0,0] 7
G7_2[n335]:
	(1,1) 271
	[0,0] 23
G8_1[n206]:
	(1,1) 73
	[0,0] 6
G8_2[n429]:
	(1,1) 78
	[0,0] 7
G8_3[n431]:
	(1,1) 79
	[0,0] 7
G9_1[n204]:
	(1,1) 65
	[0,0] 5
G9_2[n231]:
	(1,1) 119
	[0,0] 10
test_se_1[not+se1]:
	(1,1) 21
	[0,0] 2
test_se_2[G729+2]:
	(1,1) 26
	[0,0] 3
test_se_3[not+se2]:
	(1,1) 29
	[0,0] 3
test_se_4[n539+2]:
	(1,1) 29
	[0,0] 4
test_se_5[not+se3]:
	(1,1) 44
	[0,0] 4
test_se_6[G726+2]:
	(1,1) 16
	[0,0] 2
test_se_7[not+se4]:
	(1,1) 18
	[0,0] 2
test_se_8[n538+2]:
	(1,1) 24
	[0,0] 3
test_se_9[not+se5]:
	(1,1) 26
	[0,0] 3
test_se_10[n537+2]:
	(1,1) 32
	[0,0] 4
test_se_11[not+se6]:
	(1,1) 16
	[0,0] 1
test_se_12[n536+2]:
	(1,1) 37
	[0,0] 5
test_se_13[not+se7]:
	(1,1) 47
	[0,0] 5
test_se_14[n535+2]:
	(1,1) 40
	[0,0] 5
test_se_15[not+se8]:
	(1,1) 50
	[0,0] 5
test_se_16[n534+2]:
	(1,1) 43
	[0,0] 5
test_se_17[not+se9]:
	(1,1) 51
	[0,0] 5
test_se_18[n533+2]:
	(1,1) 46
	[0,0] 5
test_se_19[not+se10]:
	(1,1) 45
	[0,0] 3
test_se_20[n532+2]:
	(1,1) 53
	[0,0] 4
test_se_21[not+se11]:
	(1,1) 55
	[0,0] 4
test_se_22[n531+2]:
	(1,1) 61
	[0,0] 5
test_se_23[not+se12]:
	(1,1) 63
	[0,0] 5
test_se_24[n530+2]:
	(1,1) 74
	[0,0] 7
test_se_25[not+se13]:
	(1,1) 110
	[0,0] 9
test_se_26[n529+2]:
	(1,1) 60
	[0,0] 5
test_se_27[not+se14]:
	(1,1) 62
	[0,0] 5
test_se_28[n528+2]:
	(1,1) 68
	[0,0] 6
test_se_29[not+se15]:
	(1,1) 70
	[0,0] 6
test_se_30[n527+2]:
	(1,1) 76
	[0,0] 7
test_se_31[not+se16]:
	(1,1) 78
	[0,0] 7
test_se_32[n526+2]:
	(1,1) 84
	[0,0] 8
test_se_33[not+se17]:
	(1,1) 86
	[0,0] 8
test_se_34[n525+2]:
	(1,1) 118
	[0,0] 14
test_se_35[not+se18]:
	(1,1) 172
	[0,0] 18
test_se_36[n524+2]:
	(1,1) 121
	[0,0] 14
test_se_37[not+se19]:
	(1,1) 177
	[0,0] 18
test_se_38[n523+2]:
	(1,1) 124
	[0,0] 14
test_se_39[not+se20]:
	(1,1) 176
	[0,0] 18
test_se_40[n522+2]:
	(1,1) 127
	[0,0] 14
test_se_41[not+se21]:
	(1,1) 181
	[0,0] 18
test_se_42[n521+2]:
	(1,1) 130
	[0,0] 14
test_se_43[not+se22]:
	(1,1) 180
	[0,0] 18
test_se_44[n520+2]:
	(1,1) 133
	[0,0] 14
test_se_45[not+se23]:
	(1,1) 89
	[0,0] 7
test_se_46[n519+2]:
	(1,1) 95
	[0,0] 8
test_se_47[not+se24]:
	(1,1) 84
	[0,0] 7
test_se_48[n518+2]:
	(1,1) 90
	[0,0] 8
test_se_49[not+se25]:
	(1,1) 84
	[0,0] 7
test_se_50[n517+2]:
	(1,1) 163
	[0,0] 16
test_se_51[not+se26]:
	(1,1) 226
	[0,0] 21
test_se_52[n516+2]:
	(1,1) 163
	[0,0] 15
test_se_53[not+se27]:
	(1,1) 160
	[0,0] 14
test_se_54[n515+2]:
	(1,1) 158
	[0,0] 15
test_se_55[not+se28]:
	(1,1) 223
	[0,0] 21
test_se_56[n514+2]:
	(1,1) 148
	[0,0] 14
test_se_57[not+se29]:
	(1,1) 144
	[0,0] 13
test_se_58[n513+2]:
	(1,1) 143
	[0,0] 13
test_se_59[not+se30]:
	(1,1) 196
	[0,0] 17
test_se_60[n512+2]:
	(1,1) 146
	[0,0] 13
test_se_61[not+se31]:
	(1,1) 148
	[0,0] 13
test_se_62[n511+2]:
	(1,1) 163
	[0,0] 15
test_se_63[not+se32]:
	(1,1) 193
	[0,0] 16
test_se_64[n510+2]:
	(1,1) 141
	[0,0] 12
test_se_65[not+se33]:
	(1,1) 143
	[0,0] 12
test_se_66[n509+2]:
	(1,1) 164
	[0,0] 18
test_se_67[not+se34]:
	(1,1) 188
	[0,0] 19
test_se_68[n436+2]:
	(1,1) 167
	[0,0] 17
test_se_69[not+se35]:
	(1,1) 192
	[0,0] 19
test_se_70[n508+2]:
	(1,1) 170
	[0,0] 17
test_se_71[not+se36]:
	(1,1) 197
	[0,0] 19
test_se_72[n507+2]:
	(1,1) 173
	[0,0] 17
test_se_73[not+se37]:
	(1,1) 173
	[0,0] 16
test_se_74[n506+2]:
	(1,1) 152
	[0,0] 14
test_se_75[not+se38]:
	(1,1) 176
	[0,0] 16
test_se_76[n505+2]:
	(1,1) 155
	[0,0] 14
test_se_77[not+se39]:
	(1,1) 157
	[0,0] 14
test_se_78[n504+2]:
	(1,1) 163
	[0,0] 16
test_se_79[not+se40]:
	(1,1) 188
	[0,0] 18
test_se_80[n503+2]:
	(1,1) 166
	[0,0] 16
test_se_81[not+se41]:
	(1,1) 203
	[0,0] 19
test_se_82[n502+2]:
	(1,1) 169
	[0,0] 16
test_se_83[not+se42]:
	(1,1) 171
	[0,0] 16
test_se_84[n501+2]:
	(1,1) 184
	[0,0] 19
test_se_85[not+se43]:
	(1,1) 197
	[0,0] 20
test_se_86[n500+2]:
	(1,1) 175
	[0,0] 18
test_se_87[not+se44]:
	(1,1) 211
	[0,0] 21
test_se_88[n499+2]:
	(1,1) 178
	[0,0] 18
test_se_89[not+se45]:
	(1,1) 180
	[0,0] 18
test_se_90[n498+2]:
	(1,1) 182
	[0,0] 20
test_se_91[not+se46]:
	(1,1) 202
	[0,0] 21
test_se_92[n497+2]:
	(1,1) 185
	[0,0] 20
test_se_93[not+se47]:
	(1,1) 205
	[0,0] 21
test_se_94[n496+2]:
	(1,1) 188
	[0,0] 20
test_se_95[not+se48]:
	(1,1) 208
	[0,0] 21
test_se_96[n495+2]:
	(1,1) 191
	[0,0] 20
test_se_97[not+se49]:
	(1,1) 193
	[0,0] 20
test_se_98[n494+2]:
	(1,1) 241
	[0,0] 27
test_se_99[not+se50]:
	(1,1) 271
	[0,0] 25
test_se_100[n493+2]:
	(1,1) 237
	[0,0] 22
test_se_101[not+se51]:
	(1,1) 276
	[0,0] 25
test_se_102[n492+2]:
	(1,1) 240
	[0,0] 22
test_se_103[not+se52]:
	(1,1) 262
	[0,0] 22
test_se_104[n491+2]:
	(1,1) 243
	[0,0] 23
test_se_105[not+se53]:
	(1,1) 287
	[0,0] 26
test_se_106[n490+2]:
	(1,1) 246
	[0,0] 23
test_se_107[not+se54]:
	(1,1) 267
	[0,0] 23
test_se_108[n489+2]:
	(1,1) 249
	[0,0] 24
test_se_109[not+se55]:
	(1,1) 165
	[0,0] 16
test_se_110[n488+2]:
	(1,1) 154
	[0,0] 16
test_se_111[not+se56]:
	(1,1) 134
	[0,0] 12
test_se_112[n460+2]:
	(1,1) 128
	[0,0] 12
test_se_113[not+se57]:
	(1,1) 122
	[0,0] 11
test_se_114[n487+2]:
	(1,1) 133
	[0,0] 13
test_se_115[not+se58]:
	(1,1) 138
	[0,0] 12
test_se_116[n486+2]:
	(1,1) 131
	[0,0] 13
test_se_117[not+se59]:
	(1,1) 159
	[0,0] 14
test_se_118[n485+2]:
	(1,1) 134
	[0,0] 13
test_se_119[not+se60]:
	(1,1) 141
	[0,0] 13
test_se_120[n457+2]:
	(1,1) 137
	[0,0] 13
test_se_121[not+se61]:
	(1,1) 107
	[0,0] 9
test_se_122[n484+2]:
	(1,1) 148
	[0,0] 16
test_se_123[not+se62]:
	(1,1) 167
	[0,0] 17
test_se_124[n483+2]:
	(1,1) 146
	[0,0] 15
test_se_125[not+se63]:
	(1,1) 170
	[0,0] 17
test_se_126[n482+2]:
	(1,1) 149
	[0,0] 15
test_se_127[not+se64]:
	(1,1) 173
	[0,0] 17
test_se_128[n481+2]:
	(1,1) 152
	[0,0] 15
test_se_129[not+se65]:
	(1,1) 176
	[0,0] 17
test_se_130[n480+2]:
	(1,1) 155
	[0,0] 15
test_se_131[not+se66]:
	(1,1) 164
	[0,0] 15
test_se_132[n479+2]:
	(1,1) 158
	[0,0] 15
test_se_133[not+se67]:
	(1,1) 160
	[0,0] 15
test_se_134[n464+2]:
	(1,1) 173
	[0,0] 20
test_se_135[not+se68]:
	(1,1) 198
	[0,0] 22
test_se_136[n478+2]:
	(1,1) 176
	[0,0] 20
test_se_137[not+se69]:
	(1,1) 199
	[0,0] 22
test_se_138[n467+2]:
	(1,1) 179
	[0,0] 20
test_se_139[not+se70]:
	(1,1) 202
	[0,0] 20
test_se_140[n477+2]:
	(1,1) 182
	[0,0] 20
test_se_141[not+se71]:
	(1,1) 229
	[0,0] 23
test_se_142[n476+2]:
	(1,1) 185
	[0,0] 20
test_se_143[not+se72]:
	(1,1) 214
	[0,0] 21
test_se_144[n468+2]:
	(1,1) 188
	[0,0] 20
test_se_145[not+se73]:
	(1,1) 199
	[0,0] 20
test_se_146[G23+2]:
	(1,1) 191
	[0,0] 20
test_se_147[not+se74]:
	(1,1) 204
	[0,0] 21
test_se_148[G22+2]:
	(1,1) 194
	[0,0] 20
n160_1[n159]:
	(97,26) 177
	[7,2] 13
n160_2[n162+1]:
	(97,26) 298
	[7,2] 26
n184_1[n182]:
	(3,13) 36
	[0,1] 3
n184_2[n185]:
	(3,13) 43
	[0,1] 4
n184_3[n103]:
	(3,13) 31
	[0,1] 2
n148_1[n147]:
	(2,4) 42
	[0,0] 4
n148_2[n189]:
	(2,4) 53
	[0,0] 6
n148_3[n191]:
	(2,4) 56
	[0,0] 6
n148_4[n193]:
	(2,4) 59
	[0,0] 6
n149_1[n146]:
	(2,3) 30
	[0,0] 3
n149_2[n188]:
	(2,3) 48
	[0,0] 5
n149_3[n190]:
	(2,3) 51
	[0,0] 5
n149_4[n192]:
	(2,3) 52
	[0,0] 5
G657_1[G693]:
	(2,3) 32
	[0,0] 3
G657_2[G687]:
	(2,3) 40
	[0,0] 4
G657_3[G682]:
	(2,3) 30
	[0,0] 2
G657_4[n532+1]:
	(2,3) 43
	[0,0] 3
n196_1[n195]:
	(13,2) 67
	[1,0] 5
n196_2[n194]:
	(13,2) 57
	[1,0] 4
n196_3[n198]:
	(13,2) 75
	[1,0] 6
n196_4[n197]:
	(13,2) 65
	[1,0] 5
n196_5[n205]:
	(13,2) 74
	[1,0] 6
n196_6[n204]:
	(13,2) 64
	[1,0] 5
n196_7[n207]:
	(13,2) 82
	[1,0] 7
n196_8[n206]:
	(13,2) 72
	[1,0] 6
n196_9[n209]:
	(13,2) 90
	[1,0] 8
n196_10[n208]:
	(13,2) 80
	[1,0] 7
n196_11[n211]:
	(13,2) 98
	[1,0] 9
n196_12[n210]:
	(13,2) 88
	[1,0] 8
n215_1[n214]:
	(126,28) 116
	[10,2] 11
n215_2[G541+1]:
	(126,28) 150
	[10,2] 16
n218_1[n219]:
	(113,26) 132
	[9,2] 13
n218_2[G531+1]:
	(113,26) 156
	[9,2] 16
n218_3[n80]:
	(113,26) 129
	[9,2] 12
n222_1[n223]:
	(100,24) 148
	[8,2] 15
n222_2[n81]:
	(100,24) 78
	[8,2] 6
n228_1[n224]:
	(34,26) 177
	[3,2] 14
n228_2[troj5_0n3]:
	(34,26) 806
	[3,2] 82
n200_1[G590]:
	(15,12) 96
	[1,1] 8
n200_2[G548]:
	(15,12) 158
	[1,1] 17
n200_3[G536]:
	(15,12) 162
	[1,1] 17
n200_4[G526]:
	(15,12) 166
	[1,1] 17
n200_5[n90]:
	(15,12) 163
	[1,1] 17
n236_1[n233]:
	(10,69) 93
	[1,5] 7
n236_2[n239]:
	(10,69) 88
	[1,5] 7
n236_3[n242]:
	(10,69) 88
	[1,5] 7
n237_1[n232]:
	(16,14) 93
	[1,1] 7
n237_2[n238]:
	(16,14) 88
	[1,1] 7
n237_3[n241]:
	(16,14) 88
	[1,1] 7
n235_1[n234]:
	(14,2) 116
	[1,0] 9
n235_2[n240]:
	(14,2) 111
	[1,0] 9
n235_3[n243]:
	(14,2) 111
	[1,0] 9
n235_4[n97]:
	(14,2) 100
	[1,0] 8
n244_1[G477+1]:
	(193,11) 216
	[19,1] 20
n244_2[troj5_0n3]:
	(193,11) 647
	[19,1] 66
n247_1[n246]:
	(24,23) 232
	[2,2] 21
n247_2[n244]:
	(24,23) 385
	[2,2] 37
n247_3[n248]:
	(24,23) 137
	[2,2] 12
n247_4[G464+1]:
	(24,23) 201
	[2,2] 19
n250_1[n247]:
	(22,12) 149
	[2,1] 13
n250_2[n251]:
	(22,12) 230
	[2,1] 21
n250_3[n252]:
	(22,12) 133
	[2,1] 12
n258_1[n257]:
	(3,52) 154
	[0,4] 13
n258_2[n261]:
	(3,52) 150
	[0,4] 12
n258_3[n112]:
	(3,52) 99
	[0,4] 9
n143_1[G713+1]:
	(53,34) 22
	[4,3] 2
n143_2[n76]:
	(53,34) 101
	[4,3] 9
n178_1[n177]:
	(73,11) 100
	[8,1] 10
n178_2[n255]:
	(73,11) 309
	[8,1] 29
n178_3[G427+1]:
	(73,11) 178
	[8,1] 18
n273_1[G424]:
	(13,2) 180
	[1,0] 18
n273_2[G416]:
	(13,2) 185
	[1,0] 18
n271_1[n269]:
	(140,11) 118
	[16,1] 10
n271_2[n273]:
	(140,11) 182
	[16,1] 18
n280_1[n278]:
	(10,81) 126
	[1,7] 11
n280_2[troj5_0n2]:
	(10,81) 759
	[1,7] 78
n279_1[G405]:
	(12,2) 165
	[1,0] 15
n279_2[G397]:
	(12,2) 146
	[1,0] 13
n285_1[n283]:
	(10,108) 143
	[1,10] 13
n285_2[n85]:
	(10,108) 194
	[1,10] 18
n284_1[G392]:
	(13,2) 176
	[1,0] 17
n284_2[n84]:
	(13,2) 159
	[1,0] 15
n292_1[n291]:
	(101,11) 155
	[10,1] 15
n292_2[G365+1]:
	(101,11) 201
	[10,1] 20
n294_1[G365]:
	(3,13) 199
	[0,1] 20
n294_2[n77]:
	(3,13) 168
	[0,1] 17
n270_1[n178]:
	(10,63) 110
	[1,7] 11
n270_2[n271]:
	(10,63) 195
	[1,7] 19
n270_3[n294]:
	(10,63) 171
	[1,7] 17
n270_4[n78]:
	(10,63) 135
	[1,7] 12
n295_1[n292]:
	(10,21) 246
	[1,2] 24
n295_2[n296]:
	(10,21) 217
	[1,2] 21
n295_3[n270]:
	(10,21) 163
	[1,2] 17
n295_4[n297]:
	(10,21) 171
	[1,2] 17
n254_1[n253]:
	(10,152) 156
	[1,15] 14
n254_2[n295]:
	(10,152) 174
	[1,15] 18
n254_3[n79]:
	(10,152) 164
	[1,15] 15
n277_1[n276]:
	(86,10) 118
	[8,1] 10
n277_2[n279]:
	(86,10) 148
	[8,1] 13
n277_3[n254]:
	(86,10) 222
	[8,1] 21
n281_1[n280]:
	(25,37) 182
	[2,3] 16
n281_2[n282]:
	(25,37) 133
	[2,3] 12
n281_3[n277]:
	(25,37) 179
	[2,3] 16
n169_1[n151+1]:
	(31,12) 140
	[3,1] 13
n169_2[n225+1]:
	(31,12) 177
	[3,1] 14
n169_3[n265]:
	(31,12) 72
	[3,1] 6
n169_4[n299+1]:
	(31,12) 219
	[3,1] 20
n169_5[n298]:
	(31,12) 157
	[3,1] 14
n169_6[tempn98]:
	(31,12) 72
	[3,1] 6
n203_1[n202]:
	(114,25) 146
	[11,2] 12
n203_2[n222+1]:
	(114,25) 133
	[11,2] 10
n203_3[n105]:
	(114,25) 105
	[11,2] 9
n309_1[n308]:
	(3,26) 198
	[0,2] 21
n309_2[n312]:
	(3,26) 201
	[0,2] 21
n309_3[n314]:
	(3,26) 204
	[0,2] 21
n309_4[n316]:
	(3,26) 206
	[0,2] 21
n310_1[n307]:
	(2,13) 194
	[0,1] 20
n310_2[n311]:
	(2,13) 197
	[0,1] 20
n310_3[n313]:
	(2,13) 200
	[0,1] 20
n310_4[n315]:
	(2,13) 185
	[0,1] 19
n317_1[n309]:
	(23,11) 201
	[2,1] 21
n317_2[n310]:
	(23,11) 187
	[2,1] 19
n288_1[n284]:
	(113,11) 161
	[11,1] 15
n288_2[n317]:
	(113,11) 199
	[11,1] 20
n289_1[n288]:
	(10,56) 218
	[1,5] 21
n289_2[n86]:
	(10,56) 162
	[1,5] 15
n320_1[n319]:
	(159,11) 205
	[16,1] 17
n320_2[G252+1]:
	(159,11) 266
	[16,1] 24
n320_3[troj5_0n1+1]:
	(159,11) 681
	[16,1] 69
n322_1[n320]:
	(42,16) 322
	[3,1] 30
n322_2[n323]:
	(42,16) 282
	[3,1] 25
n322_3[n324]:
	(42,16) 221
	[3,1] 19
n322_4[G242+1]:
	(42,16) 272
	[3,1] 25
n326_1[n322]:
	(15,30) 233
	[1,2] 20
n326_2[n327]:
	(15,30) 294
	[1,2] 26
n326_3[n328]:
	(15,30) 238
	[1,2] 21
G328BF_1[n326]:
	(6,14) 257
	[0,1] 22
G328BF_2[G23+1]:
	(6,14) 186
	[0,1] 19
G332BF_1[n331]:
	(12,11) 192
	[1,1] 19
G332BF_2[G22+1]:
	(12,11) 194
	[1,1] 20
n329_1[n326]:
	(23,55) 240
	[2,5] 20
n329_2[n333]:
	(23,55) 204
	[2,5] 20
n318_1[G260]:
	(15,12) 257
	[1,1] 24
n318_2[G247]:
	(15,12) 248
	[1,1] 21
n318_3[G237]:
	(15,12) 253
	[1,1] 22
n318_4[n91]:
	(15,12) 262
	[1,1] 24
n230_1[n200]:
	(13,12) 99
	[1,1] 8
n230_2[n235]:
	(13,12) 102
	[1,1] 8
n230_3[n318]:
	(13,12) 251
	[1,1] 21
n213_1[n212]:
	(42,2) 71
	[4,0] 5
n213_2[G469]:
	(42,2) 119
	[4,0] 10
n213_3[G459]:
	(42,2) 103
	[4,0] 9
n213_4[n256]:
	(42,2) 159
	[4,0] 14
n213_5[n230]:
	(42,2) 110
	[4,0] 9
n213_6[n111]:
	(42,2) 13
	[4,0] 1
n262_1[n258]:
	(49,40) 102
	[4,4] 9
n262_2[n213]:
	(49,40) 15
	[4,4] 1
n229_1[n299]:
	(23,24) 227
	[2,2] 21
n229_2[n348]:
	(23,24) 116
	[2,2] 10
n229_3[G193+1]:
	(23,24) 136
	[2,2] 12
n229_4[n82]:
	(23,24) 188
	[2,2] 15
n355_1[n229]:
	(23,11) 128
	[2,1] 11
n355_2[n362]:
	(23,11) 158
	[2,1] 14
n355_3[n365]:
	(23,11) 131
	[2,1] 12
n181_1[n173]:
	(26,31) 69
	[2,3] 6
n181_2[n341]:
	(26,31) 135
	[2,3] 13
n181_3[n342]:
	(26,31) 114
	[2,3] 10
n181_4[n379]:
	(26,31) 182
	[2,3] 17
n344_1[n343]:
	(25,21) 166
	[2,2] 15
n344_2[n181]:
	(25,21) 79
	[2,2] 7
n290_1[n287]:
	(10,23) 171
	[1,2] 16
n290_2[n289]:
	(10,23) 208
	[1,2] 19
n290_3[n347]:
	(10,23) 113
	[1,2] 10
n290_4[n83]:
	(10,23) 90
	[1,2] 8
n179_1[n175]:
	(12,206) 90
	[1,25] 8
n179_2[n290]:
	(12,206) 101
	[1,25] 9
n179_3[n380]:
	(12,206) 112
	[1,25] 9
n227_1[n226]:
	(10,194) 222
	[1,24] 21
n227_2[n381]:
	(10,194) 170
	[1,24] 17
n227_3[n87]:
	(10,194) 102
	[1,24] 9
n383_1[n227]:
	(143,11) 153
	[17,1] 16
n383_2[n382]:
	(143,11) 130
	[17,1] 11
n383_3[G154+1]:
	(143,11) 163
	[17,1] 16
n383_4[troj5_0n1+1]:
	(143,11) 697
	[17,1] 68
n386_1[n384]:
	(97,10) 138
	[11,1] 12
n386_2[troj5_0n1+2]:
	(97,10) 743
	[11,1] 74
n385_1[n383]:
	(56,11) 217
	[6,1] 22
n385_2[n386]:
	(56,11) 179
	[6,1] 17
n385_3[n387]:
	(56,11) 135
	[6,1] 12
n385_4[G144+1]:
	(56,11) 154
	[6,1] 14
n385_5[troj5_0n1+2]:
	(56,11) 784
	[6,1] 79
n389_1[n385]:
	(11,23) 180
	[1,2] 17
n389_2[n390]:
	(11,23) 163
	[1,2] 15
n389_3[n391]:
	(11,23) 150
	[1,2] 14
n180_1[n174+1]:
	(11,74) 112
	[1,9] 13
n180_2[n392]:
	(11,74) 201
	[1,9] 22
n180_3[n393]:
	(11,74) 160
	[1,9] 15
n180_4[n394]:
	(11,74) 167
	[1,9] 16
n396_1[n180]:
	(65,10) 121
	[8,1] 14
n396_2[n395]:
	(65,10) 201
	[8,1] 22
n396_3[G118+1]:
	(65,10) 193
	[8,1] 19
n398_1[n396]:
	(37,34) 149
	[3,3] 19
n398_2[n397]:
	(37,34) 185
	[3,3] 18
n398_3[G113+1]:
	(37,34) 196
	[3,3] 20
n157_1[n156+1]:
	(42,25) 149
	[3,2] 11
n157_2[n152+1]:
	(42,25) 128
	[3,2] 11
n157_3[n398]:
	(42,25) 161
	[3,2] 19
n157_4[n400]:
	(42,25) 227
	[3,2] 22
n157_5[n401]:
	(42,25) 190
	[3,2] 19
n167_1[n164]:
	(14,14) 269
	[1,1] 20
n167_2[n407]:
	(14,14) 280
	[1,1] 24
n167_3[n405]:
	(14,14) 258
	[1,1] 23
n408_1[n407]:
	(83,25) 211
	[8,2] 17
n408_2[n405]:
	(83,25) 247
	[8,2] 22
n165_1[n160+2]:
	(24,24) 250
	[2,2] 18
n165_2[n413]:
	(24,24) 312
	[2,2] 26
n163_1[n160+1]:
	(15,25) 259
	[1,2] 19
n163_2[n94]:
	(15,25) 373
	[1,2] 32
n416_1[n415]:
	(14,14) 304
	[1,1] 26
n416_2[n163]:
	(14,14) 270
	[1,1] 20
n168_1[n408]:
	(24,15) 279
	[2,1] 24
n168_2[n93]:
	(24,15) 259
	[2,1] 19
n417_1[n414+1]:
	(13,2) 334
	[1,0] 28
n417_2[n424]:
	(13,2) 281
	[1,0] 21
n418_1[n414]:
	(68,11) 277
	[7,1] 22
n418_2[n424]:
	(68,11) 272
	[7,1] 20
n166_1[n160+2]:
	(24,24) 250
	[2,2] 18
n166_2[n92]:
	(24,24) 172
	[2,2] 14
n425_1[n166]:
	(14,14) 182
	[1,1] 15
n425_2[n402]:
	(14,14) 165
	[1,1] 14
n411_1[n410]:
	(13,38) 296
	[1,3] 25
n411_2[n421]:
	(13,38) 283
	[1,3] 21
n411_3[n423]:
	(13,38) 298
	[1,3] 23
n411_4[n418]:
	(13,38) 302
	[1,3] 24
n411_5[n427]:
	(13,38) 208
	[1,3] 20
n145_1[n411]:
	(22,13) 233
	[2,1] 22
n145_2[n95]:
	(22,13) 45
	[2,1] 4
n144_1[n411+1]:
	(24,13) 233
	[2,1] 22
n144_2[n96]:
	(24,13) 45
	[2,1] 4
n76_1[n158]:
	(35,54) 123
	[3,4] 9
n76_2[n161]:
	(35,54) 136
	[3,4] 12
n76_3[n202]:
	(35,54) 225
	[3,4] 20
n76_4[n263]:
	(35,54) 100
	[3,4] 9
n77_1[G373]:
	(14,4) 184
	[1,0] 19
n77_2[G360]:
	(14,4) 167
	[1,0] 17
n78_1[n274]:
	(64,11) 198
	[7,1] 19
n78_2[n275]:
	(64,11) 134
	[7,1] 12
n80_1[n215]:
	(27,114) 128
	[2,9] 12
n80_2[n217]:
	(27,114) 184
	[2,9] 18
n81_1[n199]:
	(25,101) 77
	[2,8] 6
n81_2[n218]:
	(25,101) 141
	[2,8] 13
n81_3[n221]:
	(25,101) 188
	[2,8] 18
n83_1[n298]:
	(24,11) 158
	[2,1] 14
n83_2[n344]:
	(24,11) 89
	[2,1] 8
n84_1[G384]:
	(3,14) 190
	[0,1] 18
n84_2[G379]:
	(3,14) 158
	[0,1] 15
n86_1[n285]:
	(57,11) 194
	[5,1] 18
n86_2[n286]:
	(57,11) 163
	[5,1] 15
n86_3[G379+1]:
	(57,11) 161
	[5,1] 15
n87_1[n179]:
	(195,11) 101
	[24,1] 9
n87_2[G159+1]:
	(195,11) 160
	[24,1] 16
n88_1[n183+1]:
	(10,11) 40
	[1,1] 3
n88_2[n225+1]:
	(10,11) 178
	[1,1] 14
n88_3[n268]:
	(10,11) 133
	[1,1] 14
n88_4[n389]:
	(10,11) 162
	[1,1] 15
n89_1[n172]:
	(10,11) 140
	[1,1] 13
n89_2[n171]:
	(10,11) 155
	[1,1] 16
n89_3[n182]:
	(10,11) 38
	[1,1] 3
n89_4[n186+1]:
	(10,11) 48
	[1,1] 4
n89_5[n212]:
	(10,11) 62
	[1,1] 4
n89_6[n255]:
	(10,11) 309
	[1,1] 29
n89_7[n317]:
	(10,11) 199
	[1,1] 20
n89_8[n355]:
	(10,11) 140
	[1,1] 12
n90_1[G541]:
	(13,16) 162
	[1,1] 17
n90_2[G531]:
	(13,16) 166
	[1,1] 17
n91_1[G252]:
	(13,16) 261
	[1,1] 24
n91_2[G242]:
	(13,16) 272
	[1,1] 25
n97_1[n236]:
	(3,15) 154
	[0,1] 12
n97_2[n237]:
	(3,15) 99
	[0,1] 8
n101_1[n173+1]:
	(10,21) 131
	[1,3] 13
n101_2[n188]:
	(10,21) 30
	[1,3] 2
n101_3[n191]:
	(10,21) 39
	[1,3] 3
n102_1[n175]:
	(10,16) 280
	[1,2] 31
n102_2[n190]:
	(10,16) 38
	[1,2] 3
n102_3[n193]:
	(10,16) 47
	[1,2] 4
n104_1[n183+1]:
	(10,11) 40
	[1,1] 3
n104_2[n186+1]:
	(10,11) 48
	[1,1] 4
n104_3[n187]:
	(10,11) 34
	[1,1] 2
n105_1[n162+1]:
	(26,115) 209
	[2,11] 17
n105_2[n300+2]:
	(26,115) 104
	[2,11] 9
n106_1[n301]:
	(10,39) 209
	[1,6] 19
n106_2[n427]:
	(10,39) 207
	[1,6] 17
n107_1[n215+1]:
	(10,34) 261
	[1,5] 24
n107_2[n304]:
	(10,34) 209
	[1,5] 19
n107_3[n410]:
	(10,34) 300
	[1,5] 23
n108_1[n215+1]:
	(10,29) 266
	[1,4] 25
n108_2[n217]:
	(10,29) 269
	[1,4] 23
n108_3[n305]:
	(10,29) 209
	[1,4] 19
n108_4[n418]:
	(10,29) 311
	[1,4] 23
n109_1[n218+1]:
	(10,24) 251
	[1,3] 22
n109_2[n302]:
	(10,24) 209
	[1,3] 19
n109_3[n423]:
	(10,24) 312
	[1,3] 23
n110_1[n218+1]:
	(10,19) 256
	[1,2] 23
n110_2[n221]:
	(10,19) 270
	[1,2] 24
n110_3[n303]:
	(10,19) 209
	[1,2] 19
n110_4[n421]:
	(10,19) 302
	[1,2] 22
n111_1[G727]:
	(3,43) 12
	[0,4] 1
n111_2[G477]:
	(3,43) 184
	[0,4] 17
n111_3[G464]:
	(3,43) 181
	[0,4] 17
n111_4[n260]:
	(3,43) 155
	[0,4] 13
n114_1[n247+1]:
	(10,72) 228
	[1,7] 21
n114_2[n251]:
	(10,72) 170
	[1,7] 15
n114_3[n252]:
	(10,72) 135
	[1,7] 12
n115_1[n257]:
	(10,62) 144
	[1,5] 12
n115_2[n259]:
	(10,62) 102
	[1,5] 9
n116_1[n260]:
	(10,71) 127
	[1,6] 11
n116_2[n430]:
	(10,71) 69
	[1,6] 6
n117_1[n237]:
	(10,66) 92
	[1,5] 7
n117_2[n261]:
	(10,66) 136
	[1,5] 11
n117_3[n263]:
	(10,66) 125
	[1,5] 11
n119_1[n178+1]:
	(10,76) 244
	[1,9] 27
n119_2[n272]:
	(10,76) 127
	[1,9] 11
n119_3[n271]:
	(10,76) 182
	[1,9] 17
n121_1[n283]:
	(10,56) 143
	[1,6] 13
n121_2[n288]:
	(10,56) 218
	[1,6] 20
n122_1[n308]:
	(10,39) 185
	[1,5] 18
n122_2[n334+1]:
	(10,39) 236
	[1,5] 23
n122_3[n329+1]:
	(10,39) 251
	[1,5] 25
n123_1[n307]:
	(10,34) 173
	[1,4] 17
n123_2[n312]:
	(10,34) 193
	[1,4] 19
n123_3[n334+2]:
	(10,34) 236
	[1,4] 23
n123_4[n329+1]:
	(10,34) 256
	[1,4] 26
n124_1[n311]:
	(10,29) 181
	[1,3] 18
n124_2[n314]:
	(10,29) 201
	[1,3] 20
n124_3[n334+2]:
	(10,29) 236
	[1,3] 23
n124_4[n329+2]:
	(10,29) 241
	[1,3] 23
n125_1[n313]:
	(10,24) 189
	[1,2] 19
n125_2[n316]:
	(10,24) 208
	[1,2] 21
n125_3[n334+2]:
	(10,24) 236
	[1,2] 23
n125_4[n329+2]:
	(10,24) 246
	[1,2] 24
n127_1[n322+1]:
	(10,51) 299
	[1,6] 26
n127_2[n415]:
	(10,51) 267
	[1,6] 21
n127_3[n163]:
	(10,51) 274
	[1,6] 20
n128_1[n322+1]:
	(10,46) 304
	[1,5] 27
n128_2[n327]:
	(10,46) 278
	[1,5] 23
n128_3[n328]:
	(10,46) 243
	[1,5] 21
n128_4[n413+1]:
	(10,46) 342
	[1,5] 28
n129_1[n173+1]:
	(10,41) 111
	[1,5] 11
n129_2[n341]:
	(10,41) 151
	[1,5] 14
n129_3[n379]:
	(10,41) 172
	[1,5] 15
n130_1[n343]:
	(35,9) 156
	[4,1] 13
n130_2[n181]:
	(35,9) 91
	[4,1] 8
n132_1[n229+1]:
	(25,9) 160
	[3,1] 15
n132_2[n362]:
	(25,9) 160
	[3,1] 14
n133_1[n155]:
	(10,21) 144
	[1,2] 11
n133_2[G175]:
	(10,21) 98
	[1,2] 8
n134_1[n226]:
	(10,56) 360
	[1,8] 37
n134_2[n268]:
	(10,56) 88
	[1,8] 7
n134_3[n179]:
	(10,56) 286
	[1,8] 32
n135_1[n174+1]:
	(10,38) 148
	[1,7] 15
n135_2[n392]:
	(10,38) 237
	[1,7] 24
n135_3[n393]:
	(10,38) 161
	[1,7] 15
n137_1[n398+1]:
	(17,9) 199
	[3,1] 24
n137_2[n400]:
	(17,9) 243
	[3,1] 23
n138_1[n183]:
	(2,2) 37
	[0,0] 3
n138_2[n186]:
	(2,2) 45
	[0,0] 4
n138_3[n184]:
	(2,2) 42
	[0,0] 3
n139_1[G713+1]:
	(2,2) 73
	[0,0] 6
n139_2[n148]:
	(2,2) 44
	[0,0] 4
n139_3[n258]:
	(2,2) 149
	[0,0] 13
n139_4[G438]:
	(2,2) 142
	[0,0] 12
n139_5[n294]:
	(2,2) 179
	[0,0] 18
n139_6[n309]:
	(2,2) 222
	[0,0] 23
n139_7[G218]:
	(2,2) 164
	[0,0] 16
n139_8[G214]:
	(2,2) 133
	[0,0] 12
n139_9[G208]:
	(2,2) 121
	[0,0] 11
n139_10[G198]:
	(2,2) 137
	[0,0] 12
n139_11[G189]:
	(2,2) 140
	[0,0] 13
n139_12[G175]:
	(2,2) 106
	[0,0] 9
n139_13[G166]:
	(2,2) 166
	[0,0] 17
n139_14[G149]:
	(2,2) 175
	[0,0] 17
n139_15[G140]:
	(2,2) 159
	[0,0] 15
n139_16[G129]:
	(2,2) 197
	[0,0] 22
n139_17[G125]:
	(2,2) 198
	[0,0] 22
n139_18[G109]:
	(2,2) 213
	[0,0] 21
n99_1[G727]:
	(11,10) 4
	[1,1] 0
n99_2[n151+1]:
	(11,10) 142
	[1,1] 13
n99_3[n176]:
	(11,10) 73
	[1,1] 6
n99_4[n185]:
	(11,10) 46
	[1,1] 4
n99_5[n187]:
	(11,10) 35
	[1,1] 2
n99_6[n250]:
	(11,10) 145
	[1,1] 13
n99_7[n169]:
	(11,10) 93
	[1,1] 8
n99_8[n230]:
	(11,10) 102
	[1,1] 8
n99_9[n409]:
	(11,10) 272
	[1,1] 21
n99_10[n420]:
	(11,10) 274
	[1,1] 20
n99_11[n422]:
	(11,10) 284
	[1,1] 21
n99_12[n417]:
	(11,10) 283
	[1,1] 21
n99_13[n411+1]:
	(11,10) 236
	[1,1] 22
n99_14[n428]:
	(11,10) 68
	[1,1] 6
n99_15[n431]:
	(11,10) 69
	[1,1] 6
n99_16[n430]:
	(11,10) 130
	[1,1] 11
n99_17[n426]:
	(11,10) 179
	[1,1] 15
n539_1[G729+2]:
	(8,19) 8
	[1,2] 1
n539_2[n363]:
	(8,19) 27
	[1,2] 2
n363_1[n174]:
	(20,9) 75
	[2,1] 6
n363_2[n192]:
	(20,9) 46
	[2,1] 4
n363_3[n75]:
	(20,9) 26
	[2,1] 2
n538_1[G726+2]:
	(8,9) 8
	[1,1] 1
n538_2[n465]:
	(8,9) 42
	[1,1] 3
n465_1[n267]:
	(10,9) 86
	[1,1] 7
n465_2[n290]:
	(10,9) 103
	[1,1] 9
n465_3[n88]:
	(10,9) 41
	[1,1] 3
n537_1[n538+2]:
	(8,9) 16
	[1,1] 2
n537_2[n458]:
	(8,9) 40
	[1,1] 3
n458_1[n295]:
	(10,9) 174
	[1,1] 18
n458_2[n89]:
	(10,9) 39
	[1,1] 3
n536_1[n537+2]:
	(8,9) 24
	[1,1] 3
n536_2[n378]:
	(8,9) 6
	[1,1] 0
n378_1[n153]:
	(10,9) 127
	[1,1] 10
n378_2[n231]:
	(10,9) 111
	[1,1] 9
n378_3[n335]:
	(10,9) 263
	[1,1] 22
n378_4[n429]:
	(10,9) 70
	[1,1] 6
n378_5[n99]:
	(10,9) 5
	[1,1] 0
n535_1[n536+2]:
	(8,24) 14
	[1,4] 1
n535_2[n360]:
	(8,24) 25
	[1,4] 2
n360_1[n146]:
	(25,9) 24
	[4,1] 2
n360_2[n177]:
	(25,9) 148
	[4,1] 14
n360_3[n100]:
	(25,9) 32
	[4,1] 2
n534_1[n535+2]:
	(8,19) 22
	[1,3] 2
n534_2[n433]:
	(8,19) 32
	[1,3] 2
n533_1[n534+2]:
	(8,14) 30
	[1,2] 3
n533_2[n434]:
	(8,14) 40
	[1,2] 3
n532_1[n533+2]:
	(8,9) 38
	[1,1] 4
n532_2[n432]:
	(8,9) 35
	[1,1] 2
n432_1[n184]:
	(10,9) 34
	[1,1] 2
n432_2[n104]:
	(10,9) 35
	[1,1] 2
n531_1[n532+2]:
	(8,11) 43
	[1,1] 3
n531_2[n370]:
	(8,11) 59
	[1,1] 5
n370_1[n195]:
	(12,9) 68
	[1,1] 5
n370_2[n145]:
	(12,9) 58
	[1,1] 5
n530_1[n531+2]:
	(8,11) 51
	[1,1] 4
n530_2[n371]:
	(8,11) 61
	[1,1] 5
n371_1[n198]:
	(12,9) 76
	[1,1] 6
n371_2[n144]:
	(12,9) 60
	[1,1] 5
n529_1[n530+2]:
	(8,16) 59
	[1,2] 5
n529_2[n345]:
	(8,16) 42
	[1,2] 3
n345_1[G713+2]:
	(17,9) 41
	[2,1] 3
n345_2[n162]:
	(17,9) 200
	[2,1] 16
n345_3[n201]:
	(17,9) 119
	[2,1] 9
n345_4[n300+1]:
	(17,9) 96
	[2,1] 8
n528_1[n529+2]:
	(8,11) 50
	[1,1] 4
n528_2[n444]:
	(8,11) 76
	[1,1] 6
n444_1[n205]:
	(12,9) 75
	[1,1] 6
n444_2[n304]:
	(12,9) 210
	[1,1] 19
n444_3[n306+1]:
	(12,9) 223
	[1,1] 20
n527_1[n528+2]:
	(8,11) 58
	[1,1] 5
n527_2[n445]:
	(8,11) 84
	[1,1] 7
n445_1[n207]:
	(12,9) 83
	[1,1] 7
n445_2[n305]:
	(12,9) 210
	[1,1] 19
n445_3[n306+1]:
	(12,9) 223
	[1,1] 20
n526_1[n527+2]:
	(8,11) 66
	[1,1] 6
n526_2[n446]:
	(8,11) 92
	[1,1] 8
n446_1[n209]:
	(12,9) 91
	[1,1] 8
n446_2[n302]:
	(12,9) 210
	[1,1] 19
n446_3[n306+2]:
	(12,9) 223
	[1,1] 20
n525_1[n526+2]:
	(8,11) 74
	[1,1] 7
n525_2[n447]:
	(8,11) 100
	[1,1] 9
n447_1[n211]:
	(12,9) 99
	[1,1] 9
n447_2[n303]:
	(12,9) 210
	[1,1] 19
n447_3[n306+2]:
	(12,9) 223
	[1,1] 20
n524_1[n525+2]:
	(8,37) 82
	[1,6] 8
n524_2[n472]:
	(8,37) 136
	[1,6] 12
n472_1[n214]:
	(38,9) 135
	[6,1] 12
n472_2[n106]:
	(38,9) 208
	[6,1] 17
n523_1[n524+2]:
	(8,32) 90
	[1,5] 9
n523_2[n369]:
	(8,32) 157
	[1,5] 14
n369_1[n216]:
	(33,9) 156
	[5,1] 14
n369_2[n107]:
	(33,9) 210
	[5,1] 19
n522_1[n523+2]:
	(8,27) 98
	[1,4] 10
n522_2[n471]:
	(8,27) 150
	[1,4] 14
n471_1[n219]:
	(28,9) 149
	[4,1] 14
n471_2[n108]:
	(28,9) 210
	[4,1] 19
n521_1[n522+2]:
	(8,22) 106
	[1,3] 11
n521_2[n356]:
	(8,22) 171
	[1,3] 16
n356_1[n220]:
	(23,9) 170
	[3,1] 16
n356_2[n109]:
	(23,9) 210
	[3,1] 19
n520_1[n521+2]:
	(8,17) 114
	[1,2] 12
n520_2[n346]:
	(8,17) 164
	[1,2] 16
n346_1[n223]:
	(18,9) 163
	[2,1] 16
n346_2[n110]:
	(18,9) 210
	[2,1] 19
n519_1[n520+2]:
	(8,12) 122
	[1,1] 13
n519_2[n452]:
	(8,12) 76
	[1,1] 6
n452_1[n234]:
	(13,9) 117
	[1,1] 9
n452_2[n340+1]:
	(13,9) 90
	[1,1] 8
n452_3[n338]:
	(13,9) 75
	[1,1] 6
n518_1[n519+2]:
	(8,12) 84
	[1,1] 7
n518_2[n451]:
	(8,12) 71
	[1,1] 6
n451_1[n240]:
	(13,9) 112
	[1,1] 9
n451_2[n340+1]:
	(13,9) 90
	[1,1] 8
n451_3[n336]:
	(13,9) 70
	[1,1] 6
n517_1[n518+2]:
	(8,12) 79
	[1,1] 7
n517_2[n450]:
	(8,12) 71
	[1,1] 6
n450_1[n243]:
	(13,9) 112
	[1,1] 9
n450_2[n340]:
	(13,9) 85
	[1,1] 7
n450_3[n337]:
	(13,9) 70
	[1,1] 6
n516_1[n517+2]:
	(8,85) 79
	[1,9] 7
n516_2[n372]:
	(8,85) 76
	[1,9] 6
n372_1[n245]:
	(86,9) 151
	[9,1] 13
n372_2[n244+1]:
	(86,9) 323
	[9,1] 30
n372_3[n339]:
	(86,9) 75
	[9,1] 6
n515_1[n516+2]:
	(8,80) 84
	[1,8] 7
n515_2[n351]:
	(8,80) 76
	[1,8] 6
n351_1[n246]:
	(81,9) 175
	[8,1] 15
n351_2[n244+1]:
	(81,9) 328
	[8,1] 31
n351_3[n248]:
	(81,9) 151
	[8,1] 13
n351_4[n338]:
	(81,9) 75
	[8,1] 6
n514_1[n515+2]:
	(8,75) 84
	[1,8] 7
n514_2[n358]:
	(8,75) 71
	[1,8] 6
n358_1[n249]:
	(76,9) 159
	[8,1] 14
n358_2[n336]:
	(76,9) 70
	[8,1] 6
n358_3[n113]:
	(76,9) 224
	[8,1] 20
n513_1[n514+2]:
	(8,70) 79
	[1,7] 7
n513_2[n352]:
	(8,70) 71
	[1,7] 6
n352_1[n337]:
	(71,9) 70
	[7,1] 6
n352_2[n114]:
	(71,9) 136
	[7,1] 12
n512_1[n513+2]:
	(8,65) 79
	[1,6] 7
n512_2[n366]:
	(8,65) 97
	[1,6] 8
n366_1[n256]:
	(66,9) 135
	[6,1] 12
n366_2[n300+1]:
	(66,9) 96
	[6,1] 8
n511_1[n512+2]:
	(8,60) 87
	[1,5] 8
n511_2[n435]:
	(8,60) 104
	[1,5] 9
n510_1[n511+2]:
	(8,69) 95
	[1,6] 9
n510_2[n473]:
	(8,69) 70
	[1,6] 6
n473_1[n428]:
	(70,9) 69
	[6,1] 6
n473_2[n116]:
	(70,9) 70
	[6,1] 6
n509_1[n510+2]:
	(8,64) 78
	[1,5] 7
n509_2[n350]:
	(8,64) 93
	[1,5] 7
n350_1[n236]:
	(65,9) 92
	[5,1] 7
n350_2[n117]:
	(65,9) 93
	[5,1] 7
n436_1[n171]:
	(8,79) 87
	[1,10] 7
n436_2[n178+1]:
	(8,79) 241
	[1,10] 26
n436_3[n118]:
	(8,79) 121
	[1,10] 10
n436_4[n509+2]:
	(8,79) 86
	[1,10] 8
n508_1[n436+2]:
	(8,74) 94
	[1,9] 8
n508_2[n437]:
	(8,74) 129
	[1,9] 11
n507_1[n508+2]:
	(8,69) 102
	[1,8] 9
n507_2[n438]:
	(8,69) 137
	[1,8] 12
n438_1[n274]:
	(70,9) 192
	[8,1] 18
n438_2[n275]:
	(70,9) 136
	[8,1] 12
n506_1[n507+2]:
	(8,64) 110
	[1,7] 10
n506_2[n361]:
	(8,64) 86
	[1,7] 7
n361_1[n172]:
	(65,9) 85
	[7,1] 7
n361_2[n276]:
	(65,9) 119
	[7,1] 10
n361_3[n254]:
	(65,9) 243
	[7,1] 22
n505_1[n506+2]:
	(8,59) 94
	[1,6] 8
n505_2[n443]:
	(8,59) 128
	[1,6] 11
n443_1[n277]:
	(60,9) 144
	[6,1] 12
n443_2[n120]:
	(60,9) 127
	[6,1] 11
n504_1[n505+2]:
	(8,54) 102
	[1,5] 9
n504_2[n439]:
	(8,54) 150
	[1,5] 13
n439_1[n280]:
	(55,9) 152
	[5,1] 13
n439_2[n282]:
	(55,9) 149
	[5,1] 13
n503_1[n504+2]:
	(8,54) 110
	[1,6] 10
n503_2[n448]:
	(8,54) 145
	[1,6] 13
n502_1[n503+2]:
	(8,49) 118
	[1,5] 11
n502_2[n440]:
	(8,49) 166
	[1,5] 15
n440_1[n285]:
	(50,9) 201
	[5,1] 18
n440_2[n286]:
	(50,9) 165
	[5,1] 15
n501_1[n502+2]:
	(8,44) 126
	[1,4] 12
n501_2[n449]:
	(8,44) 174
	[1,4] 16
n449_1[n287]:
	(45,9) 185
	[4,1] 17
n449_2[n289]:
	(45,9) 173
	[4,1] 16
n500_1[n501+2]:
	(8,51) 134
	[1,6] 13
n500_2[n442]:
	(8,51) 122
	[1,6] 12
n442_1[n291]:
	(52,9) 157
	[6,1] 15
n442_2[n270]:
	(52,9) 121
	[6,1] 12
n499_1[n500+2]:
	(8,46) 130
	[1,5] 13
n499_2[n373]:
	(8,46) 176
	[1,5] 17
n373_1[n292+1]:
	(47,9) 209
	[5,1] 20
n373_2[n293]:
	(47,9) 175
	[5,1] 17
n498_1[n499+2]:
	(8,41) 138
	[1,4] 14
n498_2[n441]:
	(8,41) 173
	[1,4] 17
n441_1[n292+1]:
	(42,9) 214
	[4,1] 21
n441_2[n296]:
	(42,9) 185
	[4,1] 18
n441_3[n297]:
	(42,9) 172
	[4,1] 17
n497_1[n498+2]:
	(8,37) 146
	[1,5] 15
n497_2[n456]:
	(8,37) 187
	[1,5] 18
n496_1[n497+2]:
	(8,32) 154
	[1,4] 16
n496_2[n455]:
	(8,32) 175
	[1,4] 17
n495_1[n496+2]:
	(8,27) 162
	[1,3] 17
n495_2[n454]:
	(8,27) 183
	[1,3] 18
n494_1[n495+2]:
	(8,22) 170
	[1,2] 18
n494_2[n453]:
	(8,22) 191
	[1,2] 19
n493_1[n494+2]:
	(8,64) 178
	[1,8] 19
n493_2[n357]:
	(8,64) 171
	[1,8] 14
n357_1[n319]:
	(65,9) 207
	[8,1] 17
n357_2[n166]:
	(65,9) 187
	[8,1] 15
n357_3[n402]:
	(65,9) 170
	[8,1] 14
n492_1[n493+2]:
	(8,59) 179
	[1,7] 15
n492_2[n354]:
	(8,59) 203
	[1,7] 16
n354_1[n164]:
	(60,9) 274
	[7,1] 20
n354_2[n320+1]:
	(60,9) 304
	[7,1] 26
n354_3[n321]:
	(60,9) 227
	[7,1] 19
n354_4[n406]:
	(60,9) 202
	[7,1] 16
n491_1[n492+2]:
	(8,54) 187
	[1,6] 16
n491_2[n470]:
	(8,54) 229
	[1,6] 19
n470_1[n320+1]:
	(55,9) 309
	[6,1] 27
n470_2[n323]:
	(55,9) 269
	[6,1] 22
n470_3[n324]:
	(55,9) 228
	[6,1] 19
n470_4[n168]:
	(55,9) 274
	[6,1] 20
n470_5[n126]:
	(55,9) 281
	[6,1] 22
n490_1[n491+2]:
	(8,49) 195
	[1,6] 17
n490_2[n353]:
	(8,49) 250
	[1,6] 20
n353_1[n325]:
	(50,9) 249
	[6,1] 21
n353_2[n127]:
	(50,9) 268
	[6,1] 20
n489_1[n490+2]:
	(8,44) 203
	[1,5] 18
n489_2[n469]:
	(8,44) 245
	[1,5] 19
n469_1[n165]:
	(45,9) 265
	[5,1] 19
n469_2[n128]:
	(45,9) 244
	[5,1] 21
n488_1[n489+2]:
	(8,39) 211
	[1,5] 19
n488_2[n459]:
	(8,39) 113
	[1,5] 11
n460_1[n130]:
	(8,34) 92
	[1,4] 8
n460_2[n488+2]:
	(8,34) 121
	[1,4] 12
n487_1[n460+2]:
	(8,29) 100
	[1,3] 9
n487_2[n461]:
	(8,29) 92
	[1,3] 8
n461_1[n347]:
	(30,9) 114
	[3,1] 10
n461_2[n344]:
	(30,9) 91
	[3,1] 8
n486_1[n487+2]:
	(8,34) 100
	[1,4] 9
n486_2[n364]:
	(8,34) 95
	[1,4] 8
n364_1[n228]:
	(35,9) 202
	[4,1] 16
n364_2[n264]:
	(35,9) 94
	[4,1] 8
n364_3[n299+1]:
	(35,9) 215
	[4,1] 19
n364_4[n348]:
	(35,9) 130
	[4,1] 11
n485_1[n486+2]:
	(8,29) 103
	[1,4] 9
n485_2[n374]:
	(8,29) 140
	[1,4] 12
n374_1[n349]:
	(30,9) 163
	[4,1] 14
n374_2[n131]:
	(30,9) 139
	[4,1] 12
n457_1[n365]:
	(8,24) 134
	[1,3] 12
n457_2[n132]:
	(8,24) 161
	[1,3] 14
n457_3[n485+2]:
	(8,24) 111
	[1,3] 10
n484_1[n457+2]:
	(8,19) 119
	[1,2] 11
n484_2[n462]:
	(8,19) 87
	[1,2] 7
n462_1[n267]:
	(20,9) 86
	[2,1] 7
n462_2[n133]:
	(20,9) 99
	[2,1] 8
n483_1[n484+2]:
	(8,54) 95
	[1,8] 8
n483_2[n359]:
	(8,54) 90
	[1,8] 7
n359_1[n381]:
	(55,9) 125
	[8,1] 10
n359_2[n134]:
	(55,9) 89
	[8,1] 7
n482_1[n483+2]:
	(8,49) 98
	[1,7] 8
n482_2[n367]:
	(8,49) 133
	[1,7] 11
n367_1[n227]:
	(50,9) 246
	[7,1] 26
n367_2[n382]:
	(50,9) 132
	[7,1] 11
n481_1[n482+2]:
	(8,44) 106
	[1,6] 9
n481_2[n375]:
	(8,44) 140
	[1,6] 12
n375_1[n383+1]:
	(45,9) 228
	[6,1] 22
n375_2[n384]:
	(45,9) 139
	[6,1] 12
n480_1[n481+2]:
	(8,39) 114
	[1,5] 10
n480_2[n463]:
	(8,39) 138
	[1,5] 12
n463_1[n383+1]:
	(40,9) 233
	[5,1] 23
n463_2[n386]:
	(40,9) 195
	[5,1] 18
n463_3[n387]:
	(40,9) 137
	[5,1] 12
n479_1[n480+2]:
	(8,34) 122
	[1,4] 11
n479_2[n376]:
	(8,34) 157
	[1,4] 14
n376_1[n385+1]:
	(35,9) 156
	[4,1] 14
n376_2[n388]:
	(35,9) 169
	[4,1] 15
n464_1[n385+1]:
	(8,29) 183
	[1,3] 17
n464_2[n390]:
	(8,29) 166
	[1,3] 15
n464_3[n391]:
	(8,29) 153
	[1,3] 14
n464_4[n479+2]:
	(8,29) 130
	[1,3] 12
n478_1[n464+2]:
	(8,36) 138
	[1,7] 13
n478_2[n466]:
	(8,36) 150
	[1,7] 15
n467_1[n180]:
	(8,31) 178
	[1,6] 21
n467_2[n395]:
	(8,31) 180
	[1,6] 17
n467_3[n478+2]:
	(8,31) 146
	[1,6] 14
n477_1[n467+2]:
	(8,26) 154
	[1,5] 15
n477_2[n368]:
	(8,26) 160
	[1,5] 17
n368_1[n396]:
	(27,9) 159
	[5,1] 17
n368_2[n397]:
	(27,9) 210
	[5,1] 20
n476_1[n477+2]:
	(8,21) 162
	[1,4] 16
n476_2[n377]:
	(8,21) 187
	[1,4] 21
n377_1[n399]:
	(22,9) 226
	[4,1] 23
n377_2[n136]:
	(22,9) 186
	[4,1] 21
n468_1[n401]:
	(8,16) 207
	[1,3] 20
n468_2[n137]:
	(8,16) 200
	[1,3] 23
n468_3[n476+2]:
	(8,16) 170
	[1,3] 17
G23_1[n330]:
	(8,11) 192
	[1,2] 19
G23_2[n468+2]:
	(8,11) 178
	[1,2] 18
G22_1[n332]:
	(8,6) 199
	[1,1] 19
G22_2[G23+2]:
	(8,6) 186
	[1,1] 19
n98_1[n152]:
	(27,46) 88
	[2,4] 7
n98_2[n224]:
	(27,46) 157
	[2,4] 12
n98_3[n264]:
	(27,46) 57
	[2,4] 5

-----------------------------------
Sum of T(sa0)s: ∞
Sum of T(sa1)s: ∞
Testability index: ∞