0:
	(1,1) 1
	[0,0] 0
1:
	(1,1) 6
	[0,0] 1
x:
	(1,1) ∞
	[0,0] ∞
n0:
	(1,1) 14
	[0,0] 2
n1:
	(1,1) 17
	[0,0] 1
n2:
	(1,1) 19
	[0,0] 0
n3:
	(1,1) 7
	[0,0] 0
n4[1]:
	(1,1) 36
	[0,0] 0
n4[0]:
	(1,1) 28
	[0,0] 0
n5[1]:
	(1,1) 22
	[0,0] 0
n5[0]:
	(1,1) 7
	[0,0] 0
n12[0]:
	(2,2) 0
	[0,0] 0
n12[1]:
	(2,2) 0
	[0,0] 0
n12[2]:
	(2,2) 0
	[0,0] 0
n12[3]:
	(2,2) 0
	[0,0] 0
n11[2]:
	(2,2) 0
	[0,0] 0
n11[3]:
	(2,2) 0
	[0,0] 0
n9[0]:
	(8,4) 0
	[1,0] 0
n9[1]:
	(8,4) 0
	[1,0] 0
n9[2]:
	(8,4) 0
	[1,0] 0
n9[3]:
	(2,2) 0
	[0,0] 0
n9[4]:
	(8,4) 0
	[1,0] 0
n9[5]:
	(8,4) 0
	[1,0] 0
n9[6]:
	(2,2) 0
	[0,0] 0
n8[0]:
	(8,4) 0
	[1,0] 0
n8[1]:
	(2,2) 0
	[0,0] 0
n8[2]:
	(2,2) 0
	[0,0] 0
n8[3]:
	(8,4) 0
	[1,0] 0
n8[4]:
	(8,4) 0
	[1,0] 0
n8[5]:
	(8,4) 0
	[1,0] 0
n7:
	(2,2) 0
	[0,0] 0
n28:
	(11,66) 25
	[0,0] 2
n13[0]+1:
	(2,2) 22
	[0,0] 2
n13[0]+2:
	(2,2) 10
	[0,0] 1
n13[0]+3:
	(4,10) 8
	[1,1] 0
n13[0]:
	(7,3) 5
	[1,0] 0
n27:
	(2,6) 12
	[0,0] 1
n6+1:
	(2,2) 23
	[0,0] 3
n6+2:
	(2,2) 5
	[0,0] 1
n6+3:
	(4,16) 3
	[1,2] 0
n6:
	(7,3) 0
	[1,0] 0
n26:
	(4,11) 14
	[0,1] 1
n8[6]+1:
	(2,2) 14
	[0,0] 2
n8[6]+2:
	(2,2) 5
	[0,0] 1
n8[6]+3:
	(4,7) 3
	[1,1] 0
n8[6]:
	(7,3) 0
	[1,0] 0
n25:
	(3,14) 22
	[0,0] 2
n24:
	(4,12) 7
	[0,1] 1
n23:
	(4,8) 15
	[0,1] 2
n22:
	(2,2) 34
	[0,0] 2
n11[1]:
	(16,31) 0
	[0,0] 0
n11[0]:
	(30,38) 0
	[0,0] 0
n21:
	(10,65) 21
	[0,0] 0
n20:
	(47,19) 39
	[0,0] 0
n19:
	(17,9) 69
	[0,0] 0
n18:
	(27,29) 11
	[0,0] 0
n17:
	(20,15) 11
	[0,0] 0
n29:
	(65,10) 26
	[0,0] 2
n16:
	(47,19) 44
	[0,0] 2
n15:
	(17,9) 74
	[0,0] 2
n14[5]:
	(14,19) 12
	[0,0] 0
n14[4]:
	(28,26) 12
	[0,0] 0
n77:
	(8,24) 18
	[0,0] 0
n76:
	(17,19) 21
	[0,0] 0
n10[3]:
	(27,26) 0
	[0,0] 0
n75:
	(13,24) 27
	[0,0] 0
n10[2]:
	(19,18) 0
	[0,0] 0
n74:
	(17,13) 13
	[0,0] 0
n73:
	(7,24) 19
	[0,0] 0
n72:
	(13,12) 14
	[0,0] 0
n71:
	(13,12) 6
	[0,0] 0
n10[1]:
	(13,12) 0
	[0,0] 0
n70:
	(17,6) 26
	[0,0] 0
n69:
	(5,16) 7
	[0,0] 0
n68:
	(6,12) 12
	[0,0] 0
n67:
	(6,12) 20
	[0,0] 0
n66:
	(5,16) 13
	[0,0] 0
n65:
	(6,12) 6
	[0,0] 0
n64:
	(5,16) 21
	[0,0] 0
n63:
	(8,10) 24
	[0,0] 0
n62:
	(9,7) 25
	[0,0] 0
n61:
	(8,10) 10
	[0,0] 0
n60:
	(9,7) 11
	[0,0] 0
n59:
	(8,12) 30
	[0,0] 0
n58:
	(8,10) 16
	[0,0] 0
n57:
	(9,7) 17
	[0,0] 0
n56:
	(3,8) 29
	[0,0] 0
n55:
	(3,8) 15
	[0,0] 0
n10[0]:
	(3,8) 0
	[0,0] 0
n54:
	(3,8) 21
	[0,0] 0
n53:
	(5,18) 21
	[0,0] 0
n52:
	(6,7) 36
	[0,0] 0
n51:
	(3,10) 15
	[0,0] 0
n50:
	(3,10) 21
	[0,0] 0
n49:
	(3,10) 29
	[0,0] 0
n48:
	(11,4) 28
	[0,0] 0
n47:
	(3,10) 29
	[0,0] 0
n46:
	(5,5) 3
	[0,0] 0
n45:
	(6,4) 23
	[0,0] 0
n44:
	(3,5) 21
	[0,0] 0
n43:
	(7,3) 18
	[0,0] 0
n42:
	(6,4) 33
	[0,0] 0
n41:
	(3,5) 34
	[0,0] 0
n40:
	(6,4) 17
	[0,0] 0
n39:
	(3,5) 15
	[0,0] 0
n38:
	(6,4) 31
	[0,0] 0
n37:
	(3,5) 29
	[0,0] 0
n36:
	(2,2) 27
	[0,0] 0
n35:
	(2,2) 6
	[0,0] 0
n34:
	(2,2) 23
	[0,0] 0
n33:
	(4,8) 21
	[0,1] 0
n32:
	(2,2) 18
	[0,0] 0
n31:
	(2,2) 35
	[0,0] 0
n30:
	(2,2) 21
	[0,0] 0

-----------------------------------
Sum of T(sa0)s: ∞
Sum of T(sa1)s: ∞
Testability index: ∞