0:
	(1,1) 269
	[0,0] 35
1:
	(1,1) 94
	[0,0] 6
x:
	(1,1) ∞
	[0,0] ∞
xmit_dataH[7]:
	(1,1) 142
	[0,0] 16
xmit_dataH[6]:
	(1,1) 145
	[0,0] 17
xmit_dataH[5]:
	(1,1) 155
	[0,0] 18
xmit_dataH[4]:
	(1,1) 165
	[0,0] 19
xmit_dataH[3]:
	(1,1) 175
	[0,0] 20
xmit_dataH[2]:
	(1,1) 185
	[0,0] 21
xmit_dataH[1]:
	(1,1) 195
	[0,0] 22
xmit_dataH[0]:
	(1,1) 205
	[0,0] 23
sys_clk:
	(1,1) 14
	[0,0] 2
sys_rst_l:
	(1,1) 15
	[0,0] 2
xmitH:
	(1,1) 36
	[0,0] 4
uart_REC_dataH:
	(1,1) 21
	[0,0] 2
test_mode:
	(1,1) 94
	[0,0] 6
test_se:
	(1,1) 12
	[0,0] 1
test_si:
	(1,1) 83
	[0,0] 7
iXMIT_state_1_:
	(5,94) 21
	[1,12] 3
xmit_doneH:
	(5,23) 0
	[1,2] 0
iCTRL:
	(251,4) 19
	[33,0] 2
iRECEIVER_CTRL+1:
	(38,30) 232
	[5,3] 30
iRECEIVER_CTRL+2:
	(38,26) 232
	[5,3] 30
iRECEIVER_CTRL:
	(77,27) 193
	[10,3] 25
iRECEIVER_bitCell_CTRL+1:
	(43,10) 260
	[6,2] 33
iRECEIVER_bitCell_CTRL+2:
	(24,5) 265
	[3,1] 34
iRECEIVER_bitCell_CTRL:
	(16,25) 254
	[3,3] 32
iRECEIVER_N_CTRL_2_+1:
	(119,10) 260
	[12,1] 34
iRECEIVER_N_CTRL_2_+2:
	(80,10) 260
	[9,1] 34
iRECEIVER_N_CTRL_2_:
	(21,81) 249
	[2,9] 33
iRECEIVER_N_CTRL_1_+1:
	(84,12) 258
	[11,2] 33
iRECEIVER_N_CTRL_1_+2:
	(97,10) 260
	[11,1] 34
iRECEIVER_N_CTRL_1_:
	(23,85) 247
	[3,11] 32
iRECEIVER_state_CTRL+1:
	(33,8) 262
	[3,1] 34
iRECEIVER_state_CTRL+2:
	(28,5) 265
	[3,1] 34
iRECEIVER_state_CTRL:
	(14,29) 256
	[2,3] 33
iXMIT_CRTL+1:
	(136,2) 134
	[17,0] 18
iXMIT_CRTL+2:
	(36,158) 234
	[6,19] 29
iXMIT_CRTL:
	(173,3) 97
	[23,0] 12
iXMIT_xmit_CTRL+1:
	(156,5) 265
	[19,1] 34
iXMIT_xmit_CTRL+2:
	(217,5) 265
	[26,1] 34
iXMIT_xmit_CTRL:
	(11,157) 259
	[2,19] 33
iXMIT_N_CTRL_2_+1:
	(293,11) 259
	[38,2] 33
iXMIT_N_CTRL_2_+2:
	(168,12) 258
	[22,2] 33
iXMIT_N_CTRL_2_:
	(24,169) 246
	[4,22] 31
iXMIT_N_CTRL_1_+1:
	(11,42) 228
	[2,5] 30
iXMIT_N_CTRL_1_+2:
	(11,91) 179
	[2,12] 23
iXMIT_N_CTRL_1_:
	(134,12) 136
	[17,2] 18
iRECEIVER_N28:
	(11,45) 99
	[2,6] 10
n275:
	(6,75) 104
	[1,9] 11
iRECEIVER_N27:
	(11,38) 109
	[2,5] 11
iRECEIVER_N26:
	(9,22) 119
	[2,3] 12
iRECEIVER_N19:
	(11,36) 91
	[2,5] 7
n273:
	(6,48) 96
	[1,6] 8
iRECEIVER_N18:
	(11,29) 101
	[2,4] 8
iRECEIVER_N17:
	(9,13) 111
	[2,2] 9
iXMIT_N46:
	(11,82) 307
	[2,11] 38
n271:
	(6,186) 312
	[1,24] 39
iXMIT_N45:
	(11,75) 317
	[2,10] 39
iXMIT_N44:
	(9,59) 327
	[2,8] 40
iXMIT_N25:
	(11,54) 181
	[2,7] 22
n269:
	(6,98) 186
	[1,12] 23
iXMIT_N24:
	(11,47) 191
	[2,6] 23
iXMIT_N23:
	(9,29) 203
	[2,4] 24
n28:
	(3,94) 46
	[0,12] 4
iXMIT_xmit_doneInH:
	(17,10) 15
	[2,1] 1
n272:
	(24,5) 107
	[3,1] 9
n268:
	(56,5) 197
	[7,1] 24
n274:
	(42,5) 115
	[5,1] 12
n53:
	(66,7) 244
	[9,1] 30
n270:
	(116,5) 323
	[15,1] 40
iXMIT_next_state_1_:
	(24,97) 36
	[3,12] 3
n43:
	(99,2) 44
	[12,0] 4
n211:
	(21,100) 25
	[2,12] 2
iXMIT_next_state_0_:
	(30,105) 46
	[4,14] 4
n18:
	(31,5) 74
	[3,0] 6
n83:
	(39,7) 69
	[4,1] 6
n91+1:
	(52,5) 63
	[7,1] 5
n91+2:
	(21,5) 63
	[3,1] 5
n91:
	(11,22) 57
	[2,3] 4
n79:
	(23,12) 56
	[3,2] 4
n93+1:
	(12,16) 112
	[1,2] 10
n93+2:
	(24,6) 100
	[2,1] 9
n93:
	(7,25) 99
	[1,2] 9
n85+1:
	(28,5) 125
	[4,1] 11
n85+2:
	(11,17) 113
	[2,2] 10
n85:
	(23,12) 107
	[3,2] 9
n88:
	(13,24) 112
	[2,3] 12
n94+1:
	(5,37) 119
	[0,4] 11
n94+2:
	(10,18) 114
	[1,2] 10
n94:
	(19,11) 113
	[2,1] 10
n92:
	(8,37) 87
	[1,3] 8
iRECEIVER_N20:
	(9,43) 83
	[1,4] 7
iRECEIVER_N21:
	(9,51) 73
	[1,5] 6
iRECEIVER_N22:
	(9,67) 63
	[1,7] 5
iRECEIVER_N23:
	(9,74) 53
	[1,8] 4
n80:
	(6,16) 52
	[1,1] 5
n89:
	(25,9) 102
	[3,2] 11
n86+1:
	(55,5) 110
	[6,1] 11
n86+2:
	(15,19) 96
	[3,2] 10
n86:
	(25,16) 90
	[3,3] 9
n87+1:
	(5,35) 101
	[1,4] 11
n87+2:
	(12,9) 94
	[1,1] 11
n87+3:
	(18,10) 88
	[2,1] 10
n87:
	(11,19) 87
	[1,2] 10
iRECEIVER_next_state_0_+1:
	(13,19) 63
	[2,2] 6
iRECEIVER_next_state_0_+2:
	(36,12) 70
	[5,1] 7
iRECEIVER_next_state_0_:
	(32,14) 50
	[3,2] 5
n84+1:
	(5,23) 96
	[1,3] 8
n84+2:
	(10,13) 91
	[1,1] 8
n84:
	(14,11) 90
	[1,1] 8
n81:
	(26,4) 78
	[2,0] 7
n82+1:
	(11,12) 90
	[2,1] 8
n82:
	(25,5) 77
	[2,0] 7
n8:
	(4,30) 45
	[0,3] 3
iRECEIVER_next_state_1_+1:
	(10,26) 72
	[0,2] 7
iRECEIVER_next_state_1_+2:
	(13,32) 66
	[1,3] 6
iRECEIVER_next_state_1_:
	(59,11) 39
	[5,0] 4
iRECEIVER_next_state_2_:
	(7,29) 39
	[1,3] 3
n77+1:
	(11,12) 22
	[2,1] 2
n77:
	(16,12) 18
	[1,1] 2
iRECEIVER_rec_readyInH+1:
	(23,6) 24
	[2,1] 2
iRECEIVER_rec_readyInH+2:
	(17,19) 11
	[1,2] 1
iRECEIVER_rec_readyInH:
	(20,18) 10
	[2,1] 1
n75+1:
	(72,5) 105
	[9,1] 12
n75:
	(53,5) 57
	[7,1] 6
n57:
	(6,79) 31
	[1,10] 3
n62:
	(6,104) 70
	[1,14] 7
n72:
	(105,7) 204
	[14,1] 25
n66:
	(6,95) 54
	[1,13] 5
n74:
	(80,7) 215
	[10,1] 27
n54:
	(6,174) 77
	[1,23] 8
n61:
	(6,58) 146
	[1,8] 17
n65:
	(59,7) 145
	[8,1] 17
n73+1:
	(7,103) 119
	[1,14] 14
n73+2:
	(7,182) 119
	[1,24] 14
n73+3:
	(15,104) 111
	[2,14] 13
n73:
	(105,16) 110
	[14,2] 13
n71+1:
	(189,6) 120
	[25,1] 14
n71+2:
	(106,23) 103
	[14,3] 12
n71:
	(24,107) 102
	[3,14] 12
iXMIT_N26:
	(25,113) 96
	[3,15] 11
iXMIT_N27:
	(10,137) 95
	[2,18] 10
iXMIT_N28:
	(12,155) 83
	[2,20] 9
iXMIT_N29:
	(12,162) 73
	[2,21] 8
n69+1:
	(81,6) 313
	[11,1] 40
n69+2:
	(9,62) 385
	[2,8] 49
n69:
	(91,7) 303
	[13,1] 38
n67+1:
	(7,182) 69
	[1,24] 7
n67+2:
	(5,102) 71
	[1,14] 7
n67+3:
	(13,103) 63
	[2,14] 6
n67:
	(104,14) 62
	[14,2] 6
n68+1:
	(7,175) 69
	[1,23] 7
n68+2:
	(14,105) 62
	[2,14] 6
n68:
	(106,15) 61
	[14,2] 6
n63+1:
	(5,97) 55
	[1,13] 5
n63+2:
	(12,96) 48
	[2,13] 4
n63:
	(97,13) 47
	[13,2] 4
n64+1:
	(11,91) 49
	[2,12] 4
n64:
	(93,2) 47
	[12,0] 4
n44+1:
	(5,102) 44
	[1,14] 3
n44+2:
	(9,95) 40
	[1,12] 3
n44:
	(96,10) 39
	[12,1] 3
n60+1:
	(7,233) 40
	[1,31] 5
n60+2:
	(5,187) 42
	[1,25] 5
n60+3:
	(13,188) 34
	[2,25] 4
n60:
	(189,14) 33
	[25,2] 4
iXMIT_next_state_2_:
	(15,190) 32
	[2,25] 4
n58:
	(2,2) 35
	[0,0] 4
n55+1:
	(8,3) 29
	[1,0] 3
n55:
	(9,9) 23
	[1,1] 2
n56+1:
	(179,5) 105
	[24,1] 12
n56:
	(85,7) 25
	[11,1] 2
n51:
	(10,10) 153
	[1,1] 17
n52:
	(175,7) 167
	[23,1] 19
n47:
	(8,242) 100
	[1,32] 10
n46:
	(11,19) 144
	[1,2] 16
n50+1:
	(5,74) 98
	[1,9] 9
n50+2:
	(9,248) 94
	[1,33] 9
n50+3:
	(15,75) 88
	[2,9] 8
n50:
	(76,16) 87
	[9,2] 8
n223:
	(17,77) 86
	[2,9] 8
n49+1:
	(5,81) 88
	[1,10] 8
n49+2:
	(9,302) 84
	[1,40] 8
n49+3:
	(15,82) 78
	[2,10] 7
n49:
	(83,16) 77
	[10,2] 7
n220:
	(17,84) 76
	[2,10] 7
n48+1:
	(5,88) 78
	[1,11] 7
n48+2:
	(9,318) 74
	[1,42] 7
n48+3:
	(15,89) 68
	[2,11] 6
n48:
	(90,16) 67
	[11,2] 6
n217:
	(17,91) 66
	[2,11] 6
n45+1:
	(5,95) 68
	[1,12] 6
n45+2:
	(9,325) 64
	[1,43] 6
n45+3:
	(15,96) 58
	[2,12] 5
n45:
	(97,16) 57
	[12,2] 5
n214:
	(17,98) 56
	[2,12] 5
n29:
	(11,100) 35
	[1,12] 3
n42+1:
	(5,119) 41
	[1,14] 3
n42+2:
	(17,101) 29
	[2,12] 2
n42:
	(102,18) 28
	[12,2] 2
n26:
	(11,97) 46
	[1,12] 4
n41+1:
	(2,96) 50
	[0,12] 5
n41+2:
	(5,209) 47
	[1,25] 4
n41+3:
	(8,97) 44
	[1,12] 4
n41:
	(98,9) 43
	[12,1] 4
n208+1:
	(121,6) 46
	[14,1] 4
n208+2:
	(99,16) 36
	[12,2] 3
n208:
	(17,100) 35
	[2,12] 3
n39+1:
	(2,96) 60
	[0,12] 6
n39+2:
	(5,209) 57
	[1,25] 5
n39+3:
	(8,97) 54
	[1,12] 5
n39:
	(98,9) 53
	[12,1] 5
n205+1:
	(121,6) 56
	[14,1] 5
n205+2:
	(99,16) 46
	[12,2] 4
n205:
	(17,100) 45
	[2,12] 4
n37+1:
	(2,96) 70
	[0,12] 7
n37+2:
	(5,209) 67
	[1,25] 6
n37+3:
	(8,97) 64
	[1,12] 6
n37:
	(98,9) 63
	[12,1] 6
n202+1:
	(121,6) 66
	[14,1] 6
n202+2:
	(99,16) 56
	[12,2] 5
n202:
	(17,100) 55
	[2,12] 5
n35+1:
	(2,96) 80
	[0,12] 8
n35+2:
	(5,209) 77
	[1,25] 7
n35+3:
	(8,97) 74
	[1,12] 7
n35:
	(98,9) 73
	[12,1] 7
n199+1:
	(121,6) 76
	[14,1] 7
n199+2:
	(99,16) 66
	[12,2] 6
n199:
	(17,100) 65
	[2,12] 6
n33+1:
	(2,96) 90
	[0,12] 9
n33+2:
	(5,209) 87
	[1,25] 8
n33+3:
	(8,97) 84
	[1,12] 8
n33:
	(98,9) 83
	[12,1] 8
n196+1:
	(121,6) 86
	[14,1] 8
n196+2:
	(99,16) 76
	[12,2] 7
n196:
	(17,100) 75
	[2,12] 7
n31+1:
	(2,96) 100
	[0,12] 10
n31+2:
	(5,209) 97
	[1,25] 9
n31+3:
	(8,97) 94
	[1,12] 9
n31:
	(98,9) 93
	[12,1] 9
n193+1:
	(121,6) 96
	[14,1] 9
n193+2:
	(99,16) 86
	[12,2] 8
n193:
	(17,100) 85
	[2,12] 8
n27+1:
	(2,96) 110
	[0,12] 11
n27+2:
	(5,209) 107
	[1,25] 10
n27+3:
	(8,97) 104
	[1,12] 10
n27:
	(98,9) 103
	[12,1] 10
n190+1:
	(116,6) 106
	[14,1] 10
n190+2:
	(99,16) 96
	[12,2] 9
n190:
	(17,100) 95
	[2,12] 9
n25+1:
	(5,34) 41
	[0,3] 3
n25+2:
	(5,51) 41
	[1,4] 2
n25+3:
	(11,35) 35
	[1,3] 2
n25:
	(36,12) 34
	[3,1] 2
n165:
	(13,37) 33
	[1,3] 2
n24+1:
	(5,76) 51
	[0,7] 4
n24+2:
	(5,84) 51
	[1,8] 3
n24+3:
	(11,77) 45
	[1,7] 3
n24:
	(78,12) 44
	[7,1] 3
n158:
	(13,79) 43
	[1,7] 3
n23+1:
	(5,109) 51
	[0,11] 4
n23+2:
	(5,77) 51
	[1,10] 3
n23+3:
	(11,78) 45
	[1,10] 3
n23:
	(79,12) 44
	[10,1] 3
n151:
	(13,80) 43
	[1,10] 3
n22+1:
	(5,102) 51
	[0,13] 4
n22+2:
	(5,70) 51
	[1,9] 3
n22+3:
	(11,71) 45
	[1,9] 3
n22:
	(72,12) 44
	[9,1] 3
n144:
	(13,73) 43
	[1,9] 3
n21+1:
	(5,95) 51
	[0,12] 4
n21+2:
	(5,63) 51
	[1,8] 3
n21+3:
	(11,64) 45
	[1,8] 3
n21:
	(65,12) 44
	[8,1] 3
n137:
	(13,66) 43
	[1,8] 3
n20+1:
	(5,88) 51
	[0,11] 4
n20+2:
	(5,56) 51
	[1,7] 3
n20+3:
	(11,57) 45
	[1,7] 3
n20:
	(58,12) 44
	[7,1] 3
n130:
	(13,59) 43
	[1,7] 3
n19+1:
	(5,81) 51
	[0,10] 4
n19+2:
	(5,49) 51
	[1,6] 3
n19+3:
	(11,50) 45
	[1,6] 3
n19:
	(51,12) 44
	[6,1] 3
n123:
	(13,52) 43
	[1,6] 3
n17+1:
	(5,74) 51
	[0,9] 4
n17+2:
	(5,42) 51
	[1,5] 3
n17+3:
	(11,43) 45
	[1,5] 3
n17:
	(44,12) 44
	[5,1] 3
n116:
	(13,45) 43
	[1,5] 3
n15+1:
	(9,11) 122
	[1,1] 13
n15+2:
	(10,17) 116
	[1,2] 12
n15:
	(18,11) 115
	[2,1] 12
n9+1:
	(23,6) 120
	[2,1] 12
n9+2:
	(19,18) 108
	[2,2] 11
n9:
	(19,20) 107
	[2,2] 11
n12+1:
	(5,76) 68
	[0,9] 7
n12+2:
	(5,59) 68
	[1,7] 6
n12+3:
	(11,60) 62
	[1,7] 6
n12:
	(61,12) 61
	[7,1] 6
n109:
	(13,62) 60
	[1,7] 6
n11+1:
	(5,36) 98
	[0,4] 10
n11+2:
	(5,38) 98
	[1,4] 9
n11+3:
	(11,37) 92
	[1,4] 9
n11:
	(38,12) 91
	[4,1] 9
n106:
	(13,39) 90
	[1,4] 9
n10+1:
	(5,53) 88
	[0,6] 9
n10+2:
	(5,45) 88
	[1,5] 8
n10+3:
	(11,46) 82
	[1,5] 8
n10:
	(47,12) 81
	[5,1] 8
n103:
	(13,48) 80
	[1,5] 8
n7+1:
	(5,69) 78
	[0,8] 8
n7+2:
	(5,52) 78
	[1,6] 7
n7+3:
	(11,53) 72
	[1,6] 7
n7:
	(54,12) 71
	[6,1] 7
n100:
	(13,55) 70
	[1,6] 7
n3+1:
	(84,11) 210
	[11,2] 26
n3+2:
	(189,6) 105
	[24,1] 13
n3:
	(7,190) 104
	[1,24] 13
n2+1:
	(5,179) 106
	[1,24] 13
n2+2:
	(13,180) 98
	[2,24] 12
n2:
	(181,14) 97
	[24,2] 12
uart_XMIT_dataH+1:
	(10,95) 16
	[2,12] 2
uart_XMIT_dataH+2:
	(11,110) 1
	[2,14] 0
uart_XMIT_dataH:
	(111,12) 0
	[14,2] 0
n371:
	(3,4) 91
	[0,0] 6
n370:
	(3,2) 92
	[0,0] 6
iXMIT_bitCell_cntrH_2_+1:
	(2,2) 117
	[0,0] 14
iXMIT_bitCell_cntrH_2_:
	(4,40) 73
	[1,5] 8
n251:
	(41,5) 197
	[5,1] 24
iXMIT_state_0_+1:
	(2,2) 122
	[0,0] 15
iXMIT_state_0_:
	(4,82) 36
	[1,11] 3
n239:
	(83,5) 141
	[11,1] 16
iXMIT_state_2_+1:
	(2,2) 122
	[0,0] 17
iXMIT_state_2_:
	(4,96) 22
	[1,13] 3
n242:
	(97,5) 32
	[13,1] 3
iXMIT_state_1_temp+1:
	(2,2) 119
	[0,0] 15
iXMIT_state_1_temp:
	(4,89) 26
	[1,12] 2
n246:
	(90,5) 27
	[12,1] 2
iXMIT_bitCountH_0_+1:
	(2,2) 134
	[0,0] 15
iXMIT_bitCountH_0_:
	(4,54) 76
	[1,7] 7
n252:
	(55,5) 337
	[7,1] 41
iXMIT_bitCountH_1_+1:
	(2,2) 131
	[0,0] 15
iXMIT_bitCountH_1_:
	(4,61) 66
	[1,8] 6
iXMIT_bitCountH_2_+1:
	(2,2) 128
	[0,0] 15
iXMIT_bitCountH_2_:
	(4,68) 56
	[1,9] 5
n247:
	(69,5) 323
	[9,1] 40
iXMIT_bitCountH_3_+1:
	(2,2) 125
	[0,0] 15
iXMIT_bitCountH_3_:
	(4,75) 46
	[1,10] 4
n253:
	(76,5) 318
	[10,1] 41
iXMIT_xmit_ShiftRegH_7_+1:
	(2,2) 127
	[0,0] 15
iXMIT_xmit_ShiftRegH_7_:
	(4,108) 15
	[1,13] 1
iXMIT_xmit_ShiftRegH_6_+1:
	(2,2) 137
	[0,0] 16
iXMIT_xmit_ShiftRegH_6_:
	(4,108) 25
	[1,13] 2
n258:
	(109,5) 58
	[13,1] 5
iXMIT_xmit_ShiftRegH_5_+1:
	(2,2) 147
	[0,0] 17
iXMIT_xmit_ShiftRegH_5_:
	(4,108) 35
	[1,13] 3
n259:
	(109,5) 68
	[13,1] 6
iXMIT_xmit_ShiftRegH_4_+1:
	(2,2) 157
	[0,0] 18
iXMIT_xmit_ShiftRegH_4_:
	(4,108) 45
	[1,13] 4
n260:
	(109,5) 78
	[13,1] 7
iXMIT_xmit_ShiftRegH_3_+1:
	(2,2) 167
	[0,0] 19
iXMIT_xmit_ShiftRegH_3_:
	(4,108) 55
	[1,13] 5
n261:
	(109,5) 88
	[13,1] 8
iXMIT_xmit_ShiftRegH_2_+1:
	(2,2) 177
	[0,0] 20
iXMIT_xmit_ShiftRegH_2_:
	(4,108) 65
	[1,13] 6
n262:
	(109,5) 98
	[13,1] 9
iXMIT_xmit_ShiftRegH_1_+1:
	(2,2) 187
	[0,0] 21
iXMIT_xmit_ShiftRegH_1_:
	(4,108) 75
	[1,13] 7
n263:
	(109,5) 108
	[13,1] 10
xmit_doneH_temp+1:
	(2,2) 27
	[0,0] 3
xmit_doneH_temp:
	(4,18) 5
	[1,2] 0
iRECEIVER_state_1_+1:
	(2,2) 43
	[0,0] 5
iRECEIVER_state_1_:
	(4,10) 29
	[1,1] 3
n241:
	(11,5) 28
	[1,1] 3
iRECEIVER_state_0_+1:
	(2,2) 48
	[0,0] 5
iRECEIVER_state_0_+2:
	(8,20) 42
	[1,3] 4
iRECEIVER_state_0_:
	(11,3) 39
	[1,0] 4
n245:
	(4,12) 43
	[0,1] 4
iRECEIVER_bitCell_cntrH_0_+1:
	(2,2) 85
	[0,0] 8
iRECEIVER_bitCell_cntrH_0_:
	(4,8) 73
	[1,1] 6
n255:
	(9,5) 79
	[1,1] 7
iRECEIVER_bitCell_cntrH_1_+1:
	(2,2) 82
	[0,0] 8
iRECEIVER_bitCell_cntrH_1_:
	(4,15) 63
	[1,2] 5
n244:
	(16,5) 119
	[2,1] 11
iRECEIVER_bitCell_cntrH_2_+1:
	(2,2) 79
	[0,0] 8
iRECEIVER_bitCell_cntrH_2_:
	(4,22) 53
	[1,3] 4
n249:
	(23,5) 107
	[3,1] 9
iRECEIVER_bitCell_cntrH_3_+1:
	(2,2) 76
	[0,0] 8
iRECEIVER_bitCell_cntrH_3_:
	(4,29) 43
	[1,4] 3
n256:
	(30,5) 119
	[4,1] 11
iRECEIVER_state_2_+1:
	(2,2) 50
	[0,0] 5
iRECEIVER_state_2_:
	(4,17) 29
	[1,2] 2
n238:
	(18,5) 28
	[2,1] 2
rec_readyH+1:
	(2,2) 14
	[0,0] 2
rec_readyH:
	(4,10) 0
	[1,1] 0
rec_dataH_rec[7]+1:
	(2,2) 72
	[0,0] 6
rec_dataH_rec[7]:
	(4,45) 23
	[1,4] 1
rec_dataH_temp[7]+1:
	(2,2) 83
	[0,0] 6
rec_dataH_temp[7]:
	(17,66) 0
	[1,5] 0
rec_dataH[7]+1:
	(2,2) 78
	[0,0] 7
rec_dataH[7]:
	(4,74) 0
	[1,6] 0
rec_dataH_rec[6]+1:
	(2,2) 115
	[0,0] 11
rec_dataH_rec[6]:
	(4,78) 33
	[1,8] 2
rec_dataH_temp[6]+1:
	(2,2) 126
	[0,0] 11
rec_dataH_temp[6]:
	(17,99) 10
	[1,9] 1
rec_dataH[6]+1:
	(2,2) 71
	[0,0] 10
rec_dataH[6]:
	(4,67) 0
	[1,9] 0
rec_dataH_rec[5]+1:
	(2,2) 108
	[0,0] 13
rec_dataH_rec[5]:
	(4,71) 33
	[1,10] 2
rec_dataH_temp[5]+1:
	(2,2) 119
	[0,0] 13
rec_dataH_temp[5]:
	(17,92) 10
	[1,11] 1
rec_dataH[5]+1:
	(2,2) 64
	[0,0] 9
rec_dataH[5]:
	(4,60) 0
	[1,8] 0
rec_dataH_rec[4]+1:
	(2,2) 101
	[0,0] 12
rec_dataH_rec[4]:
	(4,64) 33
	[1,9] 2
rec_dataH_temp[4]+1:
	(2,2) 112
	[0,0] 12
rec_dataH_temp[4]:
	(17,85) 10
	[1,10] 1
rec_dataH[4]+1:
	(2,2) 57
	[0,0] 8
rec_dataH[4]:
	(4,53) 0
	[1,7] 0
rec_dataH_rec[3]+1:
	(2,2) 94
	[0,0] 11
rec_dataH_rec[3]:
	(4,57) 33
	[1,8] 2
rec_dataH_temp[3]+1:
	(2,2) 105
	[0,0] 11
rec_dataH_temp[3]:
	(17,78) 10
	[1,9] 1
rec_dataH[3]+1:
	(2,2) 50
	[0,0] 7
rec_dataH[3]:
	(4,46) 0
	[1,6] 0
rec_dataH_rec[2]+1:
	(2,2) 87
	[0,0] 10
rec_dataH_rec[2]:
	(4,50) 33
	[1,7] 2
rec_dataH_temp[2]+1:
	(2,2) 98
	[0,0] 10
rec_dataH_temp[2]:
	(17,71) 10
	[1,8] 1
rec_dataH[2]+1:
	(2,2) 43
	[0,0] 6
rec_dataH[2]:
	(4,39) 0
	[1,5] 0
rec_dataH_rec[1]+1:
	(2,2) 80
	[0,0] 9
rec_dataH_rec[1]:
	(4,43) 33
	[1,6] 2
rec_dataH_temp[1]+1:
	(2,2) 91
	[0,0] 9
rec_dataH_temp[1]:
	(17,64) 10
	[1,7] 1
rec_dataH[1]+1:
	(2,2) 36
	[0,0] 5
rec_dataH[1]:
	(4,32) 0
	[1,4] 0
rec_dataH_rec_0_temp+1:
	(2,2) 73
	[0,0] 8
rec_dataH_rec_0_temp:
	(4,36) 33
	[1,5] 2
rec_dataH_temp[0]+1:
	(2,2) 84
	[0,0] 8
rec_dataH_temp[0]:
	(17,57) 10
	[1,6] 1
rec_dataH[0]+1:
	(2,2) 29
	[0,0] 4
rec_dataH[0]:
	(4,25) 0
	[1,3] 0
iRECEIVER_recd_bitCntrH_3_+1:
	(2,2) 92
	[0,0] 11
iRECEIVER_recd_bitCntrH_3_:
	(4,38) 50
	[1,5] 5
iRECEIVER_recd_bitCntrH_0_+1:
	(2,2) 101
	[0,0] 11
iRECEIVER_recd_bitCntrH_0_:
	(4,17) 80
	[1,2] 8
n243:
	(18,5) 106
	[2,1] 12
iRECEIVER_recd_bitCntrH_1_+1:
	(2,2) 98
	[0,0] 11
iRECEIVER_recd_bitCntrH_1_:
	(4,24) 70
	[1,3] 7
iRECEIVER_recd_bitCntrH_2_+1:
	(2,2) 95
	[0,0] 11
iRECEIVER_recd_bitCntrH_2_:
	(4,31) 60
	[1,4] 6
n250:
	(32,5) 115
	[4,1] 12
iXMIT_bitCell_cntrH_3_+1:
	(2,2) 114
	[0,0] 14
iXMIT_bitCell_cntrH_3_:
	(4,47) 63
	[1,6] 7
iXMIT_bitCell_cntrH_0_+1:
	(2,2) 114
	[0,0] 14
iXMIT_bitCell_cntrH_0_:
	(4,24) 86
	[1,3] 10
n254:
	(25,5) 85
	[3,1] 10
iXMIT_bitCell_cntrH_1_+1:
	(2,2) 120
	[0,0] 14
iXMIT_bitCell_cntrH_1_:
	(4,31) 85
	[1,4] 9
n6:
	(32,5) 84
	[4,1] 9
n281+1:
	(2,2) 192
	[0,0] 22
n281:
	(4,103) 85
	[1,13] 8
n257:
	(104,5) 118
	[13,1] 11
iRECEIVER_rec_datSyncH+1:
	(2,2) 18
	[0,0] 2
iRECEIVER_rec_datSyncH+2:
	(7,7) 13
	[1,1] 1
iRECEIVER_rec_datSyncH:
	(10,3) 10
	[1,0] 1
iRECEIVER_rec_datH+1:
	(2,2) 29
	[0,0] 3
iRECEIVER_rec_datH+2:
	(8,9) 23
	[1,1] 2
iRECEIVER_rec_datH:
	(11,3) 20
	[1,0] 2
n248:
	(4,12) 90
	[0,1] 8
None+1:
	(2,2) 279
	[0,0] 37
None:
	(4,40) 235
	[1,5] 31
n401:
	(41,5) 234
	[5,1] 31
\test_point/DOUT+1:
	(5,4) 97
	[0,0] 7
\test_point/DOUT+2:
	(5,15) 86
	[0,1] 6
\test_point/DOUT+3:
	(2,6) 89
	[0,0] 6
\test_point/DOUT:
	(8,7) 83
	[0,0] 6
n161+1:
	(2,2) 128
	[0,0] 12
n161+2:
	(3,70) 60
	[0,7] 5
n161+3:
	(2,17) 61
	[0,2] 5
n161:
	(6,18) 57
	[0,2] 5
n162+1:
	(2,2) 122
	[0,0] 11
n162+2:
	(3,54) 70
	[0,5] 6
n162+3:
	(2,10) 71
	[0,1] 6
n162:
	(6,11) 67
	[0,1] 6
n163+1:
	(2,2) 124
	[0,0] 11
n163+2:
	(3,46) 80
	[0,4] 7
n163+3:
	(2,3) 81
	[0,0] 7
n163:
	(6,4) 77
	[0,0] 7
n164+1:
	(2,2) 62
	[0,0] 7
n164+2:
	(3,17) 47
	[0,2] 5
n164+3:
	(2,40) 48
	[0,5] 5
n164:
	(6,18) 44
	[0,2] 5
n166+1:
	(2,2) 48
	[0,0] 4
n166+2:
	(3,14) 36
	[0,0] 4
n166+3:
	(2,5) 37
	[0,0] 4
n166:
	(6,6) 33
	[0,0] 4
n167+1:
	(2,2) 23
	[0,0] 2
n167+2:
	(3,13) 12
	[0,1] 1
n167+3:
	(2,110) 13
	[0,13] 1
n167:
	(6,14) 9
	[0,1] 1
n168+1:
	(2,2) 183
	[0,0] 20
n168+2:
	(3,103) 82
	[0,12] 8
n168+3:
	(2,105) 83
	[0,13] 8
n168:
	(6,104) 79
	[0,12] 8
n169+1:
	(2,2) 173
	[0,0] 19
n169+2:
	(3,103) 72
	[0,12] 7
n169+3:
	(2,110) 73
	[0,13] 7
n169:
	(6,104) 69
	[0,12] 7
n170+1:
	(2,2) 163
	[0,0] 18
n170+2:
	(3,103) 62
	[0,12] 6
n170+3:
	(2,110) 63
	[0,13] 6
n170:
	(6,104) 59
	[0,12] 6
n171+1:
	(2,2) 153
	[0,0] 17
n171+2:
	(3,103) 52
	[0,12] 5
n171+3:
	(2,110) 53
	[0,13] 5
n171:
	(6,104) 49
	[0,12] 5
n172+1:
	(2,2) 143
	[0,0] 16
n172+2:
	(3,103) 42
	[0,12] 4
n172+3:
	(2,110) 43
	[0,13] 4
n172:
	(6,104) 39
	[0,12] 4
n173+1:
	(2,2) 133
	[0,0] 15
n173+2:
	(3,103) 32
	[0,12] 3
n173+3:
	(2,110) 33
	[0,13] 3
n173:
	(6,104) 29
	[0,12] 3
n174+1:
	(2,2) 123
	[0,0] 14
n174+2:
	(3,103) 22
	[0,12] 2
n174+3:
	(2,110) 23
	[0,13] 2
n174:
	(6,104) 19
	[0,12] 2
n175+1:
	(2,2) 152
	[0,0] 17
n175+2:
	(3,101) 53
	[0,12] 5
n175+3:
	(2,70) 54
	[0,9] 5
n175:
	(6,71) 50
	[0,9] 5
n176+1:
	(2,2) 155
	[0,0] 17
n176+2:
	(3,94) 63
	[0,11] 6
n176+3:
	(2,63) 64
	[0,8] 6
n176:
	(6,64) 60
	[0,8] 6
n177+1:
	(2,2) 158
	[0,0] 17
n177+2:
	(3,87) 73
	[0,10] 7
n177+3:
	(2,56) 74
	[0,7] 7
n177:
	(6,57) 70
	[0,7] 7
n178+1:
	(2,2) 161
	[0,0] 17
n178+2:
	(3,80) 83
	[0,9] 8
n178+3:
	(2,49) 84
	[0,6] 8
n178:
	(6,50) 80
	[0,6] 8
n179+1:
	(2,2) 131
	[0,0] 15
n179+2:
	(3,100) 33
	[0,12] 3
n179+3:
	(2,84) 34
	[0,11] 3
n179:
	(6,85) 30
	[0,11] 3
n180+1:
	(2,2) 220
	[0,0] 29
n180+2:
	(3,193) 29
	[0,25] 4
n180+3:
	(2,91) 30
	[0,12] 4
n180:
	(6,92) 26
	[0,12] 4
n181+1:
	(2,2) 149
	[0,0] 18
n181+2:
	(3,108) 43
	[0,14] 4
n181+3:
	(2,77) 44
	[0,10] 4
n181:
	(6,78) 40
	[0,10] 4
n118+1:
	(2,2) 32
	[0,0] 3
n118+2:
	(3,6) 28
	[0,0] 3
n118+3:
	(2,47) 29
	[0,4] 3
n118:
	(6,7) 25
	[0,0] 3
n119+1:
	(2,2) 20
	[0,0] 2
n119+2:
	(2,4) 18
	[0,0] 2
n119+3:
	(2,5) 18
	[0,0] 2
n119:
	(5,5) 15
	[0,0] 2
n120+1:
	(2,2) 193
	[0,0] 21
n120+2:
	(3,103) 92
	[0,12] 9
n120+3:
	(2,98) 93
	[0,13] 9
n120:
	(6,99) 89
	[0,12] 9
n121+1:
	(2,2) 230
	[0,0] 28
n121+2:
	(3,140) 92
	[0,18] 10
n121+3:
	(2,26) 93
	[0,3] 10
n121:
	(6,27) 89
	[0,3] 10
n122+1:
	(2,2) 207
	[0,0] 26
n122+2:
	(3,116) 93
	[0,15] 11
n122+3:
	(2,19) 94
	[0,2] 11
n122:
	(6,20) 90
	[0,2] 11
n124+1:
	(2,2) 233
	[0,0] 29
n124+2:
	(3,165) 70
	[0,21] 8
n124+3:
	(2,42) 71
	[0,5] 8
n124:
	(6,43) 67
	[0,5] 8
n125+1:
	(2,2) 123
	[0,0] 13
n125+2:
	(3,58) 67
	[0,6] 7
n125+3:
	(2,26) 68
	[0,3] 7
n125:
	(6,27) 64
	[0,3] 7
n126+1:
	(2,2) 126
	[0,0] 13
n126+2:
	(3,51) 77
	[0,5] 8
n126+3:
	(2,19) 78
	[0,2] 8
n126:
	(6,20) 74
	[0,2] 8
n127+1:
	(2,2) 127
	[0,0] 13
n127+2:
	(3,42) 87
	[0,4] 9
n127+3:
	(2,12) 88
	[0,1] 9
n127:
	(6,13) 84
	[0,1] 9
n128+1:
	(2,2) 120
	[0,0] 13
n128+2:
	(3,65) 57
	[0,7] 6
n128+3:
	(2,33) 58
	[0,4] 6
n128:
	(6,34) 54
	[0,4] 6
n129+1:
	(2,2) 65
	[0,0] 7
n129+2:
	(3,60) 7
	[0,6] 1
n129+3:
	(2,20) 8
	[0,2] 1
n129:
	(6,21) 4
	[0,2] 1
n131+1:
	(2,2) 67
	[0,0] 7
n131+2:
	(3,39) 30
	[0,5] 2
n131+3:
	(2,76) 31
	[0,6] 2
n131:
	(6,40) 27
	[0,5] 2
n132+1:
	(2,2) 86
	[0,0] 8
n132+2:
	(3,48) 40
	[0,5] 3
n132+3:
	(2,31) 41
	[0,4] 3
n132:
	(6,32) 37
	[0,4] 3
n133+1:
	(2,2) 72
	[0,0] 8
n133+2:
	(3,67) 7
	[0,7] 1
n133+3:
	(2,27) 8
	[0,3] 1
n133:
	(6,28) 4
	[0,3] 1
n134+1:
	(2,2) 74
	[0,0] 8
n134+2:
	(3,46) 30
	[0,6] 2
n134+3:
	(2,59) 31
	[0,6] 2
n134:
	(6,47) 27
	[0,6] 2
n135+1:
	(2,2) 93
	[0,0] 9
n135+2:
	(3,55) 40
	[0,6] 3
n135+3:
	(2,38) 41
	[0,5] 3
n135:
	(6,39) 37
	[0,5] 3
n136+1:
	(2,2) 79
	[0,0] 9
n136+2:
	(3,74) 7
	[0,8] 1
n136+3:
	(2,34) 8
	[0,4] 1
n136:
	(6,35) 4
	[0,4] 1
n138+1:
	(2,2) 81
	[0,0] 9
n138+2:
	(3,53) 30
	[0,7] 2
n138+3:
	(2,66) 31
	[0,7] 2
n138:
	(6,54) 27
	[0,7] 2
n139+1:
	(2,2) 100
	[0,0] 10
n139+2:
	(3,62) 40
	[0,7] 3
n139+3:
	(2,45) 41
	[0,6] 3
n139:
	(6,46) 37
	[0,6] 3
n140+1:
	(2,2) 86
	[0,0] 10
n140+2:
	(3,81) 7
	[0,9] 1
n140+3:
	(2,41) 8
	[0,5] 1
n140:
	(6,42) 4
	[0,5] 1
n141+1:
	(2,2) 88
	[0,0] 10
n141+2:
	(3,60) 30
	[0,8] 2
n141+3:
	(2,73) 31
	[0,8] 2
n141:
	(6,61) 27
	[0,8] 2
n142+1:
	(2,2) 107
	[0,0] 11
n142+2:
	(3,69) 40
	[0,8] 3
n142+3:
	(2,52) 41
	[0,7] 3
n142:
	(6,53) 37
	[0,7] 3
n143+1:
	(2,2) 93
	[0,0] 11
n143+2:
	(3,88) 7
	[0,10] 1
n143+3:
	(2,48) 8
	[0,6] 1
n143:
	(6,49) 4
	[0,6] 1
n145+1:
	(2,2) 95
	[0,0] 11
n145+2:
	(3,67) 30
	[0,9] 2
n145+3:
	(2,80) 31
	[0,9] 2
n145:
	(6,68) 27
	[0,9] 2
n146+1:
	(2,2) 114
	[0,0] 12
n146+2:
	(3,76) 40
	[0,9] 3
n146+3:
	(2,59) 41
	[0,8] 3
n146:
	(6,60) 37
	[0,8] 3
n147+1:
	(2,2) 100
	[0,0] 12
n147+2:
	(3,95) 7
	[0,11] 1
n147+3:
	(2,55) 8
	[0,7] 1
n147:
	(6,56) 4
	[0,7] 1
n148+1:
	(2,2) 102
	[0,0] 12
n148+2:
	(3,74) 30
	[0,10] 2
n148+3:
	(2,87) 31
	[0,10] 2
n148:
	(6,75) 27
	[0,10] 2
n149+1:
	(2,2) 121
	[0,0] 13
n149+2:
	(3,83) 40
	[0,10] 3
n149+3:
	(2,66) 41
	[0,9] 3
n149:
	(6,67) 37
	[0,9] 3
n150+1:
	(2,2) 107
	[0,0] 10
n150+2:
	(3,102) 7
	[0,9] 1
n150+3:
	(2,62) 8
	[0,8] 1
n150:
	(6,63) 4
	[0,8] 1
n152+1:
	(2,2) 109
	[0,0] 10
n152+2:
	(3,81) 30
	[0,8] 2
n152+3:
	(2,94) 31
	[0,11] 2
n152:
	(6,82) 27
	[0,8] 2
n153+1:
	(2,2) 120
	[0,0] 10
n153+2:
	(3,82) 40
	[0,7] 3
n153+3:
	(2,73) 41
	[0,10] 3
n153:
	(6,74) 37
	[0,7] 3
n154+1:
	(2,2) 74
	[0,0] 6
n154+2:
	(3,69) 7
	[0,5] 1
n154+3:
	(2,69) 8
	[0,9] 1
n154:
	(6,70) 4
	[0,5] 1
n155+1:
	(2,2) 66
	[0,0] 5
n155+2:
	(3,48) 20
	[0,4] 1
n155+3:
	(2,101) 21
	[0,9] 1
n155:
	(6,49) 17
	[0,4] 1
n156+1:
	(2,2) 68
	[0,0] 5
n156+2:
	(3,40) 30
	[0,3] 2
n156+3:
	(2,80) 31
	[0,8] 2
n156:
	(6,41) 27
	[0,3] 2
n157+1:
	(2,2) 26
	[0,0] 2
n157+2:
	(3,21) 7
	[0,1] 1
n157+3:
	(2,5) 8
	[0,0] 1
n157:
	(6,6) 4
	[0,0] 1
n159+1:
	(2,2) 66
	[0,0] 6
n159+2:
	(3,32) 36
	[0,3] 3
n159+3:
	(2,12) 37
	[0,1] 3
n159:
	(6,13) 33
	[0,1] 3
n160+1:
	(2,2) 125
	[0,0] 12
n160+2:
	(3,77) 50
	[0,8] 4
n160+3:
	(2,24) 51
	[0,3] 4
n160:
	(6,25) 47
	[0,3] 4
n182+1:
	(2,2) 236
	[0,0] 29
n182+2:
	(3,158) 80
	[0,20] 9
n182+3:
	(2,35) 81
	[0,4] 9
n182:
	(6,36) 77
	[0,4] 9
n1:
	(6,33) 83
	[1,4] 9
\test_point/TM:
	(1,1) 94
	[0,0] 6
test_so:
	(17,66) 0
	[1,5] 0

-----------------------------------
Sum of T(sa0)s: ∞
Sum of T(sa1)s: ∞
Testability index: ∞