0:
	(1,1) 0
	[0,0] 0
1:
	(1,1) 0
	[0,0] 0
x:
	(1,1) ∞
	[0,0] ∞
N1:
	(1,1) 8
	[0,0] 0
N2:
	(1,1) ∞
	[0,0] ∞
N3:
	(1,1) 8
	[0,0] 0
N4:
	(1,1) 63
	[0,0] 0
N5:
	(1,1) 63
	[0,0] 0
N6:
	(1,1) 63
	[0,0] 0
N7:
	(1,1) 2
	[0,0] 0
N8:
	(1,1) 40
	[0,0] 0
N11:
	(1,1) 17
	[0,0] 0
N14:
	(1,1) 20
	[0,0] 0
N15:
	(1,1) ∞
	[0,0] ∞
N16:
	(1,1) 25
	[0,0] 0
N19:
	(1,1) 63
	[0,0] 0
N20:
	(1,1) 63
	[0,0] 0
N21:
	(1,1) 63
	[0,0] 0
N22:
	(1,1) 63
	[0,0] 0
N23:
	(1,1) 63
	[0,0] 0
N24:
	(1,1) 63
	[0,0] 0
N25:
	(1,1) 24
	[0,0] 0
N26:
	(1,1) 50
	[0,0] 0
N27:
	(1,1) 50
	[0,0] 0
N28:
	(1,1) 48
	[0,0] 0
N29:
	(1,1) 20
	[0,0] 0
N32:
	(1,1) 50
	[0,0] 0
N33:
	(1,1) 50
	[0,0] 0
N34:
	(1,1) 50
	[0,0] 0
N35:
	(1,1) 50
	[0,0] 0
N36:
	(1,1) 6
	[0,0] 0
N37:
	(1,1) 3
	[0,0] 0
N40:
	(1,1) 39
	[0,0] 0
N43:
	(1,1) 15
	[0,0] 0
N44:
	(1,1) ∞
	[0,0] ∞
N47:
	(1,1) 50
	[0,0] 0
N48:
	(1,1) 43
	[0,0] 0
N49:
	(1,1) 49
	[0,0] 0
N50:
	(1,1) 13
	[0,0] 0
N51:
	(1,1) 13
	[0,0] 0
N52:
	(1,1) 13
	[0,0] 0
N53:
	(1,1) 84
	[0,0] 0
N54:
	(1,1) 16
	[0,0] 0
N55:
	(1,1) 25
	[0,0] 0
N56:
	(1,1) 15
	[0,0] 0
N57:
	(1,1) ∞
	[0,0] ∞
N60:
	(1,1) 50
	[0,0] 0
N61:
	(1,1) 43
	[0,0] 0
N62:
	(1,1) 13
	[0,0] 0
N63:
	(1,1) 13
	[0,0] 0
N64:
	(1,1) 13
	[0,0] 0
N65:
	(1,1) 84
	[0,0] 0
N66:
	(1,1) 16
	[0,0] 0
N67:
	(1,1) 25
	[0,0] 0
N68:
	(1,1) 15
	[0,0] 0
N69:
	(1,1) ∞
	[0,0] ∞
N72:
	(1,1) 50
	[0,0] 0
N73:
	(1,1) 43
	[0,0] 0
N74:
	(1,1) 47
	[0,0] 0
N75:
	(1,1) 13
	[0,0] 0
N76:
	(1,1) 13
	[0,0] 0
N77:
	(1,1) 13
	[0,0] 0
N78:
	(1,1) 84
	[0,0] 0
N79:
	(1,1) 16
	[0,0] 0
N80:
	(1,1) 25
	[0,0] 0
N81:
	(1,1) 15
	[0,0] 0
N82:
	(1,1) ∞
	[0,0] ∞
N85:
	(1,1) 50
	[0,0] 0
N86:
	(1,1) 43
	[0,0] 0
N87:
	(1,1) 47
	[0,0] 0
N88:
	(1,1) 13
	[0,0] 0
N89:
	(1,1) 13
	[0,0] 0
N90:
	(1,1) 13
	[0,0] 0
N91:
	(1,1) 84
	[0,0] 0
N92:
	(1,1) 16
	[0,0] 0
N93:
	(1,1) 25
	[0,0] 0
N94:
	(1,1) ∞
	[0,0] ∞
N95:
	(1,1) 36
	[0,0] 0
N96:
	(1,1) ∞
	[0,0] ∞
N99:
	(1,1) 20
	[0,0] 0
N100:
	(1,1) 13
	[0,0] 0
N101:
	(1,1) 13
	[0,0] 0
N102:
	(1,1) 13
	[0,0] 0
N103:
	(1,1) 53
	[0,0] 0
N104:
	(1,1) 32
	[0,0] 0
N105:
	(1,1) 27
	[0,0] 0
N106:
	(1,1) 27
	[0,0] 0
N107:
	(1,1) 36
	[0,0] 0
N108:
	(1,1) ∞
	[0,0] ∞
N111:
	(1,1) 20
	[0,0] 0
N112:
	(1,1) 13
	[0,0] 0
N113:
	(1,1) 13
	[0,0] 0
N114:
	(1,1) 13
	[0,0] 0
N115:
	(1,1) 53
	[0,0] 0
N116:
	(1,1) 32
	[0,0] 0
N117:
	(1,1) 27
	[0,0] 0
N118:
	(1,1) 27
	[0,0] 0
N119:
	(1,1) 36
	[0,0] 0
N120:
	(1,1) ∞
	[0,0] ∞
N123:
	(1,1) 20
	[0,0] 0
N124:
	(1,1) 13
	[0,0] 0
N125:
	(1,1) 13
	[0,0] 0
N126:
	(1,1) 13
	[0,0] 0
N127:
	(1,1) 53
	[0,0] 0
N128:
	(1,1) 32
	[0,0] 0
N129:
	(1,1) 27
	[0,0] 0
N130:
	(1,1) 27
	[0,0] 0
N131:
	(1,1) 36
	[0,0] 0
N132:
	(1,1) ∞
	[0,0] ∞
N135:
	(1,1) 20
	[0,0] 0
N136:
	(1,1) 13
	[0,0] 0
N137:
	(1,1) 13
	[0,0] 0
N138:
	(1,1) 13
	[0,0] 0
N139:
	(1,1) 53
	[0,0] 0
N140:
	(1,1) 32
	[0,0] 0
N141:
	(1,1) 27
	[0,0] 0
N142:
	(1,1) 27
	[0,0] 0
N219:
	(1,1) 0
	[0,0] 0
N224:
	(1,1) ∞
	[0,0] ∞
N227:
	(1,1) 13
	[0,0] 0
N230:
	(1,1) 20
	[0,0] 0
N231:
	(1,1) 2
	[0,0] 0
N234:
	(1,1) 13
	[0,0] 0
N237:
	(1,1) 2
	[0,0] 0
N241:
	(1,1) 12
	[0,0] 0
N246:
	(1,1) 5
	[0,0] 0
N253:
	(1,1) 0
	[0,0] 0
N256:
	(1,1) 52
	[0,0] 0
N259:
	(1,1) 52
	[0,0] 0
N262:
	(1,1) 46
	[0,0] 0
N263:
	(1,1) 26
	[0,0] 0
N266:
	(1,1) 14
	[0,0] 0
N269:
	(1,1) 14
	[0,0] 0
N272:
	(1,1) 63
	[0,0] 0
N275:
	(1,1) 45
	[0,0] 0
N278:
	(1,1) 30
	[0,0] 0
N281:
	(1,1) 25
	[0,0] 0
N284:
	(1,1) 19
	[0,0] 0
N287:
	(1,1) 30
	[0,0] 0
N290:
	(1,1) 0
	[0,0] 0
N294:
	(1,1) 11
	[0,0] 0
N297:
	(1,1) 20
	[0,0] 0
N301:
	(1,1) 20
	[0,0] 0
N305:
	(1,1) 15
	[0,0] 0
N309:
	(1,1) 15
	[0,0] 0
N313:
	(1,1) 7
	[0,0] 0
N316:
	(1,1) 15
	[0,0] 0
N319:
	(1,1) 13
	[0,0] 0
N322:
	(1,1) 13
	[0,0] 0
N325:
	(1,1) 2
	[0,0] 0
N328:
	(1,1) 48
	[0,0] 0
N331:
	(1,1) 48
	[0,0] 0
N334:
	(1,1) ∞
	[0,0] ∞
N337:
	(1,1) 36
	[0,0] 0
N340:
	(1,1) 34
	[0,0] 0
N343:
	(1,1) 34
	[0,0] 0
N346:
	(1,1) 52
	[0,0] 0
N349:
	(1,1) 52
	[0,0] 0
N352:
	(1,1) 26
	[0,0] 0
N355:
	(1,1) 21
	[0,0] 0
N143_I:
	(1,1) 0
	[0,0] 0
N144_I:
	(1,1) 0
	[0,0] 0
N145_I:
	(1,1) 0
	[0,0] 0
N146_I:
	(1,1) 0
	[0,0] 0
N147_I:
	(1,1) 0
	[0,0] 0
N148_I:
	(1,1) 0
	[0,0] 0
N149_I:
	(1,1) 0
	[0,0] 0
N150_I:
	(1,1) 0
	[0,0] 0
N151_I:
	(1,1) 0
	[0,0] 0
N152_I:
	(1,1) 0
	[0,0] 0
N153_I:
	(1,1) 0
	[0,0] 0
N154_I:
	(1,1) 0
	[0,0] 0
N155_I:
	(1,1) 0
	[0,0] 0
N156_I:
	(1,1) 0
	[0,0] 0
N157_I:
	(1,1) 0
	[0,0] 0
N158_I:
	(1,1) 0
	[0,0] 0
N159_I:
	(1,1) 0
	[0,0] 0
N160_I:
	(1,1) 0
	[0,0] 0
N161_I:
	(1,1) 0
	[0,0] 0
N162_I:
	(1,1) 0
	[0,0] 0
N163_I:
	(1,1) 0
	[0,0] 0
N164_I:
	(1,1) 0
	[0,0] 0
N165_I:
	(1,1) 0
	[0,0] 0
N166_I:
	(1,1) 0
	[0,0] 0
N167_I:
	(1,1) 0
	[0,0] 0
N168_I:
	(1,1) 0
	[0,0] 0
N169_I:
	(1,1) 0
	[0,0] 0
N170_I:
	(1,1) 0
	[0,0] 0
N171_I:
	(1,1) 0
	[0,0] 0
N172_I:
	(1,1) 0
	[0,0] 0
N173_I:
	(1,1) 0
	[0,0] 0
N174_I:
	(1,1) 0
	[0,0] 0
N175_I:
	(1,1) 0
	[0,0] 0
N176_I:
	(1,1) 0
	[0,0] 0
N177_I:
	(1,1) 0
	[0,0] 0
N178_I:
	(1,1) 0
	[0,0] 0
N179_I:
	(1,1) 0
	[0,0] 0
N180_I:
	(1,1) 0
	[0,0] 0
N181_I:
	(1,1) 0
	[0,0] 0
N182_I:
	(1,1) 0
	[0,0] 0
N183_I:
	(1,1) 0
	[0,0] 0
N184_I:
	(1,1) 0
	[0,0] 0
N185_I:
	(1,1) 0
	[0,0] 0
N186_I:
	(1,1) 0
	[0,0] 0
N187_I:
	(1,1) 0
	[0,0] 0
N188_I:
	(1,1) 0
	[0,0] 0
N189_I:
	(1,1) 0
	[0,0] 0
N190_I:
	(1,1) 0
	[0,0] 0
N191_I:
	(1,1) 0
	[0,0] 0
N192_I:
	(1,1) 0
	[0,0] 0
N193_I:
	(1,1) 0
	[0,0] 0
N194_I:
	(1,1) 0
	[0,0] 0
N195_I:
	(1,1) 0
	[0,0] 0
N196_I:
	(1,1) 0
	[0,0] 0
N197_I:
	(1,1) 0
	[0,0] 0
N198_I:
	(1,1) 0
	[0,0] 0
N199_I:
	(1,1) 0
	[0,0] 0
N200_I:
	(1,1) 0
	[0,0] 0
N201_I:
	(1,1) 0
	[0,0] 0
N202_I:
	(1,1) 0
	[0,0] 0
N203_I:
	(1,1) 0
	[0,0] 0
N204_I:
	(1,1) 0
	[0,0] 0
N205_I:
	(1,1) 0
	[0,0] 0
N206_I:
	(1,1) 0
	[0,0] 0
N207_I:
	(1,1) 0
	[0,0] 0
N208_I:
	(1,1) 0
	[0,0] 0
N209_I:
	(1,1) 0
	[0,0] 0
N210_I:
	(1,1) 0
	[0,0] 0
N211_I:
	(1,1) 0
	[0,0] 0
N212_I:
	(1,1) 0
	[0,0] 0
N213_I:
	(1,1) 0
	[0,0] 0
N214_I:
	(1,1) 0
	[0,0] 0
N215_I:
	(1,1) 0
	[0,0] 0
N216_I:
	(1,1) 0
	[0,0] 0
N217_I:
	(1,1) 0
	[0,0] 0
N218_I:
	(1,1) 0
	[0,0] 0
N3038:
	(3,18) 0
	[0,0] 0
N2022:
	(1,1) 0
	[0,0] 0
N2020:
	(1,1) 0
	[0,0] 0
N2018:
	(1,1) 0
	[0,0] 0
N2016:
	(1,1) 0
	[0,0] 0
N2014:
	(1,1) 0
	[0,0] 0
N2012:
	(1,1) 0
	[0,0] 0
N2010:
	(1,1) 0
	[0,0] 0
N3881:
	(3,19) 0
	[0,0] 0
N3851:
	(9,6) 0
	[0,0] 0
N3079:
	(1,1) 0
	[0,0] 0
N2891:
	(7,2) 0
	[0,0] 0
N1971:
	(8,3) 0
	[0,0] 0
N1970:
	(7,2) 0
	[0,0] 0
N1969:
	(13,2) 0
	[0,0] 0
N1277:
	(4,15) 0
	[0,0] 0
N1029:
	(3,2) 0
	[0,0] 0
N1269:
	(3,2) 0
	[0,0] 0
N792:
	(7,3) 0
	[0,0] 0
N1028:
	(3,2) 0
	[0,0] 0
N494:
	(1,1) 0
	[0,0] 0
N493:
	(1,1) 0
	[0,0] 0
N492:
	(1,1) 0
	[0,0] 0
N491:
	(1,1) 0
	[0,0] 0
N490:
	(1,1) 0
	[0,0] 0
N489:
	(1,1) 0
	[0,0] 0
N488:
	(1,1) 0
	[0,0] 0
N487:
	(1,1) 0
	[0,0] 0
N799:
	(3,2) 0
	[0,0] 0
n301:
	(7,11) 7
	[0,0] 0
N1816:
	(7,11) 0
	[0,0] 0
N1817:
	(7,11) 0
	[0,0] 0
n308:
	(7,11) 23
	[0,0] 0
n311:
	(7,11) 14
	[0,0] 0
n314:
	(7,11) 14
	[0,0] 0
n317:
	(7,11) 19
	[0,0] 0
n320:
	(7,11) 40
	[0,0] 0
N1818:
	(7,11) 0
	[0,0] 0
N1820:
	(7,11) 0
	[0,0] 0
N1821:
	(7,11) 0
	[0,0] 0
n329:
	(7,11) 12
	[0,0] 0
n294:
	(7,11) 2
	[0,0] 0
n284:
	(7,11) 71
	[0,0] 0
n336:
	(7,11) 3
	[0,0] 0
n281:
	(7,11) 37
	[0,0] 0
n282:
	(7,11) 30
	[0,0] 0
n283:
	(3,10) 37
	[0,0] 0
N1819:
	(7,11) 0
	[0,0] 0
n347:
	(2,9) 38
	[0,0] 0
n348:
	(3,10) 30
	[0,0] 0
n351:
	(3,7) 36
	[0,0] 0
n354:
	(3,7) 39
	[0,0] 0
n356:
	(2,13) 45
	[0,0] 0
n359:
	(8,9) ∞
	[0,0] ∞
n362:
	(5,13) ∞
	[0,0] ∞
n364:
	(22,17) ∞
	[0,0] ∞
n367:
	(3,10) 38
	[0,0] 0
n370:
	(6,12) 35
	[0,0] 0
n373:
	(11,10) 31
	[0,0] 0
n374:
	(3,16) 32
	[0,0] 0
n376:
	(8,15) 27
	[0,0] 0
n377:
	(16,12) 23
	[0,0] 0
n378:
	(3,17) 24
	[0,0] 0
n380:
	(8,20) 19
	[0,0] 0
n381:
	(18,12) 15
	[0,0] 0
n382:
	(6,43) 18
	[0,0] 0
n385:
	(3,31) 18
	[0,0] 0
n388:
	(7,53) 18
	[0,0] 0
n391:
	(8,44) 18
	[0,0] 0
n394:
	(2,4) 45
	[0,0] 0
N2496:
	(14,4) 0
	[0,0] 0
n398:
	(10,16) ∞
	[0,0] ∞
n371:
	(5,5) 42
	[0,0] 0
n399:
	(1,1) 5
	[0,0] 0
n400:
	(1,1) 6
	[0,0] 0
n401:
	(1,1) 6
	[0,0] 0
n402:
	(1,1) 6
	[0,0] 0
n403:
	(1,1) 6
	[0,0] 0
n404:
	(2,3) 11
	[0,0] 0
n405:
	(1,1) 13
	[0,0] 0
n406:
	(2,3) 11
	[0,0] 0
n407:
	(2,3) 11
	[0,0] 0
n409:
	(2,3) 11
	[0,0] 0
n410:
	(1,1) 20
	[0,0] 0
n411:
	(1,1) 11
	[0,0] 0
n412:
	(1,1) 39
	[0,0] 0
n413:
	(1,1) 24
	[0,0] 0
n414:
	(2,3) 11
	[0,0] 0
n415:
	(1,1) 13
	[0,0] 0
n416:
	(2,3) 11
	[0,0] 0
n418:
	(2,3) 11
	[0,0] 0
n419:
	(2,3) 11
	[0,0] 0
n420:
	(1,1) 5
	[0,0] 0
n421:
	(1,1) 5
	[0,0] 0
n422:
	(1,1) 21
	[0,0] 0
n423:
	(1,1) 47
	[0,0] 0
n424:
	(1,1) 14
	[0,0] 0
n425:
	(1,1) 22
	[0,0] 0
n426:
	(1,1) 30
	[0,0] 0
n427:
	(1,1) 30
	[0,0] 0
n428:
	(1,1) 30
	[0,0] 0
n429:
	(1,1) 26
	[0,0] 0
n430:
	(5,6) ∞
	[0,0] ∞
n349:
	(6,2) 34
	[0,0] 0
n357:
	(1,1) 54
	[0,0] 0
n352:
	(3,2) 38
	[0,0] 0
n369:
	(7,2) 41
	[0,0] 0
n368:
	(2,9) 46
	[0,0] 0
n436:
	(17,5) ∞
	[0,0] ∞
n395:
	(2,9) 47
	[0,0] 0
n438:
	(2,3) 18
	[0,0] 0
n292:
	(2,5) 2
	[0,0] 0
n441:
	(1,1) 14
	[0,0] 0
n296:
	(7,3) 8
	[0,0] 0
n295:
	(7,3) 8
	[0,0] 0
n446:
	(11,5) 25
	[0,0] 0
n449:
	(2,4) 12
	[0,0] 0
N2971:
	(5,2) 0
	[0,0] 0
n454:
	(5,4) 56
	[0,0] 0
n457:
	(5,4) 56
	[0,0] 0
n460:
	(5,4) 56
	[0,0] 0
n463:
	(5,4) 56
	[0,0] 0
n466:
	(5,4) 56
	[0,0] 0
n469:
	(5,4) 66
	[0,0] 0
n472:
	(5,4) 66
	[0,0] 0
n475:
	(5,4) 66
	[0,0] 0
n478:
	(5,4) 66
	[0,0] 0
n479:
	(5,4) 66
	[0,0] 0
n482:
	(5,4) 66
	[0,0] 0
n484:
	(5,4) 66
	[0,0] 0
n363:
	(5,4) ∞
	[0,0] ∞
n358:
	(11,4) 47
	[0,0] 0
N3803:
	(5,4) 0
	[0,0] 0
n491:
	(5,4) 19
	[0,0] 0
N2643:
	(5,4) 0
	[0,0] 0
N2389:
	(5,4) 0
	[0,0] 0
N2387:
	(5,4) 0
	[0,0] 0
n500:
	(3,2) ∞
	[0,0] ∞
n299:
	(2,3) 4
	[0,0] 0
n298:
	(2,3) 4
	[0,0] 0
n312:
	(5,6) 20
	[0,0] 0
n313:
	(5,6) 20
	[0,0] 0
n315:
	(5,6) 20
	[0,0] 0
n316:
	(5,6) 20
	[0,0] 0
n318:
	(5,6) 25
	[0,0] 0
n319:
	(5,6) 25
	[0,0] 0
n302:
	(5,6) 13
	[0,0] 0
n303:
	(5,6) 13
	[0,0] 0
n304:
	(5,6) 6
	[0,0] 0
n305:
	(5,6) 6
	[0,0] 0
n306:
	(5,6) 6
	[0,0] 0
n307:
	(5,6) 6
	[0,0] 0
n309:
	(5,6) 29
	[0,0] 0
n310:
	(5,6) 29
	[0,0] 0
n321:
	(5,6) 46
	[0,0] 0
n322:
	(5,6) 46
	[0,0] 0
n323:
	(5,6) 6
	[0,0] 0
n324:
	(5,6) 6
	[0,0] 0
n537:
	(5,14) 35
	[0,0] 0
n540:
	(8,5) 30
	[0,0] 0
n543:
	(5,14) 35
	[0,0] 0
n546:
	(8,5) 30
	[0,0] 0
n549:
	(10,5) 9
	[0,0] 0
n552:
	(11,4) 10
	[0,0] 0
n325:
	(5,6) 6
	[0,0] 0
n326:
	(5,6) 6
	[0,0] 0
n327:
	(5,6) 6
	[0,0] 0
n328:
	(5,6) 6
	[0,0] 0
n339:
	(5,6) 43
	[0,0] 0
n340:
	(5,6) 43
	[0,0] 0
n341:
	(5,6) 36
	[0,0] 0
n342:
	(5,6) 36
	[0,0] 0
n343:
	(4,2) 43
	[0,0] 0
n344:
	(5,4) 42
	[0,0] 0
n345:
	(5,6) 6
	[0,0] 0
n346:
	(5,6) 6
	[0,0] 0
n330:
	(5,6) 18
	[0,0] 0
n331:
	(5,6) 18
	[0,0] 0
n332:
	(5,6) 8
	[0,0] 0
n333:
	(5,6) 8
	[0,0] 0
n334:
	(5,6) 77
	[0,0] 0
n335:
	(5,6) 77
	[0,0] 0
n337:
	(5,6) 9
	[0,0] 0
n338:
	(5,6) 9
	[0,0] 0
n595:
	(5,14) 16
	[0,0] 0
n598:
	(5,14) ∞
	[0,0] ∞
n601:
	(5,14) 7
	[0,0] 0
n604:
	(2,4) 10
	[0,0] 0
n607:
	(5,4) 29
	[0,0] 0
n610:
	(2,4) 32
	[0,0] 0
n613:
	(2,7) 24
	[0,0] 0
n616:
	(5,4) 43
	[0,0] 0
n619:
	(8,2) 29
	[0,0] 0
n622:
	(5,4) ∞
	[0,0] ∞
n625:
	(5,4) 9
	[0,0] 0
n628:
	(2,4) 5
	[0,0] 0
n631:
	(5,4) 21
	[0,0] 0
n634:
	(8,2) 7
	[0,0] 0
n637:
	(5,4) 10
	[0,0] 0
n640:
	(5,4) 10
	[0,0] 0
n643:
	(5,7) 5
	[0,0] 0
n646:
	(5,4) 15
	[0,0] 0
n649:
	(4,5) 16
	[0,0] 0
n652:
	(2,7) 8
	[0,0] 0
n443:
	(2,3) 12
	[0,0] 0
n442:
	(2,3) 12
	[0,0] 0
n445:
	(2,3) 12
	[0,0] 0
n444:
	(2,3) 12
	[0,0] 0
n655:
	(5,5) 14
	[0,0] 0
n286:
	(8,5) 11
	[0,0] 0
n657:
	(3,8) 11
	[0,0] 0
n285:
	(10,2) 9
	[0,0] 0
n433:
	(2,4) 36
	[0,0] 0
n658:
	(2,3) 9
	[0,0] 0
n659:
	(2,9) 20
	[0,0] 0
n660:
	(2,9) 24
	[0,0] 0
n661:
	(2,9) 26
	[0,0] 0
n662:
	(13,2) 50
	[0,0] 0
n663:
	(14,16) ∞
	[0,0] ∞
n372:
	(6,12) 41
	[0,0] 0
n666:
	(5,12) ∞
	[0,0] ∞
n669:
	(11,22) 11
	[0,0] 0
n670:
	(2,3) 23
	[0,0] 0
n671:
	(6,4) 12
	[0,0] 0
n674:
	(5,14) 18
	[0,0] 0
n677:
	(6,9) 40
	[0,0] 0
n680:
	(6,9) 40
	[0,0] 0
n386:
	(19,7) 30
	[0,0] 0
n683:
	(6,9) 40
	[0,0] 0
n387:
	(11,2) 38
	[0,0] 0
n686:
	(5,13) 48
	[0,0] 0
n687:
	(5,11) 50
	[0,0] 0
n383:
	(25,6) 36
	[0,0] 0
n688:
	(5,11) 50
	[0,0] 0
n384:
	(17,5) 44
	[0,0] 0
n690:
	(9,6) 53
	[0,0] 0
n693:
	(6,14) 48
	[0,0] 0
n695:
	(6,9) 53
	[0,0] 0
n392:
	(24,7) 38
	[0,0] 0
n698:
	(6,9) 53
	[0,0] 0
n701:
	(6,9) 53
	[0,0] 0
n393:
	(19,7) 43
	[0,0] 0
n704:
	(11,5) 60
	[0,0] 0
n707:
	(5,17) 54
	[0,0] 0
n708:
	(5,11) 60
	[0,0] 0
n389:
	(29,6) 42
	[0,0] 0
n709:
	(5,11) 60
	[0,0] 0
n710:
	(5,11) 60
	[0,0] 0
n390:
	(23,6) 48
	[0,0] 0
n279:
	(6,2) 12
	[0,0] 0
n280:
	(11,7) 7
	[0,0] 0
n439:
	(3,2) 4
	[0,0] 0
n714:
	(1,1) 52
	[0,0] 0
n715:
	(1,1) 52
	[0,0] 0
n716:
	(1,1) 52
	[0,0] 0
n717:
	(1,1) 52
	[0,0] 0
n718:
	(2,3) 50
	[0,0] 0
n719:
	(2,3) 50
	[0,0] 0
n720:
	(4,5) 47
	[0,0] 0
n721:
	(2,3) 50
	[0,0] 0
n722:
	(2,3) 50
	[0,0] 0
n723:
	(4,5) 47
	[0,0] 0
n724:
	(11,11) 36
	[0,0] 0
n727:
	(1,1) 7
	[0,0] 0
n728:
	(1,1) 39
	[0,0] 0
n729:
	(1,1) 50
	[0,0] 0
n730:
	(1,1) 39
	[0,0] 0
n731:
	(5,22) ∞
	[0,0] ∞
n732:
	(10,11) 4
	[0,0] 0
n733:
	(13,2) 2
	[0,0] 0
n735:
	(2,9) 44
	[0,0] 0
n736:
	(2,5) 44
	[0,0] 0
n737:
	(6,5) 41
	[0,0] 0
n738:
	(2,9) 43
	[0,0] 0
n739:
	(2,9) 43
	[0,0] 0
n740:
	(10,5) 40
	[0,0] 0
n741:
	(13,20) 19
	[0,0] 0
n744:
	(1,1) 13
	[0,0] 0
n291:
	(1,1) 6
	[0,0] 0
n745:
	(1,1) 49
	[0,0] 0
n746:
	(1,1) 14
	[0,0] 0
n747:
	(2,3) 28
	[0,0] 0
n748:
	(2,3) 28
	[0,0] 0
n749:
	(4,5) 25
	[0,0] 0
n750:
	(2,3) 28
	[0,0] 0
n751:
	(2,3) 28
	[0,0] 0
n752:
	(4,5) 25
	[0,0] 0
n753:
	(11,11) 14
	[0,0] 0
n756:
	(2,15) 48
	[0,0] 0
n758:
	(2,4) 46
	[0,0] 0
n759:
	(2,3) 46
	[0,0] 0
n435:
	(4,5) 43
	[0,0] 0
n760:
	(2,4) ∞
	[0,0] ∞
n761:
	(2,3) 68
	[0,0] 0
n437:
	(4,5) ∞
	[0,0] ∞
n762:
	(2,4) ∞
	[0,0] ∞
n763:
	(2,3) ∞
	[0,0] ∞
n764:
	(4,5) ∞
	[0,0] ∞
n765:
	(2,3) ∞
	[0,0] ∞
n766:
	(2,4) ∞
	[0,0] ∞
n767:
	(4,5) ∞
	[0,0] ∞
n768:
	(1,1) 5
	[0,0] 0
n769:
	(8,2) 11
	[0,0] 0
n771:
	(2,3) 4
	[0,0] 0
n773:
	(3,16) 3
	[0,0] 0
N3546:
	(4,6) 0
	[0,0] 0
n774:
	(1,1) 23
	[0,0] 0
n775:
	(2,3) 48
	[0,0] 0
n776:
	(2,3) 48
	[0,0] 0
n678:
	(4,5) 45
	[0,0] 0
n778:
	(2,3) 48
	[0,0] 0
n779:
	(2,3) 48
	[0,0] 0
n679:
	(4,5) 45
	[0,0] 0
n781:
	(2,3) 48
	[0,0] 0
n782:
	(2,3) 48
	[0,0] 0
n681:
	(4,5) 45
	[0,0] 0
n784:
	(2,3) 48
	[0,0] 0
n785:
	(2,3) 48
	[0,0] 0
n682:
	(4,5) 45
	[0,0] 0
n787:
	(2,3) 48
	[0,0] 0
n788:
	(2,3) 48
	[0,0] 0
n684:
	(4,5) 45
	[0,0] 0
n790:
	(2,3) 48
	[0,0] 0
n791:
	(2,3) 48
	[0,0] 0
n685:
	(4,5) 45
	[0,0] 0
n793:
	(2,9) 59
	[0,0] 0
n794:
	(2,3) 59
	[0,0] 0
n689:
	(4,5) 56
	[0,0] 0
n795:
	(2,8) 16
	[0,0] 0
n796:
	(2,5) 16
	[0,0] 0
n713:
	(6,5) 13
	[0,0] 0
n797:
	(2,3) 61
	[0,0] 0
n798:
	(2,3) 61
	[0,0] 0
n694:
	(4,5) 58
	[0,0] 0
n800:
	(2,3) 61
	[0,0] 0
n801:
	(2,3) 61
	[0,0] 0
n696:
	(4,5) 58
	[0,0] 0
n803:
	(2,3) 61
	[0,0] 0
n804:
	(2,3) 61
	[0,0] 0
n697:
	(4,5) 58
	[0,0] 0
n806:
	(2,3) 61
	[0,0] 0
n807:
	(2,3) 61
	[0,0] 0
n699:
	(4,5) 58
	[0,0] 0
n809:
	(2,3) 61
	[0,0] 0
n810:
	(2,3) 61
	[0,0] 0
n700:
	(4,5) 58
	[0,0] 0
n812:
	(2,3) 61
	[0,0] 0
n813:
	(2,3) 61
	[0,0] 0
n702:
	(4,5) 58
	[0,0] 0
n815:
	(2,3) 61
	[0,0] 0
n816:
	(2,3) 61
	[0,0] 0
n703:
	(4,5) 58
	[0,0] 0
n818:
	(2,9) 69
	[0,0] 0
n819:
	(2,3) 69
	[0,0] 0
n706:
	(4,5) 66
	[0,0] 0
n820:
	(2,9) 69
	[0,0] 0
n821:
	(2,3) 69
	[0,0] 0
n705:
	(4,5) 66
	[0,0] 0
n822:
	(1,1) 24
	[0,0] 0
n823:
	(2,9) 16
	[0,0] 0
n824:
	(2,10) 16
	[0,0] 0
n712:
	(10,5) 13
	[0,0] 0
n825:
	(2,9) 5
	[0,0] 0
n826:
	(2,3) 5
	[0,0] 0
n290:
	(4,5) 2
	[0,0] 0
N3882:
	(1,1) 0
	[0,0] 0
n434:
	(1,1) 40
	[0,0] 0
n827:
	(3,2) ∞
	[0,0] ∞
N1026:
	(1,1) 0
	[0,0] 0
n572:
	(1,1) 46
	[0,0] 0
n514:
	(5,2) 16
	[0,0] 0
n513:
	(5,2) 16
	[0,0] 0
n516:
	(5,2) 16
	[0,0] 0
n515:
	(5,2) 16
	[0,0] 0
n518:
	(5,2) 9
	[0,0] 0
n517:
	(5,2) 9
	[0,0] 0
n520:
	(5,2) 9
	[0,0] 0
n519:
	(5,2) 9
	[0,0] 0
n522:
	(5,2) 9
	[0,0] 0
n521:
	(5,2) 9
	[0,0] 0
n524:
	(5,2) 9
	[0,0] 0
n523:
	(5,2) 9
	[0,0] 0
n526:
	(5,2) 32
	[0,0] 0
n525:
	(5,2) 32
	[0,0] 0
n528:
	(5,2) 32
	[0,0] 0
n527:
	(5,2) 32
	[0,0] 0
n502:
	(5,2) 23
	[0,0] 0
n501:
	(5,2) 23
	[0,0] 0
n504:
	(5,2) 23
	[0,0] 0
n503:
	(5,2) 23
	[0,0] 0
n506:
	(5,2) 23
	[0,0] 0
n505:
	(5,2) 23
	[0,0] 0
n508:
	(5,2) 23
	[0,0] 0
n507:
	(5,2) 23
	[0,0] 0
n510:
	(5,2) 28
	[0,0] 0
n509:
	(5,2) 28
	[0,0] 0
n512:
	(5,2) 28
	[0,0] 0
n511:
	(5,2) 28
	[0,0] 0
n530:
	(5,2) 49
	[0,0] 0
n529:
	(5,2) 49
	[0,0] 0
n532:
	(5,2) 49
	[0,0] 0
n531:
	(5,2) 49
	[0,0] 0
n534:
	(5,2) 9
	[0,0] 0
n533:
	(5,2) 9
	[0,0] 0
n536:
	(5,2) 9
	[0,0] 0
n535:
	(5,2) 9
	[0,0] 0
N3671:
	(2,15) 0
	[0,0] 0
n556:
	(5,2) 9
	[0,0] 0
n555:
	(5,2) 9
	[0,0] 0
n558:
	(5,2) 9
	[0,0] 0
n557:
	(5,2) 9
	[0,0] 0
n560:
	(5,2) 9
	[0,0] 0
n559:
	(5,2) 9
	[0,0] 0
n562:
	(5,2) 9
	[0,0] 0
n561:
	(5,2) 9
	[0,0] 0
n580:
	(5,2) 21
	[0,0] 0
n579:
	(5,2) 21
	[0,0] 0
n582:
	(5,2) 21
	[0,0] 0
n581:
	(5,2) 21
	[0,0] 0
n584:
	(5,2) 11
	[0,0] 0
n583:
	(5,2) 11
	[0,0] 0
n586:
	(5,2) 11
	[0,0] 0
n585:
	(5,2) 11
	[0,0] 0
n588:
	(5,2) 80
	[0,0] 0
n587:
	(5,2) 80
	[0,0] 0
n590:
	(5,2) 80
	[0,0] 0
n589:
	(5,2) 80
	[0,0] 0
n592:
	(5,2) 12
	[0,0] 0
n591:
	(5,2) 12
	[0,0] 0
n594:
	(5,2) 12
	[0,0] 0
n593:
	(5,2) 12
	[0,0] 0
n564:
	(5,2) 46
	[0,0] 0
n563:
	(5,2) 46
	[0,0] 0
n566:
	(5,2) 46
	[0,0] 0
n565:
	(5,2) 46
	[0,0] 0
n568:
	(5,2) 39
	[0,0] 0
n567:
	(5,2) 39
	[0,0] 0
n570:
	(5,2) 39
	[0,0] 0
n569:
	(5,2) 39
	[0,0] 0
n571:
	(5,2) 45
	[0,0] 0
n574:
	(3,2) 45
	[0,0] 0
n573:
	(3,2) 45
	[0,0] 0
n576:
	(5,2) 9
	[0,0] 0
n575:
	(5,2) 9
	[0,0] 0
n578:
	(5,2) 9
	[0,0] 0
n577:
	(5,2) 9
	[0,0] 0
n742:
	(19,6) 26
	[0,0] 0
n743:
	(20,6) 26
	[0,0] 0
n830:
	(1,1) 15
	[0,0] 0
N3809:
	(2,4) 0
	[0,0] 0
n754:
	(10,5) 20
	[0,0] 0
n755:
	(10,5) 20
	[0,0] 0
n725:
	(10,5) 42
	[0,0] 0
n726:
	(10,5) 42
	[0,0] 0
n656:
	(4,2) 17
	[0,0] 0
N2925:
	(1,1) 0
	[0,0] 0
n432:
	(5,2) ∞
	[0,0] ∞
n431:
	(5,2) ∞
	[0,0] ∞
N1726:
	(1,1) 0
	[0,0] 0
n837:
	(1,1) 11
	[0,0] 0
n838:
	(11,2) 18
	[0,0] 0
n667:
	(11,2) 22
	[0,0] 0
n668:
	(11,2) 24
	[0,0] 0
n839:
	(7,2) ∞
	[0,0] ∞
n361:
	(8,5) ∞
	[0,0] ∞
n360:
	(13,2) ∞
	[0,0] ∞
n366:
	(22,15) ∞
	[0,0] ∞
n365:
	(16,6) ∞
	[0,0] ∞
n396:
	(1,1) 48
	[0,0] 0
n842:
	(6,3) 20
	[0,0] 0
n843:
	(13,2) 21
	[0,0] 0
n844:
	(6,7) 17
	[0,0] 0
n845:
	(10,7) 14
	[0,0] 0
n846:
	(10,11) 11
	[0,0] 0
n847:
	(24,2) 9
	[0,0] 0
n849:
	(13,2) 9
	[0,0] 0
n850:
	(5,14) 6
	[0,0] 0
n289:
	(5,2) 7
	[0,0] 0
n288:
	(17,6) 3
	[0,0] 0
n851:
	(1,1) 5
	[0,0] 0
n293:
	(3,2) 6
	[0,0] 0
N1448:
	(1,1) 0
	[0,0] 0
n297:
	(1,1) 2
	[0,0] 0
n852:
	(21,8) ∞
	[0,0] ∞
n665:
	(12,3) 44
	[0,0] 0
n841:
	(14,5) ∞
	[0,0] ∞
n664:
	(11,2) 45
	[0,0] 0
n397:
	(3,2) 12
	[0,0] 0
n609:
	(3,2) 32
	[0,0] 0
n608:
	(3,2) 32
	[0,0] 0
n612:
	(2,3) 34
	[0,0] 0
n856:
	(3,2) ∞
	[0,0] ∞
n857:
	(9,3) ∞
	[0,0] ∞
n614:
	(5,8) 26
	[0,0] 0
n858:
	(3,2) 51
	[0,0] 0
n859:
	(3,2) 51
	[0,0] 0
n835:
	(5,4) 48
	[0,0] 0
n860:
	(3,2) 51
	[0,0] 0
n861:
	(3,2) 51
	[0,0] 0
n834:
	(5,4) 48
	[0,0] 0
n618:
	(3,2) 46
	[0,0] 0
n617:
	(3,2) 46
	[0,0] 0
n864:
	(5,17) ∞
	[0,0] ∞
n620:
	(16,6) 31
	[0,0] 0
n865:
	(3,11) ∞
	[0,0] ∞
n866:
	(10,3) 21
	[0,0] 0
n836:
	(5,2) 19
	[0,0] 0
n551:
	(2,9) 12
	[0,0] 0
n550:
	(2,9) 12
	[0,0] 0
n539:
	(13,2) 38
	[0,0] 0
n538:
	(13,2) 38
	[0,0] 0
n542:
	(2,7) 33
	[0,0] 0
n541:
	(2,9) 33
	[0,0] 0
n870:
	(1,1) 37
	[0,0] 0
n545:
	(13,2) 38
	[0,0] 0
n544:
	(13,2) 38
	[0,0] 0
n548:
	(2,7) 33
	[0,0] 0
n547:
	(2,9) 33
	[0,0] 0
n448:
	(2,10) 28
	[0,0] 0
n447:
	(2,10) 28
	[0,0] 0
n554:
	(17,8) 13
	[0,0] 0
n553:
	(3,2) 19
	[0,0] 0
n603:
	(13,2) 10
	[0,0] 0
n602:
	(13,2) 10
	[0,0] 0
n874:
	(13,2) 35
	[0,0] 0
n875:
	(13,2) 35
	[0,0] 0
n829:
	(5,14) 32
	[0,0] 0
n876:
	(12,2) 35
	[0,0] 0
n877:
	(13,2) 35
	[0,0] 0
n828:
	(5,13) 32
	[0,0] 0
n597:
	(13,2) 19
	[0,0] 0
n596:
	(13,2) 19
	[0,0] 0
n600:
	(13,2) ∞
	[0,0] ∞
n599:
	(13,2) ∞
	[0,0] ∞
n878:
	(16,2) ∞
	[0,0] ∞
n450:
	(2,7) 14
	[0,0] 0
n880:
	(6,2) ∞
	[0,0] ∞
n605:
	(2,4) 12
	[0,0] 0
n881:
	(19,3) ∞
	[0,0] ∞
n882:
	(5,8) 4
	[0,0] 0
n831:
	(2,7) 2
	[0,0] 0
n639:
	(3,2) 13
	[0,0] 0
n638:
	(3,2) 13
	[0,0] 0
n642:
	(3,2) 13
	[0,0] 0
n641:
	(3,2) 13
	[0,0] 0
n645:
	(6,2) 8
	[0,0] 0
n644:
	(6,2) 8
	[0,0] 0
n648:
	(3,2) 18
	[0,0] 0
n647:
	(3,2) 18
	[0,0] 0
n651:
	(2,3) 19
	[0,0] 0
n650:
	(2,3) 19
	[0,0] 0
n887:
	(10,5) ∞
	[0,0] ∞
n653:
	(5,10) 10
	[0,0] 0
n888:
	(15,3) ∞
	[0,0] ∞
n889:
	(8,8) 2
	[0,0] 0
N2970:
	(2,10) 0
	[0,0] 0
n624:
	(3,2) ∞
	[0,0] ∞
n623:
	(3,2) ∞
	[0,0] ∞
n627:
	(3,2) 12
	[0,0] 0
n626:
	(3,2) 12
	[0,0] 0
n630:
	(2,7) 7
	[0,0] 0
n892:
	(6,2) ∞
	[0,0] ∞
n893:
	(3,2) 29
	[0,0] 0
n894:
	(3,2) 29
	[0,0] 0
n833:
	(5,4) 26
	[0,0] 0
n895:
	(3,2) 29
	[0,0] 0
n896:
	(3,2) 29
	[0,0] 0
n832:
	(5,4) 26
	[0,0] 0
n633:
	(3,2) 24
	[0,0] 0
n632:
	(3,2) 24
	[0,0] 0
n898:
	(5,17) ∞
	[0,0] ∞
n635:
	(16,6) 9
	[0,0] 0
n899:
	(3,11) ∞
	[0,0] ∞
n452:
	(7,3) 2
	[0,0] 0
n488:
	(3,2) 56
	[0,0] 0
tempn487:
	(17,2) 56
	[0,0] 0
n486:
	(17,2) ∞
	[0,0] ∞
n485:
	(3,2) ∞
	[0,0] ∞
n673:
	(3,2) 16
	[0,0] 0
n672:
	(24,3) 15
	[0,0] 0
n900:
	(5,9) ∞
	[0,0] ∞
n901:
	(9,3) 7
	[0,0] 0
n902:
	(5,2) 5
	[0,0] 0
n490:
	(3,2) 3
	[0,0] 0
n489:
	(4,2) 3
	[0,0] 0
n676:
	(13,2) 21
	[0,0] 0
n675:
	(13,2) 21
	[0,0] 0
n904:
	(5,2) 16
	[0,0] 0
n906:
	(16,2) 16
	[0,0] 0
n770:
	(5,6) 13
	[0,0] 0
n493:
	(3,2) 22
	[0,0] 0
n492:
	(3,2) 22
	[0,0] 0
n907:
	(3,2) 17
	[0,0] 0
n909:
	(6,2) 17
	[0,0] 0
n711:
	(5,4) 14
	[0,0] 0
n456:
	(3,2) 59
	[0,0] 0
n455:
	(13,2) 19
	[0,0] 0
n459:
	(3,2) 59
	[0,0] 0
n458:
	(13,2) 59
	[0,0] 0
n462:
	(3,2) 59
	[0,0] 0
n461:
	(13,2) 59
	[0,0] 0
n465:
	(3,2) 59
	[0,0] 0
n464:
	(13,2) 59
	[0,0] 0
n468:
	(3,2) 59
	[0,0] 0
n467:
	(13,2) 59
	[0,0] 0
n910:
	(3,2) 61
	[0,0] 0
n912:
	(3,2) 61
	[0,0] 0
n692:
	(5,4) 58
	[0,0] 0
n913:
	(3,2) 61
	[0,0] 0
n915:
	(3,2) 61
	[0,0] 0
n691:
	(5,4) 58
	[0,0] 0
n471:
	(3,2) 69
	[0,0] 0
n470:
	(13,2) 69
	[0,0] 0
n474:
	(3,2) 69
	[0,0] 0
n473:
	(13,2) 69
	[0,0] 0
n477:
	(3,2) 69
	[0,0] 0
n476:
	(13,2) 69
	[0,0] 0
n355:
	(3,2) 43
	[0,0] 0
n375:
	(12,2) 36
	[0,0] 0
n481:
	(3,2) 69
	[0,0] 0
n480:
	(13,2) 69
	[0,0] 0
n350:
	(3,2) 37
	[0,0] 0
n483:
	(13,2) 69
	[0,0] 0
n353:
	(3,2) 40
	[0,0] 0
n379:
	(13,2) 28
	[0,0] 0
n495:
	(3,2) 3
	[0,0] 0
n494:
	(3,2) 3
	[0,0] 0
n497:
	(3,2) 3
	[0,0] 0
n496:
	(3,2) 3
	[0,0] 0
n499:
	(3,2) 3
	[0,0] 0
n498:
	(3,2) 3
	[0,0] 0
n300:
	(1,1) 2
	[0,0] 0
n408:
	(1,1) 13
	[0,0] 0
n848:
	(1,1) 32
	[0,0] 0
n440:
	(1,1) 6
	[0,0] 0
n867:
	(1,1) 23
	[0,0] 0
n621:
	(1,1) 36
	[0,0] 0
n890:
	(1,1) 9
	[0,0] 0
n615:
	(1,1) 30
	[0,0] 0
n654:
	(1,1) 14
	[0,0] 0
n883:
	(1,1) 8
	[0,0] 0
n734:
	(1,1) 14
	[0,0] 0
n453:
	(1,1) 4
	[0,0] 0
n636:
	(1,1) 14
	[0,0] 0
n891:
	(1,1) 13
	[0,0] 0
n885:
	(1,1) 13
	[0,0] 0
n863:
	(1,1) 48
	[0,0] 0
n855:
	(1,1) 36
	[0,0] 0
n854:
	(1,1) 34
	[0,0] 0
n879:
	(1,1) 20
	[0,0] 0
n903:
	(1,1) 9
	[0,0] 0
n897:
	(1,1) 26
	[0,0] 0
n629:
	(1,1) 8
	[0,0] 0
n886:
	(1,1) 21
	[0,0] 0
n884:
	(1,1) 13
	[0,0] 0
n862:
	(1,1) 48
	[0,0] 0
n611:
	(1,1) 35
	[0,0] 0
n853:
	(1,1) 34
	[0,0] 0
n417:
	(1,1) 13
	[0,0] 0
n451:
	(1,1) 15
	[0,0] 0
n606:
	(1,1) 13
	[0,0] 0
n871:
	(1,1) 41
	[0,0] 0
n869:
	(1,1) 41
	[0,0] 0
n872:
	(1,1) 37
	[0,0] 0
n873:
	(1,1) 21
	[0,0] 0
n868:
	(1,1) 20
	[0,0] 0
n757:
	(1,1) 62
	[0,0] 0
n840:
	(1,1) ∞
	[0,0] ∞
n905:
	(1,1) 20
	[0,0] 0
n772:
	(1,1) 6
	[0,0] 0
n908:
	(1,1) 19
	[0,0] 0
n802:
	(1,1) 63
	[0,0] 0
n805:
	(1,1) 63
	[0,0] 0
n799:
	(1,1) 63
	[0,0] 0
n914:
	(1,1) 63
	[0,0] 0
n911:
	(1,1) 63
	[0,0] 0
n814:
	(1,1) 63
	[0,0] 0
n817:
	(1,1) 63
	[0,0] 0
n808:
	(1,1) 63
	[0,0] 0
n811:
	(1,1) 63
	[0,0] 0
n783:
	(1,1) 50
	[0,0] 0
n786:
	(1,1) 50
	[0,0] 0
n777:
	(1,1) 50
	[0,0] 0
n780:
	(1,1) 50
	[0,0] 0
n789:
	(1,1) 50
	[0,0] 0
n792:
	(1,1) 50
	[0,0] 0
Trigger_en88_0:
	(5,13) 53
	[0,0] 0
troj88_0n2+1:
	(3,2) 64
	[0,0] 0
troj88_0n2+2:
	(7,2) 64
	[0,0] 0
troj88_0n2:
	(5,4) 61
	[0,0] 0
troj88_0n3:
	(2,5) 66
	[0,0] 0
troj88_0n1+1:
	(13,3) 63
	[0,0] 0
troj88_0n1+2:
	(18,3) 63
	[0,0] 0
troj88_0n1:
	(7,14) 59
	[0,0] 0
troj88_0n5:
	(2,7) 74
	[0,0] 0
troj88_0n4:
	(2,8) 68
	[0,0] 0
n487:
	(16,8) 50
	[0,0] 0
N398:
	(1,1) 0
	[0,0] 0
N400:
	(1,1) 0
	[0,0] 0
N401:
	(1,1) 0
	[0,0] 0
N419:
	(1,1) 0
	[0,0] 0
N420:
	(1,1) 0
	[0,0] 0
N456:
	(1,1) 0
	[0,0] 0
N457:
	(1,1) 0
	[0,0] 0
N458:
	(1,1) 0
	[0,0] 0
N805:
	(1,1) 0
	[0,0] 0
N2388:
	(5,4) 0
	[0,0] 0
N2390:
	(5,4) 0
	[0,0] 0
N2644:
	(5,4) 0
	[0,0] 0
N3804:
	(5,4) 0
	[0,0] 0
N3875:
	(1,1) 0
	[0,0] 0
N143_O:
	(1,1) 0
	[0,0] 0
N144_O:
	(1,1) 0
	[0,0] 0
N145_O:
	(1,1) 0
	[0,0] 0
N146_O:
	(1,1) 0
	[0,0] 0
N147_O:
	(1,1) 0
	[0,0] 0
N148_O:
	(1,1) 0
	[0,0] 0
N149_O:
	(1,1) 0
	[0,0] 0
N150_O:
	(1,1) 0
	[0,0] 0
N151_O:
	(1,1) 0
	[0,0] 0
N152_O:
	(1,1) 0
	[0,0] 0
N153_O:
	(1,1) 0
	[0,0] 0
N154_O:
	(1,1) 0
	[0,0] 0
N155_O:
	(1,1) 0
	[0,0] 0
N156_O:
	(1,1) 0
	[0,0] 0
N157_O:
	(1,1) 0
	[0,0] 0
N158_O:
	(1,1) 0
	[0,0] 0
N159_O:
	(1,1) 0
	[0,0] 0
N160_O:
	(1,1) 0
	[0,0] 0
N161_O:
	(1,1) 0
	[0,0] 0
N162_O:
	(1,1) 0
	[0,0] 0
N163_O:
	(1,1) 0
	[0,0] 0
N164_O:
	(1,1) 0
	[0,0] 0
N165_O:
	(1,1) 0
	[0,0] 0
N166_O:
	(1,1) 0
	[0,0] 0
N167_O:
	(1,1) 0
	[0,0] 0
N168_O:
	(1,1) 0
	[0,0] 0
N169_O:
	(1,1) 0
	[0,0] 0
N170_O:
	(1,1) 0
	[0,0] 0
N171_O:
	(1,1) 0
	[0,0] 0
N172_O:
	(1,1) 0
	[0,0] 0
N173_O:
	(1,1) 0
	[0,0] 0
N174_O:
	(1,1) 0
	[0,0] 0
N175_O:
	(1,1) 0
	[0,0] 0
N176_O:
	(1,1) 0
	[0,0] 0
N177_O:
	(1,1) 0
	[0,0] 0
N178_O:
	(1,1) 0
	[0,0] 0
N179_O:
	(1,1) 0
	[0,0] 0
N180_O:
	(1,1) 0
	[0,0] 0
N181_O:
	(1,1) 0
	[0,0] 0
N182_O:
	(1,1) 0
	[0,0] 0
N183_O:
	(1,1) 0
	[0,0] 0
N184_O:
	(1,1) 0
	[0,0] 0
N185_O:
	(1,1) 0
	[0,0] 0
N186_O:
	(1,1) 0
	[0,0] 0
N187_O:
	(1,1) 0
	[0,0] 0
N188_O:
	(1,1) 0
	[0,0] 0
N189_O:
	(1,1) 0
	[0,0] 0
N190_O:
	(1,1) 0
	[0,0] 0
N191_O:
	(1,1) 0
	[0,0] 0
N192_O:
	(1,1) 0
	[0,0] 0
N193_O:
	(1,1) 0
	[0,0] 0
N194_O:
	(1,1) 0
	[0,0] 0
N195_O:
	(1,1) 0
	[0,0] 0
N196_O:
	(1,1) 0
	[0,0] 0
N197_O:
	(1,1) 0
	[0,0] 0
N198_O:
	(1,1) 0
	[0,0] 0
N199_O:
	(1,1) 0
	[0,0] 0
N200_O:
	(1,1) 0
	[0,0] 0
N201_O:
	(1,1) 0
	[0,0] 0
N202_O:
	(1,1) 0
	[0,0] 0
N203_O:
	(1,1) 0
	[0,0] 0
N204_O:
	(1,1) 0
	[0,0] 0
N205_O:
	(1,1) 0
	[0,0] 0
N206_O:
	(1,1) 0
	[0,0] 0
N207_O:
	(1,1) 0
	[0,0] 0
N208_O:
	(1,1) 0
	[0,0] 0
N209_O:
	(1,1) 0
	[0,0] 0
N210_O:
	(1,1) 0
	[0,0] 0
N211_O:
	(1,1) 0
	[0,0] 0
N212_O:
	(1,1) 0
	[0,0] 0
N213_O:
	(1,1) 0
	[0,0] 0
N214_O:
	(1,1) 0
	[0,0] 0
N215_O:
	(1,1) 0
	[0,0] 0
N216_O:
	(1,1) 0
	[0,0] 0
N217_O:
	(1,1) 0
	[0,0] 0
N218_O:
	(1,1) 0
	[0,0] 0

-----------------------------------
Sum of T(sa0)s: ∞
Sum of T(sa1)s: ∞
Testability index: ∞