0:
	(1,1) 1
	[0,0] 0
1:
	(1,1) 6
	[0,0] 1
x:
	(1,1) ∞
	[0,0] ∞
n0:
	(1,1) 18
	[0,0] 2
n1:
	(1,1) 13
	[0,0] 1
n2:
	(1,1) 59
	[0,0] 5
n3[1]:
	(1,1) 55
	[0,0] 5
n3[0]:
	(1,1) 55
	[0,0] 5
n4[1]:
	(1,1) ∞
	[0,0] ∞
n4[0]:
	(1,1) ∞
	[0,0] ∞
n5[15]:
	(1,1) 88
	[0,0] 7
n5[14]:
	(1,1) 88
	[0,0] 7
n5[13]:
	(1,1) 88
	[0,0] 7
n5[12]:
	(1,1) 88
	[0,0] 7
n5[11]:
	(1,1) 88
	[0,0] 7
n5[10]:
	(1,1) 88
	[0,0] 7
n5[9]:
	(1,1) 88
	[0,0] 7
n5[8]:
	(1,1) 88
	[0,0] 7
n5[7]:
	(1,1) 88
	[0,0] 7
n5[6]:
	(1,1) 88
	[0,0] 7
n5[5]:
	(1,1) 88
	[0,0] 7
n5[4]:
	(1,1) 88
	[0,0] 7
n5[3]:
	(1,1) 88
	[0,0] 7
n5[2]:
	(1,1) 88
	[0,0] 7
n5[1]:
	(1,1) 88
	[0,0] 7
n5[0]:
	(1,1) 88
	[0,0] 7
n6[31]:
	(1,1) ∞
	[0,0] ∞
n6[30]:
	(1,1) ∞
	[0,0] ∞
n6[29]:
	(1,1) ∞
	[0,0] ∞
n6[28]:
	(1,1) ∞
	[0,0] ∞
n6[27]:
	(1,1) ∞
	[0,0] ∞
n6[26]:
	(1,1) ∞
	[0,0] ∞
n6[25]:
	(1,1) ∞
	[0,0] ∞
n6[24]:
	(1,1) ∞
	[0,0] ∞
n6[23]:
	(1,1) ∞
	[0,0] ∞
n6[22]:
	(1,1) ∞
	[0,0] ∞
n6[21]:
	(1,1) ∞
	[0,0] ∞
n6[20]:
	(1,1) ∞
	[0,0] ∞
n6[19]:
	(1,1) ∞
	[0,0] ∞
n6[18]:
	(1,1) ∞
	[0,0] ∞
n6[17]:
	(1,1) ∞
	[0,0] ∞
n6[16]:
	(1,1) ∞
	[0,0] ∞
n6[15]:
	(1,1) ∞
	[0,0] ∞
n6[14]:
	(1,1) ∞
	[0,0] ∞
n6[13]:
	(1,1) ∞
	[0,0] ∞
n6[12]:
	(1,1) ∞
	[0,0] ∞
n6[11]:
	(1,1) ∞
	[0,0] ∞
n6[10]:
	(1,1) ∞
	[0,0] ∞
n6[9]:
	(1,1) ∞
	[0,0] ∞
n6[8]:
	(1,1) ∞
	[0,0] ∞
n6[7]:
	(1,1) ∞
	[0,0] ∞
n6[6]:
	(1,1) ∞
	[0,0] ∞
n6[5]:
	(1,1) ∞
	[0,0] ∞
n6[4]:
	(1,1) ∞
	[0,0] ∞
n6[3]:
	(1,1) ∞
	[0,0] ∞
n6[2]:
	(1,1) ∞
	[0,0] ∞
n6[1]:
	(1,1) ∞
	[0,0] ∞
n6[0]:
	(1,1) ∞
	[0,0] ∞
n7[3]:
	(1,1) 88
	[0,0] 7
n7[2]:
	(1,1) 88
	[0,0] 7
n7[1]:
	(1,1) 88
	[0,0] 7
n7[0]:
	(1,1) 88
	[0,0] 7
n13[0]:
	(2,2) 0
	[0,0] 0
n13[1]:
	(2,2) 0
	[0,0] 0
n12[0]:
	(2,2) 0
	[0,0] 0
n12[1]:
	(2,2) 0
	[0,0] 0
n12[2]:
	(2,2) 0
	[0,0] 0
n12[3]:
	(2,2) 0
	[0,0] 0
n12[4]:
	(2,2) 0
	[0,0] 0
n12[5]:
	(2,2) 0
	[0,0] 0
n12[6]:
	(2,2) 0
	[0,0] 0
n12[7]:
	(2,2) 0
	[0,0] 0
n8[20]:
	(2,2) 0
	[0,0] 0
n8[21]:
	(2,2) 0
	[0,0] 0
n8[22]:
	(2,2) 0
	[0,0] 0
n8[23]:
	(2,2) 0
	[0,0] 0
n8[24]:
	(2,2) 0
	[0,0] 0
n8[25]:
	(2,2) 0
	[0,0] 0
n8[26]:
	(2,2) 0
	[0,0] 0
n8[27]:
	(2,2) 0
	[0,0] 0
n8[28]:
	(2,2) 0
	[0,0] 0
n8[29]:
	(2,2) 0
	[0,0] 0
n8[30]:
	(2,2) 0
	[0,0] 0
n8[31]:
	(2,2) 0
	[0,0] 0
n563:
	(5,24) 102
	[0,3] 7
n15[2]+1:
	(2,2) 98
	[0,0] 7
n15[2]+2:
	(2,2) 71
	[0,0] 6
n15[2]+3:
	(4,25) 69
	[1,1] 5
n15[2]:
	(7,3) 66
	[1,0] 5
n15[0]+1:
	(2,2) 98
	[0,0] 7
n15[0]+2:
	(2,2) 71
	[0,0] 6
n15[0]+3:
	(4,25) 69
	[1,1] 5
n15[0]:
	(7,3) 66
	[1,0] 5
n562:
	(14,21) 73
	[0,0] 6
n15[1]+1:
	(2,2) 98
	[0,0] 7
n15[1]+2:
	(2,2) 71
	[0,0] 6
n15[1]+3:
	(4,25) 69
	[1,1] 5
n15[1]:
	(7,3) 66
	[1,0] 5
n561:
	(9,21) 73
	[0,0] 6
n16[1]+1:
	(2,2) 50
	[0,0] 4
n16[1]+2:
	(2,2) 16
	[0,0] 2
n16[1]+3:
	(4,32) 14
	[1,2] 1
n16[1]:
	(7,3) 11
	[1,0] 1
n560:
	(9,21) 73
	[0,0] 6
n559:
	(9,36) 78
	[0,1] 6
n11[3]+1:
	(2,2) 25
	[0,0] 2
n11[3]+2:
	(2,2) 5
	[0,0] 1
n11[3]+3:
	(4,18) 3
	[1,1] 0
n11[3]:
	(7,3) 0
	[1,0] 0
n11[2]+1:
	(2,2) 25
	[0,0] 2
n11[2]+2:
	(2,2) 5
	[0,0] 1
n11[2]+3:
	(4,18) 3
	[1,1] 0
n11[2]:
	(7,3) 0
	[1,0] 0
n11[0]+1:
	(2,2) 25
	[0,0] 2
n11[0]+2:
	(2,2) 5
	[0,0] 1
n11[0]+3:
	(4,18) 3
	[1,1] 0
n11[0]:
	(7,3) 0
	[1,0] 0
n11[1]+1:
	(2,2) 25
	[0,0] 2
n11[1]+2:
	(2,2) 5
	[0,0] 1
n11[1]+3:
	(4,18) 3
	[1,1] 0
n11[1]:
	(7,3) 0
	[1,0] 0
n16[0]+1:
	(2,2) 51
	[0,0] 4
n16[0]+2:
	(2,2) 16
	[0,0] 2
n16[0]+3:
	(4,33) 14
	[1,2] 1
n16[0]:
	(7,3) 11
	[1,0] 1
n558:
	(4,35) 83
	[0,1] 6
n557:
	(4,34) 78
	[0,1] 6
n556:
	(4,33) 78
	[0,2] 6
n555:
	(19,28) 18
	[0,1] 2
n16[2]+1:
	(2,2) 67
	[0,0] 4
n16[2]+2:
	(2,2) 32
	[0,0] 2
n16[2]+3:
	(4,33) 30
	[1,2] 1
n16[2]:
	(7,3) 27
	[1,0] 1
n8[14]+1:
	(2,2) 22
	[0,0] 2
n8[14]+2:
	(2,2) 5
	[0,0] 1
n8[14]+3:
	(4,15) 3
	[1,1] 0
n8[14]:
	(7,3) 0
	[1,0] 0
n8[0]+1:
	(2,2) 22
	[0,0] 2
n8[0]+2:
	(2,2) 5
	[0,0] 1
n8[0]+3:
	(4,15) 3
	[1,1] 0
n8[0]:
	(7,3) 0
	[1,0] 0
n8[1]+1:
	(2,2) 22
	[0,0] 2
n8[1]+2:
	(2,2) 5
	[0,0] 1
n8[1]+3:
	(4,15) 3
	[1,1] 0
n8[1]:
	(7,3) 0
	[1,0] 0
n8[2]+1:
	(2,2) 22
	[0,0] 2
n8[2]+2:
	(2,2) 5
	[0,0] 1
n8[2]+3:
	(4,15) 3
	[1,1] 0
n8[2]:
	(7,3) 0
	[1,0] 0
n8[3]+1:
	(2,2) 22
	[0,0] 2
n8[3]+2:
	(2,2) 5
	[0,0] 1
n8[3]+3:
	(4,15) 3
	[1,1] 0
n8[3]:
	(7,3) 0
	[1,0] 0
n8[4]+1:
	(2,2) 22
	[0,0] 2
n8[4]+2:
	(2,2) 5
	[0,0] 1
n8[4]+3:
	(4,15) 3
	[1,1] 0
n8[4]:
	(7,3) 0
	[1,0] 0
n8[5]+1:
	(2,2) 22
	[0,0] 2
n8[5]+2:
	(2,2) 5
	[0,0] 1
n8[5]+3:
	(4,15) 3
	[1,1] 0
n8[5]:
	(7,3) 0
	[1,0] 0
n8[6]+1:
	(2,2) 22
	[0,0] 2
n8[6]+2:
	(2,2) 5
	[0,0] 1
n8[6]+3:
	(4,15) 3
	[1,1] 0
n8[6]:
	(7,3) 0
	[1,0] 0
n8[7]+1:
	(2,2) 22
	[0,0] 2
n8[7]+2:
	(2,2) 5
	[0,0] 1
n8[7]+3:
	(4,15) 3
	[1,1] 0
n8[7]:
	(7,3) 0
	[1,0] 0
n8[8]+1:
	(2,2) 22
	[0,0] 2
n8[8]+2:
	(2,2) 5
	[0,0] 1
n8[8]+3:
	(4,15) 3
	[1,1] 0
n8[8]:
	(7,3) 0
	[1,0] 0
n8[9]+1:
	(2,2) 22
	[0,0] 2
n8[9]+2:
	(2,2) 5
	[0,0] 1
n8[9]+3:
	(4,15) 3
	[1,1] 0
n8[9]:
	(7,3) 0
	[1,0] 0
n8[10]+1:
	(2,2) 22
	[0,0] 2
n8[10]+2:
	(2,2) 5
	[0,0] 1
n8[10]+3:
	(4,15) 3
	[1,1] 0
n8[10]:
	(7,3) 0
	[1,0] 0
n8[11]+1:
	(2,2) 22
	[0,0] 2
n8[11]+2:
	(2,2) 5
	[0,0] 1
n8[11]+3:
	(4,15) 3
	[1,1] 0
n8[11]:
	(7,3) 0
	[1,0] 0
n8[12]+1:
	(2,2) 22
	[0,0] 2
n8[12]+2:
	(2,2) 5
	[0,0] 1
n8[12]+3:
	(4,15) 3
	[1,1] 0
n8[12]:
	(7,3) 0
	[1,0] 0
n8[13]+1:
	(2,2) 22
	[0,0] 2
n8[13]+2:
	(2,2) 5
	[0,0] 1
n8[13]+3:
	(4,15) 3
	[1,1] 0
n8[13]:
	(7,3) 0
	[1,0] 0
n8[19]+1:
	(2,2) 22
	[0,0] 2
n8[19]+2:
	(2,2) 5
	[0,0] 1
n8[19]+3:
	(4,15) 3
	[1,1] 0
n8[19]:
	(7,3) 0
	[1,0] 0
n553:
	(10,14) 7
	[0,0] 1
n552:
	(10,14) 7
	[0,0] 1
n551:
	(10,14) 7
	[0,0] 1
n550:
	(10,14) 7
	[0,0] 1
n549:
	(16,29) 34
	[0,1] 2
n548:
	(4,20) 78
	[0,0] 6
n547:
	(4,20) 78
	[0,0] 6
n546:
	(4,20) 83
	[0,0] 6
n545:
	(12,27) 25
	[0,2] 2
n544:
	(15,29) 18
	[0,1] 2
n8[17]+1:
	(2,2) 22
	[0,0] 2
n8[17]+2:
	(2,2) 5
	[0,0] 1
n8[17]+3:
	(4,15) 3
	[1,1] 0
n8[17]:
	(7,3) 0
	[1,0] 0
n8[18]+1:
	(2,2) 22
	[0,0] 2
n8[18]+2:
	(2,2) 5
	[0,0] 1
n8[18]+3:
	(4,15) 3
	[1,1] 0
n8[18]:
	(7,3) 0
	[1,0] 0
n9+1:
	(2,2) 30
	[0,0] 2
n9+2:
	(2,2) 5
	[0,0] 1
n9+3:
	(4,23) 3
	[1,1] 0
n9:
	(7,3) 0
	[1,0] 0
n8[15]+1:
	(2,2) 22
	[0,0] 2
n8[15]+2:
	(2,2) 5
	[0,0] 1
n8[15]+3:
	(4,15) 3
	[1,1] 0
n8[15]:
	(7,3) 0
	[1,0] 0
n8[16]+1:
	(2,2) 22
	[0,0] 2
n8[16]+2:
	(2,2) 5
	[0,0] 1
n8[16]+3:
	(4,15) 3
	[1,1] 0
n8[16]:
	(7,3) 0
	[1,0] 0
n554:
	(25,3) 86
	[1,0] 6
n17[9]+1:
	(2,2) 68
	[0,0] 5
n17[9]+2:
	(2,2) 49
	[0,0] 4
n17[9]+3:
	(4,17) 47
	[1,1] 3
n17[9]:
	(7,3) 44
	[1,0] 3
n17[10]+1:
	(2,2) 68
	[0,0] 5
n17[10]+2:
	(2,2) 49
	[0,0] 4
n17[10]+3:
	(4,17) 47
	[1,1] 3
n17[10]:
	(7,3) 44
	[1,0] 3
n17[11]+1:
	(2,2) 68
	[0,0] 5
n17[11]+2:
	(2,2) 49
	[0,0] 4
n17[11]+3:
	(4,17) 47
	[1,1] 3
n17[11]:
	(7,3) 44
	[1,0] 3
n17[12]+1:
	(2,2) 68
	[0,0] 5
n17[12]+2:
	(2,2) 49
	[0,0] 4
n17[12]+3:
	(4,17) 47
	[1,1] 3
n17[12]:
	(7,3) 44
	[1,0] 3
n17[13]+1:
	(2,2) 68
	[0,0] 5
n17[13]+2:
	(2,2) 49
	[0,0] 4
n17[13]+3:
	(4,17) 47
	[1,1] 3
n17[13]:
	(7,3) 44
	[1,0] 3
n17[14]+1:
	(2,2) 68
	[0,0] 5
n17[14]+2:
	(2,2) 49
	[0,0] 4
n17[14]+3:
	(4,17) 47
	[1,1] 3
n17[14]:
	(7,3) 44
	[1,0] 3
n17[15]+1:
	(2,2) 68
	[0,0] 5
n17[15]+2:
	(2,2) 49
	[0,0] 4
n17[15]+3:
	(4,17) 47
	[1,1] 3
n17[15]:
	(7,3) 44
	[1,0] 3
n17[3]+1:
	(2,2) 68
	[0,0] 5
n17[3]+2:
	(2,2) 49
	[0,0] 4
n17[3]+3:
	(4,17) 47
	[1,1] 3
n17[3]:
	(7,3) 44
	[1,0] 3
n17[4]+1:
	(2,2) 68
	[0,0] 5
n17[4]+2:
	(2,2) 49
	[0,0] 4
n17[4]+3:
	(4,17) 47
	[1,1] 3
n17[4]:
	(7,3) 44
	[1,0] 3
n17[1]+1:
	(2,2) 68
	[0,0] 5
n17[1]+2:
	(2,2) 49
	[0,0] 4
n17[1]+3:
	(4,17) 47
	[1,1] 3
n17[1]:
	(7,3) 44
	[1,0] 3
n14[15]+1:
	(2,2) 24
	[0,0] 2
n14[15]+2:
	(2,2) 5
	[0,0] 1
n14[15]+3:
	(4,17) 3
	[1,1] 0
n14[15]:
	(7,3) 0
	[1,0] 0
n17[2]+1:
	(2,2) 68
	[0,0] 5
n17[2]+2:
	(2,2) 49
	[0,0] 4
n17[2]+3:
	(4,17) 47
	[1,1] 3
n17[2]:
	(7,3) 44
	[1,0] 3
n14[1]+1:
	(2,2) 24
	[0,0] 2
n14[1]+2:
	(2,2) 5
	[0,0] 1
n14[1]+3:
	(4,17) 3
	[1,1] 0
n14[1]:
	(7,3) 0
	[1,0] 0
n14[2]+1:
	(2,2) 24
	[0,0] 2
n14[2]+2:
	(2,2) 5
	[0,0] 1
n14[2]+3:
	(4,17) 3
	[1,1] 0
n14[2]:
	(7,3) 0
	[1,0] 0
n14[3]+1:
	(2,2) 24
	[0,0] 2
n14[3]+2:
	(2,2) 5
	[0,0] 1
n14[3]+3:
	(4,17) 3
	[1,1] 0
n14[3]:
	(7,3) 0
	[1,0] 0
n14[4]+1:
	(2,2) 24
	[0,0] 2
n14[4]+2:
	(2,2) 5
	[0,0] 1
n14[4]+3:
	(4,17) 3
	[1,1] 0
n14[4]:
	(7,3) 0
	[1,0] 0
n17[0]+1:
	(2,2) 68
	[0,0] 5
n17[0]+2:
	(2,2) 49
	[0,0] 4
n17[0]+3:
	(4,17) 47
	[1,1] 3
n17[0]:
	(7,3) 44
	[1,0] 3
n14[5]+1:
	(2,2) 24
	[0,0] 2
n14[5]+2:
	(2,2) 5
	[0,0] 1
n14[5]+3:
	(4,17) 3
	[1,1] 0
n14[5]:
	(7,3) 0
	[1,0] 0
n14[6]+1:
	(2,2) 24
	[0,0] 2
n14[6]+2:
	(2,2) 5
	[0,0] 1
n14[6]+3:
	(4,17) 3
	[1,1] 0
n14[6]:
	(7,3) 0
	[1,0] 0
n14[7]+1:
	(2,2) 24
	[0,0] 2
n14[7]+2:
	(2,2) 5
	[0,0] 1
n14[7]+3:
	(4,17) 3
	[1,1] 0
n14[7]:
	(7,3) 0
	[1,0] 0
n14[8]+1:
	(2,2) 24
	[0,0] 2
n14[8]+2:
	(2,2) 5
	[0,0] 1
n14[8]+3:
	(4,17) 3
	[1,1] 0
n14[8]:
	(7,3) 0
	[1,0] 0
n14[9]+1:
	(2,2) 24
	[0,0] 2
n14[9]+2:
	(2,2) 5
	[0,0] 1
n14[9]+3:
	(4,17) 3
	[1,1] 0
n14[9]:
	(7,3) 0
	[1,0] 0
n14[10]+1:
	(2,2) 24
	[0,0] 2
n14[10]+2:
	(2,2) 5
	[0,0] 1
n14[10]+3:
	(4,17) 3
	[1,1] 0
n14[10]:
	(7,3) 0
	[1,0] 0
n14[11]+1:
	(2,2) 24
	[0,0] 2
n14[11]+2:
	(2,2) 5
	[0,0] 1
n14[11]+3:
	(4,17) 3
	[1,1] 0
n14[11]:
	(7,3) 0
	[1,0] 0
n14[12]+1:
	(2,2) 24
	[0,0] 2
n14[12]+2:
	(2,2) 5
	[0,0] 1
n14[12]+3:
	(4,17) 3
	[1,1] 0
n14[12]:
	(7,3) 0
	[1,0] 0
n14[13]+1:
	(2,2) 24
	[0,0] 2
n14[13]+2:
	(2,2) 5
	[0,0] 1
n14[13]+3:
	(4,17) 3
	[1,1] 0
n14[13]:
	(7,3) 0
	[1,0] 0
n14[14]+1:
	(2,2) 24
	[0,0] 2
n14[14]+2:
	(2,2) 5
	[0,0] 1
n14[14]+3:
	(4,17) 3
	[1,1] 0
n14[14]:
	(7,3) 0
	[1,0] 0
n14[0]+1:
	(2,2) 22
	[0,0] 2
n14[0]+2:
	(2,2) 5
	[0,0] 1
n14[0]+3:
	(4,15) 3
	[1,1] 0
n14[0]:
	(7,3) 0
	[1,0] 0
n18[2]+1:
	(2,2) 68
	[0,0] 5
n18[2]+2:
	(2,2) 49
	[0,0] 4
n18[2]+3:
	(4,17) 47
	[1,1] 3
n18[2]:
	(7,3) 44
	[1,0] 3
n19[1]+1:
	(2,2) 35
	[0,0] 3
n19[1]+2:
	(2,2) 16
	[0,0] 2
n19[1]+3:
	(4,17) 14
	[1,1] 1
n19[1]:
	(7,3) 11
	[1,0] 1
n18[3]+1:
	(2,2) 68
	[0,0] 5
n18[3]+2:
	(2,2) 49
	[0,0] 4
n18[3]+3:
	(4,17) 47
	[1,1] 3
n18[3]:
	(7,3) 44
	[1,0] 3
n18[0]+1:
	(2,2) 68
	[0,0] 5
n18[0]+2:
	(2,2) 49
	[0,0] 4
n18[0]+3:
	(4,17) 47
	[1,1] 3
n18[0]:
	(7,3) 44
	[1,0] 3
n18[1]+1:
	(2,2) 68
	[0,0] 5
n18[1]+2:
	(2,2) 49
	[0,0] 4
n18[1]+3:
	(4,17) 47
	[1,1] 3
n18[1]:
	(7,3) 44
	[1,0] 3
n19[0]+1:
	(2,2) 35
	[0,0] 3
n19[0]+2:
	(2,2) 16
	[0,0] 2
n19[0]+3:
	(4,17) 14
	[1,1] 1
n19[0]:
	(7,3) 11
	[1,0] 1
n542:
	(17,11) 7
	[1,0] 1
n541:
	(5,56) 12
	[0,6] 1
n540:
	(5,53) 12
	[0,5] 1
n539:
	(5,50) 12
	[0,4] 1
n537:
	(3,19) 7
	[0,0] 1
n536:
	(17,11) 7
	[1,0] 1
n535:
	(17,11) 7
	[1,0] 1
n534:
	(10,28) 23
	[0,1] 2
n533:
	(7,26) 30
	[0,2] 2
n532:
	(10,28) 40
	[0,1] 2
n531:
	(17,11) 7
	[1,0] 1
n530:
	(17,11) 7
	[1,0] 1
n529:
	(17,11) 7
	[1,0] 1
n528:
	(5,53) 12
	[0,5] 1
n527:
	(17,11) 7
	[1,0] 1
n526:
	(17,11) 7
	[1,0] 1
n525:
	(17,11) 7
	[1,0] 1
n524:
	(17,11) 7
	[1,0] 1
n523:
	(17,11) 7
	[1,0] 1
n522:
	(17,11) 7
	[1,0] 1
n521:
	(17,11) 7
	[1,0] 1
n520:
	(17,11) 7
	[1,0] 1
n519:
	(17,11) 7
	[1,0] 1
n518:
	(17,11) 7
	[1,0] 1
n517:
	(17,11) 7
	[1,0] 1
n516:
	(17,11) 7
	[1,0] 1
n515:
	(17,11) 7
	[1,0] 1
n514:
	(17,11) 7
	[1,0] 1
n17[6]+1:
	(2,2) 68
	[0,0] 5
n17[6]+2:
	(2,2) 49
	[0,0] 4
n17[6]+3:
	(4,17) 47
	[1,1] 3
n17[6]:
	(7,3) 44
	[1,0] 3
n17[7]+1:
	(2,2) 68
	[0,0] 5
n17[7]+2:
	(2,2) 49
	[0,0] 4
n17[7]+3:
	(4,17) 47
	[1,1] 3
n17[7]:
	(7,3) 44
	[1,0] 3
n17[8]+1:
	(2,2) 68
	[0,0] 5
n17[8]+2:
	(2,2) 49
	[0,0] 4
n17[8]+3:
	(4,17) 47
	[1,1] 3
n17[8]:
	(7,3) 44
	[1,0] 3
n17[5]+1:
	(2,2) 68
	[0,0] 5
n17[5]+2:
	(2,2) 49
	[0,0] 4
n17[5]+3:
	(4,17) 47
	[1,1] 3
n17[5]:
	(7,3) 44
	[1,0] 3
n543:
	(15,3) 83
	[0,0] 6
n511:
	(6,27) 31
	[0,1] 2
n510:
	(9,10) 15
	[1,0] 1
n509:
	(9,10) 15
	[1,0] 1
n508:
	(7,30) 17
	[0,1] 2
n507:
	(7,30) 17
	[0,1] 2
n506:
	(7,30) 17
	[0,1] 2
n505:
	(7,30) 17
	[0,1] 2
n504:
	(7,30) 17
	[0,1] 2
n503:
	(7,30) 17
	[0,1] 2
n502:
	(7,30) 17
	[0,1] 2
n501:
	(7,30) 17
	[0,1] 2
n500:
	(7,30) 17
	[0,1] 2
n499:
	(7,30) 17
	[0,1] 2
n498:
	(7,30) 17
	[0,1] 2
n497:
	(7,30) 17
	[0,1] 2
n496:
	(7,30) 17
	[0,1] 2
n495:
	(7,30) 17
	[0,1] 2
n494:
	(7,30) 17
	[0,1] 2
n493:
	(7,30) 17
	[0,1] 2
n492:
	(7,30) 17
	[0,1] 2
n491:
	(7,30) 17
	[0,1] 2
n490:
	(7,30) 17
	[0,1] 2
n489:
	(7,30) 17
	[0,1] 2
n488:
	(9,10) 15
	[1,0] 1
n487:
	(9,10) 15
	[1,0] 1
n486:
	(9,10) 15
	[1,0] 1
n485:
	(9,10) 15
	[1,0] 1
n484:
	(9,10) 15
	[1,0] 1
n483:
	(9,10) 15
	[1,0] 1
n482:
	(9,10) 15
	[1,0] 1
n481:
	(9,10) 15
	[1,0] 1
n480:
	(9,10) 15
	[1,0] 1
n479:
	(9,10) 15
	[1,0] 1
n478:
	(9,10) 15
	[1,0] 1
n477:
	(9,10) 15
	[1,0] 1
n476:
	(9,10) 15
	[1,0] 1
n475:
	(9,10) 15
	[1,0] 1
n474:
	(9,10) 15
	[1,0] 1
n473:
	(9,10) 15
	[1,0] 1
n472:
	(9,10) 15
	[1,0] 1
n471:
	(9,10) 15
	[1,0] 1
n513:
	(3,60) 34
	[0,3] 2
n10+1:
	(2,2) 24
	[0,0] 2
n10+2:
	(2,2) 5
	[0,0] 1
n10+3:
	(4,17) 3
	[1,1] 0
n10:
	(7,3) 0
	[1,0] 0
n512:
	(37,5) 25
	[3,0] 2
n468:
	(16,22) 10
	[0,1] 1
n467:
	(6,27) 27
	[0,1] 2
n466:
	(6,27) 44
	[0,1] 2
n465:
	(5,39) 45
	[0,3] 2
n464:
	(3,13) 51
	[0,0] 4
n463:
	(3,13) 51
	[0,0] 4
n462:
	(3,13) 51
	[0,0] 4
n461:
	(3,13) 51
	[0,0] 4
n460:
	(3,13) 51
	[0,0] 4
n459:
	(3,13) 51
	[0,0] 4
n458:
	(3,13) 51
	[0,0] 4
n457:
	(3,13) 51
	[0,0] 4
n456:
	(3,13) 51
	[0,0] 4
n455:
	(3,13) 51
	[0,0] 4
n454:
	(3,13) 51
	[0,0] 4
n453:
	(3,13) 51
	[0,0] 4
n452:
	(3,11) 7
	[0,0] 1
n451:
	(3,13) 7
	[0,0] 1
n450:
	(3,13) 7
	[0,0] 1
n449:
	(3,13) 7
	[0,0] 1
n448:
	(3,13) 7
	[0,0] 1
n447:
	(3,13) 18
	[0,0] 2
n446:
	(3,13) 7
	[0,0] 1
n445:
	(3,13) 7
	[0,0] 1
n444:
	(3,13) 7
	[0,0] 1
n443:
	(3,13) 7
	[0,0] 1
n442:
	(3,13) 18
	[0,0] 2
n441:
	(3,13) 7
	[0,0] 1
n440:
	(3,13) 7
	[0,0] 1
n439:
	(3,13) 51
	[0,0] 4
n438:
	(3,13) 7
	[0,0] 1
n437:
	(3,13) 51
	[0,0] 4
n436:
	(3,13) 7
	[0,0] 1
n435:
	(3,13) 51
	[0,0] 4
n434:
	(3,13) 7
	[0,0] 1
n433:
	(3,13) 7
	[0,0] 1
n432:
	(3,13) 7
	[0,0] 1
n431:
	(3,13) 51
	[0,0] 4
n430:
	(3,13) 51
	[0,0] 4
n429:
	(3,13) 51
	[0,0] 4
n428:
	(3,13) 51
	[0,0] 4
n427:
	(3,13) 51
	[0,0] 4
n470:
	(12,21) 86
	[0,1] 6
n469:
	(40,4) 25
	[4,0] 2
n422:
	(25,6) 22
	[1,0] 2
n421:
	(4,13) 13
	[0,0] 1
n420:
	(4,13) 13
	[0,0] 1
n419:
	(4,13) 13
	[0,0] 1
n418:
	(4,13) 13
	[0,0] 1
n417:
	(3,30) 30
	[0,3] 2
n416:
	(9,15) 23
	[1,0] 1
n415:
	(4,41) 33
	[0,4] 2
n413:
	(10,13) 54
	[0,1] 4
n412:
	(10,13) 54
	[0,1] 4
n411:
	(4,32) 29
	[0,3] 2
n410:
	(10,13) 54
	[0,1] 4
n409:
	(29,2) 65
	[3,0] 2
n408:
	(34,4) 50
	[3,0] 2
n407:
	(12,20) 20
	[0,1] 2
n406:
	(10,13) 54
	[0,1] 4
n405:
	(10,13) 54
	[0,1] 4
n404:
	(10,13) 54
	[0,1] 4
n403:
	(10,13) 54
	[0,1] 4
n402:
	(10,13) 54
	[0,1] 4
n401:
	(10,13) 54
	[0,1] 4
n400:
	(10,13) 54
	[0,1] 4
n399:
	(10,13) 54
	[0,1] 4
n426:
	(32,4) 30
	[3,0] 2
n425:
	(4,46) 83
	[0,4] 6
n424:
	(22,5) 32
	[1,0] 2
n423:
	(5,24) 20
	[0,1] 1
n398:
	(8,12) 10
	[0,1] 1
n397:
	(10,16) 10
	[0,1] 1
n396:
	(9,13) 7
	[0,0] 1
n395:
	(10,16) 10
	[0,1] 1
n394:
	(10,16) 10
	[0,1] 1
n393:
	(10,13) 54
	[0,1] 4
n392:
	(10,16) 10
	[0,1] 1
n391:
	(10,13) 21
	[0,1] 2
n390:
	(10,16) 10
	[0,1] 1
n389:
	(10,13) 21
	[0,1] 2
n388:
	(10,16) 10
	[0,1] 1
n387:
	(10,16) 10
	[0,1] 1
n386:
	(10,16) 10
	[0,1] 1
n385:
	(10,16) 10
	[0,1] 1
n384:
	(10,13) 54
	[0,1] 4
n383:
	(10,16) 10
	[0,1] 1
n382:
	(10,16) 10
	[0,1] 1
n381:
	(10,16) 10
	[0,1] 1
n380:
	(10,16) 10
	[0,1] 1
n379:
	(10,13) 54
	[0,1] 4
n378:
	(10,16) 10
	[0,1] 1
n377:
	(10,13) 54
	[0,1] 4
n376:
	(10,16) 10
	[0,1] 1
n375:
	(10,13) 54
	[0,1] 4
n374:
	(10,13) 54
	[0,1] 4
n373:
	(10,13) 54
	[0,1] 4
n372:
	(10,13) 54
	[0,1] 4
n371:
	(10,13) 54
	[0,1] 4
n370:
	(6,36) 20
	[0,3] 2
n20[1]+1:
	(2,2) 183
	[0,0] 11
n20[1]+2:
	(2,2) 148
	[0,0] 8
n20[1]+3:
	(4,33) 146
	[1,3] 7
n20[1]:
	(7,3) 143
	[1,0] 7
n20[2]+1:
	(2,2) 183
	[0,0] 11
n20[2]+2:
	(2,2) 148
	[0,0] 8
n20[2]+3:
	(4,33) 146
	[1,3] 7
n20[2]:
	(7,3) 143
	[1,0] 7
n20[3]+1:
	(2,2) 138
	[0,0] 10
n20[3]+2:
	(2,2) 103
	[0,0] 7
n20[3]+3:
	(4,33) 101
	[1,3] 6
n20[3]:
	(7,3) 98
	[1,0] 6
n20[4]+1:
	(2,2) 138
	[0,0] 10
n20[4]+2:
	(2,2) 103
	[0,0] 7
n20[4]+3:
	(4,33) 101
	[1,3] 6
n20[4]:
	(7,3) 98
	[1,0] 6
n20[5]+1:
	(2,2) 131
	[0,0] 9
n20[5]+2:
	(2,2) 96
	[0,0] 6
n20[5]+3:
	(4,33) 94
	[1,3] 5
n20[5]:
	(7,3) 91
	[1,0] 5
n20[6]+1:
	(2,2) 131
	[0,0] 9
n20[6]+2:
	(2,2) 96
	[0,0] 6
n20[6]+3:
	(4,33) 94
	[1,3] 5
n20[6]:
	(7,3) 91
	[1,0] 5
n20[7]+1:
	(2,2) 131
	[0,0] 9
n20[7]+2:
	(2,2) 96
	[0,0] 6
n20[7]+3:
	(4,33) 94
	[1,3] 5
n20[7]:
	(7,3) 91
	[1,0] 5
n20[8]+1:
	(2,2) 131
	[0,0] 9
n20[8]+2:
	(2,2) 96
	[0,0] 6
n20[8]+3:
	(4,33) 94
	[1,3] 5
n20[8]:
	(7,3) 91
	[1,0] 5
n20[9]+1:
	(2,2) 130
	[0,0] 9
n20[9]+2:
	(2,2) 96
	[0,0] 6
n20[9]+3:
	(4,32) 94
	[1,3] 5
n20[9]:
	(7,3) 91
	[1,0] 5
n369:
	(4,12) 12
	[0,0] 1
n368:
	(6,37) 20
	[0,3] 2
n367:
	(6,37) 20
	[0,3] 2
n366:
	(6,37) 20
	[0,3] 2
n365:
	(6,37) 20
	[0,3] 2
n364:
	(6,37) 20
	[0,3] 2
n363:
	(6,37) 20
	[0,3] 2
n362:
	(6,37) 20
	[0,3] 2
n361:
	(6,37) 20
	[0,3] 2
n360:
	(6,37) 20
	[0,3] 2
n359:
	(6,37) 20
	[0,3] 2
n358:
	(6,37) 20
	[0,3] 2
n357:
	(6,37) 20
	[0,3] 2
n356:
	(3,25) 64
	[0,2] 5
n355:
	(6,37) 20
	[0,3] 2
n354:
	(6,37) 20
	[0,3] 2
n353:
	(3,25) 64
	[0,2] 5
n352:
	(3,25) 64
	[0,2] 5
n351:
	(3,25) 64
	[0,2] 5
n350:
	(3,25) 64
	[0,2] 5
n349:
	(3,25) 64
	[0,2] 5
n348:
	(3,25) 64
	[0,2] 5
n347:
	(3,25) 64
	[0,2] 5
n346:
	(3,25) 64
	[0,2] 5
n345:
	(3,25) 64
	[0,2] 5
n344:
	(3,25) 64
	[0,2] 5
n343:
	(3,25) 64
	[0,2] 5
n342:
	(3,25) 64
	[0,2] 5
n341:
	(3,25) 64
	[0,2] 5
n340:
	(3,25) 64
	[0,2] 5
n339:
	(3,25) 64
	[0,2] 5
n338:
	(3,25) 31
	[0,2] 3
n337:
	(3,25) 31
	[0,2] 3
n336:
	(3,25) 64
	[0,2] 5
n335:
	(3,25) 64
	[0,2] 5
n334:
	(3,25) 64
	[0,2] 5
n20[0]+1:
	(2,2) 175
	[0,0] 11
n20[0]+2:
	(2,2) 148
	[0,0] 8
n20[0]+3:
	(4,25) 146
	[1,3] 7
n20[0]:
	(7,3) 143
	[1,0] 7
n332:
	(15,11) 25
	[1,0] 1
n328:
	(9,9) 17
	[1,0] 1
n327:
	(9,9) 58
	[1,0] 4
n326:
	(9,9) 58
	[1,0] 4
n325:
	(9,9) 58
	[1,0] 4
n324:
	(9,9) 58
	[1,0] 4
n323:
	(9,9) 58
	[1,0] 4
n322:
	(9,9) 58
	[1,0] 4
n321:
	(9,9) 58
	[1,0] 4
n320:
	(9,9) 58
	[1,0] 4
n319:
	(9,9) 58
	[1,0] 4
n318:
	(9,9) 58
	[1,0] 4
n317:
	(9,9) 58
	[1,0] 4
n316:
	(9,9) 17
	[1,0] 1
n315:
	(9,9) 58
	[1,0] 4
n314:
	(9,9) 58
	[1,0] 4
n313:
	(9,9) 58
	[1,0] 4
n312:
	(9,9) 58
	[1,0] 4
n311:
	(9,9) 58
	[1,0] 4
n310:
	(10,15) 92
	[0,1] 6
n309:
	(9,9) 17
	[1,0] 1
n308:
	(9,9) 17
	[1,0] 1
n307:
	(9,9) 17
	[1,0] 1
n306:
	(9,9) 25
	[1,0] 2
n305:
	(3,25) 64
	[0,2] 5
n304:
	(9,9) 17
	[1,0] 1
n303:
	(9,9) 17
	[1,0] 1
n302:
	(9,9) 17
	[1,0] 1
n301:
	(9,9) 58
	[1,0] 4
n300:
	(9,9) 58
	[1,0] 4
n299:
	(9,9) 58
	[1,0] 4
n298:
	(9,9) 17
	[1,0] 1
n297:
	(9,9) 17
	[1,0] 1
n296:
	(9,9) 17
	[1,0] 1
n295:
	(9,9) 17
	[1,0] 1
n294:
	(9,9) 17
	[1,0] 1
n293:
	(9,9) 17
	[1,0] 1
n292:
	(9,9) 17
	[1,0] 1
n291:
	(9,9) 58
	[1,0] 4
n290:
	(4,24) 12
	[0,2] 1
n289:
	(9,9) 25
	[1,0] 2
n288:
	(38,6) 91
	[4,0] 6
n287:
	(3,25) 34
	[0,2] 2
n286:
	(12,4) 42
	[0,0] 3
n333:
	(27,4) 33
	[3,0] 2
n331:
	(10,14) 26
	[0,1] 1
n330:
	(24,3) 37
	[2,0] 3
n329:
	(8,3) 18
	[0,0] 1
n13[7]+1:
	(2,2) 18
	[0,0] 2
n13[7]+2:
	(2,2) 5
	[0,0] 1
n13[7]+3:
	(4,11) 3
	[1,1] 0
n13[7]:
	(7,3) 0
	[1,0] 0
n13[3]+1:
	(2,2) 18
	[0,0] 2
n13[3]+2:
	(2,2) 5
	[0,0] 1
n13[3]+3:
	(4,11) 3
	[1,1] 0
n13[3]:
	(7,3) 0
	[1,0] 0
n13[4]+1:
	(2,2) 18
	[0,0] 2
n13[4]+2:
	(2,2) 5
	[0,0] 1
n13[4]+3:
	(4,11) 3
	[1,1] 0
n13[4]:
	(7,3) 0
	[1,0] 0
n13[5]+1:
	(2,2) 18
	[0,0] 2
n13[5]+2:
	(2,2) 5
	[0,0] 1
n13[5]+3:
	(4,11) 3
	[1,1] 0
n13[5]:
	(7,3) 0
	[1,0] 0
n13[6]+1:
	(2,2) 18
	[0,0] 2
n13[6]+2:
	(2,2) 5
	[0,0] 1
n13[6]+3:
	(4,11) 3
	[1,1] 0
n13[6]:
	(7,3) 0
	[1,0] 0
n13[2]+1:
	(2,2) 18
	[0,0] 2
n13[2]+2:
	(2,2) 5
	[0,0] 1
n13[2]+3:
	(4,11) 3
	[1,1] 0
n13[2]:
	(7,3) 0
	[1,0] 0
n285:
	(4,29) 98
	[0,2] 6
n284:
	(4,29) 150
	[0,2] 8
n283:
	(4,29) 98
	[0,2] 6
n282:
	(4,28) 98
	[0,2] 6
n281:
	(4,29) 150
	[0,2] 8
n279:
	(24,5) 105
	[3,0] 7
n274:
	(21,5) 35
	[2,0] 3
n272:
	(22,5) 34
	[2,0] 2
n271:
	(4,29) 98
	[0,2] 6
n270:
	(4,29) 105
	[0,2] 7
n269:
	(4,29) 105
	[0,2] 7
n268:
	(5,17) 21
	[0,1] 1
n267:
	(4,21) 150
	[0,2] 8
n266:
	(4,29) 98
	[0,2] 6
n280:
	(19,3) 17
	[2,0] 1
n278:
	(4,23) 50
	[0,3] 3
n277:
	(7,3) 17
	[0,0] 1
n276:
	(9,9) 31
	[1,0] 1
n275:
	(4,20) 14
	[0,2] 1
n273:
	(4,21) 30
	[0,2] 2
n264:
	(8,4) 36
	[0,0] 2
n262:
	(3,7) 7
	[0,0] 1
n261:
	(3,7) 7
	[0,0] 1
n260:
	(3,7) 7
	[0,0] 1
n259:
	(9,9) 75
	[1,0] 4
n258:
	(3,7) 7
	[0,0] 1
n257:
	(3,7) 7
	[0,0] 1
n265:
	(12,4) 50
	[1,0] 4
n263:
	(3,7) 7
	[0,0] 1
n255:
	(16,5) 58
	[2,0] 4
n252:
	(16,5) 20
	[2,0] 1
n250:
	(13,5) 38
	[1,0] 3
n247:
	(4,12) 36
	[0,1] 1
n246:
	(15,4) 58
	[2,0] 4
n256:
	(15,4) 50
	[2,0] 4
n254:
	(4,15) 59
	[0,2] 4
n253:
	(12,4) 22
	[1,0] 1
n251:
	(4,15) 20
	[0,2] 1
n249:
	(4,12) 36
	[0,1] 2
n248:
	(13,3) 113
	[1,0] 7
n245:
	(4,8) 43
	[0,1] 3
n244:
	(4,8) 22
	[0,1] 1
n243:
	(4,8) 43
	[0,1] 3
n242:
	(4,8) 21
	[0,1] 1
n241:
	(4,8) 22
	[0,1] 1
n240:
	(4,8) 21
	[0,1] 1
n239:
	(4,8) 22
	[0,1] 1
n238:
	(4,8) 43
	[0,1] 3
n237:
	(4,8) 43
	[0,1] 3
n236:
	(4,8) 21
	[0,1] 1
n235:
	(4,8) 22
	[0,1] 1
n234:
	(4,8) 43
	[0,1] 3
n233:
	(4,8) 43
	[0,1] 3
n232:
	(4,8) 21
	[0,1] 1
n231:
	(4,8) 21
	[0,1] 1
n230:
	(4,8) 22
	[0,1] 1
n229:
	(4,8) 21
	[0,1] 1
n228:
	(4,8) 22
	[0,1] 1
n227:
	(4,8) 22
	[0,1] 1
n226:
	(4,8) 43
	[0,1] 3
n225:
	(4,8) 21
	[0,1] 1
n224:
	(4,8) 43
	[0,1] 3
n223:
	(4,8) 43
	[0,1] 3
n222:
	(4,8) 43
	[0,1] 3
n221:
	(4,8) 20
	[0,1] 1
n220:
	(4,8) 22
	[0,1] 1
n219:
	(4,8) 21
	[0,1] 1
n218:
	(4,8) 43
	[0,1] 3
n217:
	(4,8) 43
	[0,1] 3
n216:
	(4,8) 43
	[0,1] 3
n215:
	(4,8) 22
	[0,1] 1
n214:
	(4,8) 21
	[0,1] 1
n213:
	(4,8) 21
	[0,1] 1
n212:
	(4,8) 21
	[0,1] 1
n211:
	(4,8) 21
	[0,1] 1
n210:
	(4,8) 22
	[0,1] 1
n209:
	(4,8) 21
	[0,1] 1
n208:
	(4,8) 21
	[0,1] 1
n207:
	(4,8) 21
	[0,1] 1
n206:
	(4,8) 22
	[0,1] 1
n205:
	(4,8) 43
	[0,1] 3
n204:
	(4,8) 22
	[0,1] 1
n203:
	(4,8) 22
	[0,1] 1
n202:
	(4,8) 22
	[0,1] 1
n201:
	(4,8) 94
	[0,1] 6
n200:
	(4,8) 10
	[0,1] 1
n199:
	(4,8) 99
	[0,1] 6
n198:
	(4,8) 43
	[0,1] 3
n197:
	(4,8) 43
	[0,1] 3
n196:
	(4,8) 43
	[0,1] 3
n195:
	(4,8) 10
	[0,1] 1
n194:
	(4,8) 43
	[0,1] 3
n193:
	(4,8) 94
	[0,1] 6
n192:
	(4,8) 10
	[0,1] 1
n191:
	(4,8) 10
	[0,1] 1
n190:
	(4,8) 10
	[0,1] 1
n189:
	(2,2) 87
	[0,0] 7
n188:
	(14,18) 42
	[1,0] 4
n187:
	(2,2) 54
	[0,0] 5
n186:
	(2,2) 87
	[0,0] 7
n185:
	(15,19) 42
	[1,0] 4
n184:
	(2,2) 54
	[0,0] 5
n183:
	(15,19) 112
	[1,0] 7
n182:
	(15,11) 42
	[1,0] 4
n181:
	(2,2) 87
	[0,0] 7
n180:
	(15,17) 42
	[1,0] 4
n179:
	(15,19) 42
	[1,0] 4
n178:
	(15,19) 112
	[1,0] 7
n177:
	(2,2) 87
	[0,0] 7
n176:
	(15,19) 42
	[1,0] 4
n175:
	(15,19) 42
	[1,0] 4
n174:
	(15,19) 42
	[1,0] 4
n173:
	(9,13) 109
	[0,1] 7
n172:
	(2,2) 87
	[0,0] 7
n171:
	(15,19) 42
	[1,0] 4
n170:
	(15,19) 42
	[1,0] 4
n169:
	(15,11) 164
	[1,0] 9
n168:
	(15,19) 119
	[1,0] 8
n167:
	(14,18) 112
	[1,0] 7
n166:
	(2,2) 87
	[0,0] 7
n165:
	(15,19) 42
	[1,0] 4
n164:
	(15,19) 42
	[1,0] 4
n163:
	(2,2) 87
	[0,0] 7
n162:
	(2,2) 87
	[0,0] 7
n161:
	(2,2) 87
	[0,0] 7
n160:
	(2,2) 87
	[0,0] 7
n159:
	(15,19) 42
	[1,0] 4
n158:
	(8,12) 104
	[0,1] 7
n157:
	(2,2) 87
	[0,0] 7
n156:
	(15,19) 42
	[1,0] 4
n155:
	(2,2) 87
	[0,0] 7
n154:
	(2,2) 87
	[0,0] 7
n153:
	(2,2) 87
	[0,0] 7
n152:
	(2,2) 87
	[0,0] 7
n151:
	(2,2) 87
	[0,0] 7
n150:
	(15,17) 164
	[1,0] 9
n149:
	(15,19) 112
	[1,0] 7
n148:
	(15,19) 119
	[1,0] 8
n147:
	(15,19) 112
	[1,0] 7
n146:
	(2,2) 87
	[0,0] 7
n145:
	(2,2) 87
	[0,0] 7
n144:
	(2,2) 87
	[0,0] 7
n143:
	(2,2) 87
	[0,0] 7
n142:
	(15,19) 42
	[1,0] 4
n141:
	(4,8) 22
	[0,1] 1
n140:
	(4,8) 21
	[0,1] 1
n139:
	(4,8) 43
	[0,1] 3
n138:
	(4,8) 21
	[0,1] 1
n137:
	(4,8) 21
	[0,1] 1
n136:
	(30,11) 64
	[0,1] 5
n135:
	(4,8) 22
	[0,1] 1
n134:
	(4,8) 43
	[0,1] 3
n133:
	(4,8) 21
	[0,1] 1
n132:
	(2,2) 58
	[0,0] 5
n131:
	(4,8) 21
	[0,1] 1
n130:
	(4,8) 22
	[0,1] 1
n129:
	(4,8) 34
	[0,1] 1
n128:
	(4,8) 10
	[0,1] 1
n127:
	(4,8) 34
	[0,1] 2
n126:
	(2,2) 18
	[0,0] 1
n125:
	(2,2) 18
	[0,0] 1
n124:
	(2,2) 18
	[0,0] 1
n123:
	(2,2) 18
	[0,0] 1
n122:
	(2,2) 16
	[0,0] 1
n121:
	(2,2) 12
	[0,0] 1
n565:
	(12,8) 110
	[1,0] 7
n564:
	(11,7) 105
	[1,0] 7
n21:
	(4,15) 114
	[0,2] 7
n591:
	(23,4) 103
	[3,0] 7
n22:
	(15,4) 111
	[2,0] 8
n575:
	(10,29) 65
	[1,0] 5
n32:
	(19,9) 75
	[0,1] 5
n31:
	(14,10) 80
	[0,1] 5
n30:
	(9,9) 85
	[0,1] 5
n29:
	(9,9) 85
	[0,1] 5
n28:
	(4,15) 90
	[0,2] 5
n27:
	(4,8) 90
	[0,1] 5
n26:
	(4,8) 90
	[0,1] 5
n25:
	(4,8) 90
	[0,1] 5
n24:
	(4,8) 90
	[0,1] 5
n23:
	(4,8) 90
	[0,1] 5
n574:
	(17,13) 113
	[0,1] 7
n573:
	(18,14) 113
	[0,1] 7
n64:
	(9,51) 117
	[1,0] 7
n63:
	(4,17) 123
	[0,2] 8
n572:
	(18,14) 113
	[0,1] 7
n62:
	(46,10) 122
	[0,1] 7
n61:
	(9,45) 118
	[1,0] 7
n60:
	(4,17) 123
	[0,2] 8
n571:
	(18,14) 113
	[0,1] 7
n59:
	(40,10) 123
	[0,1] 7
n58:
	(9,39) 118
	[1,0] 7
n57:
	(4,17) 123
	[0,2] 8
n570:
	(18,14) 113
	[0,1] 7
n56:
	(34,10) 123
	[0,1] 7
n55:
	(9,33) 118
	[1,0] 7
n54:
	(4,17) 123
	[0,2] 8
n569:
	(18,14) 120
	[0,1] 8
n53:
	(28,10) 123
	[0,1] 7
n52:
	(9,27) 124
	[1,0] 7
n51:
	(4,17) 130
	[0,2] 9
n568:
	(18,14) 120
	[0,1] 8
n50:
	(22,10) 129
	[0,1] 7
n49:
	(9,21) 125
	[1,0] 7
n48:
	(4,17) 130
	[0,2] 9
n567:
	(16,14) 165
	[0,1] 9
n47:
	(16,10) 130
	[0,1] 7
n46:
	(9,15) 131
	[1,0] 7
n45:
	(4,17) 175
	[0,2] 10
n566:
	(10,14) 165
	[0,1] 9
n44:
	(10,10) 136
	[0,1] 7
n43:
	(9,9) 137
	[1,0] 7
n42:
	(4,15) 175
	[0,2] 10
n41:
	(4,8) 142
	[0,1] 7
n40:
	(4,8) 147
	[0,1] 7
n39:
	(4,8) 164
	[0,1] 7
n38:
	(4,8) 142
	[0,1] 7
n37:
	(4,8) 142
	[0,1] 7
n36:
	(4,8) 153
	[0,1] 7
n35:
	(4,8) 159
	[0,1] 7
n34:
	(4,8) 142
	[0,1] 7
n33:
	(4,8) 147
	[0,1] 7
n576:
	(17,13) 43
	[0,1] 4
n577:
	(18,14) 43
	[0,1] 4
n120:
	(9,87) 47
	[1,0] 4
n119:
	(4,17) 53
	[0,2] 5
n578:
	(18,14) 43
	[0,1] 4
n118:
	(82,10) 52
	[0,1] 4
n117:
	(9,81) 48
	[1,0] 4
n116:
	(4,17) 53
	[0,2] 5
n579:
	(18,14) 43
	[0,1] 4
n115:
	(76,10) 53
	[0,1] 4
n114:
	(9,75) 48
	[1,0] 4
n113:
	(4,17) 53
	[0,2] 5
n580:
	(18,14) 43
	[0,1] 4
n112:
	(70,10) 53
	[0,1] 4
n111:
	(9,69) 48
	[1,0] 4
n110:
	(4,17) 53
	[0,2] 5
n581:
	(18,14) 43
	[0,1] 4
n109:
	(64,10) 53
	[0,1] 4
n108:
	(9,63) 48
	[1,0] 4
n107:
	(4,17) 53
	[0,2] 5
n582:
	(18,14) 43
	[0,1] 4
n106:
	(58,10) 53
	[0,1] 4
n105:
	(9,57) 48
	[1,0] 4
n104:
	(4,17) 53
	[0,2] 5
n583:
	(18,14) 43
	[0,1] 4
n103:
	(52,10) 53
	[0,1] 4
n102:
	(9,51) 48
	[1,0] 4
n101:
	(4,17) 53
	[0,2] 5
n584:
	(18,14) 43
	[0,1] 4
n100:
	(46,10) 53
	[0,1] 4
n99:
	(9,45) 48
	[1,0] 4
n98:
	(4,17) 53
	[0,2] 5
n585:
	(18,14) 43
	[0,1] 4
n97:
	(40,10) 53
	[0,1] 4
n96:
	(9,39) 48
	[1,0] 4
n95:
	(4,17) 53
	[0,2] 5
n586:
	(18,14) 43
	[0,1] 4
n94:
	(34,10) 53
	[0,1] 4
n93:
	(9,33) 48
	[1,0] 4
n92:
	(4,17) 53
	[0,2] 5
n587:
	(18,14) 43
	[0,1] 4
n91:
	(28,10) 53
	[0,1] 4
n90:
	(9,27) 48
	[1,0] 4
n89:
	(4,17) 53
	[0,2] 5
n588:
	(18,14) 43
	[0,1] 4
n88:
	(22,10) 53
	[0,1] 4
n87:
	(9,21) 48
	[1,0] 4
n86:
	(4,17) 53
	[0,2] 5
n589:
	(16,14) 43
	[0,1] 4
n85:
	(16,10) 53
	[0,1] 4
n84:
	(9,15) 48
	[1,0] 4
n83:
	(4,17) 53
	[0,2] 5
n590:
	(10,14) 43
	[0,1] 4
n82:
	(10,10) 53
	[0,1] 4
n81:
	(9,9) 48
	[1,0] 4
n80:
	(4,15) 53
	[0,2] 5
n79:
	(4,8) 119
	[0,1] 4
n78:
	(4,8) 53
	[0,1] 4
n77:
	(4,8) 107
	[0,1] 4
n76:
	(4,8) 130
	[0,1] 4
n75:
	(4,8) 113
	[0,1] 4
n74:
	(4,8) 101
	[0,1] 4
n73:
	(4,8) 53
	[0,1] 4
n72:
	(4,8) 89
	[0,1] 4
n71:
	(4,8) 95
	[0,1] 4
n70:
	(4,8) 77
	[0,1] 4
n69:
	(4,8) 59
	[0,1] 4
n68:
	(4,8) 71
	[0,1] 4
n67:
	(4,8) 65
	[0,1] 4
n66:
	(4,8) 125
	[0,1] 4
n65:
	(4,8) 83
	[0,1] 4
n414:
	(16,11) 91
	[1,0] 6
n538:
	(22,13) 89
	[1,0] 6

-----------------------------------
Sum of T(sa0)s: ∞
Sum of T(sa1)s: ∞
Testability index: ∞