0:
	(1,1) ∞
	[0,0] ∞
1:
	(1,1) ∞
	[0,0] ∞
x:
	(1,1) ∞
	[0,0] ∞
CK:
	(1,1) 22
	[0,0] 2
G0:
	(1,1) 106
	[0,0] 9
G1:
	(1,1) 106
	[0,0] 9
G10:
	(1,1) 38
	[0,0] 3
G11:
	(1,1) 32
	[0,0] 3
G12:
	(1,1) 195
	[0,0] 20
G13:
	(1,1) 32
	[0,0] 2
G14:
	(1,1) 32
	[0,0] 2
G15:
	(1,1) 1
	[0,0] 0
G16:
	(1,1) 204
	[0,0] 19
G2:
	(1,1) 271
	[0,0] 20
G3:
	(1,1) 147
	[0,0] 12
G4:
	(1,1) 147
	[0,0] 12
G5:
	(1,1) 180
	[0,0] 13
G6:
	(1,1) 89
	[0,0] 8
G7:
	(1,1) 81
	[0,0] 7
G8:
	(1,1) 73
	[0,0] 6
G9:
	(1,1) 65
	[0,0] 5
test_se:
	(1,1) 16
	[0,0] 1
test_si:
	(1,1) 180
	[0,0] 19
G727:
	(11,15) 0
	[1,1] 0
G713+1:
	(3,42) 19
	[0,3] 2
G713+2:
	(10,46) 12
	[1,4] 1
G713:
	(43,14) 8
	[3,1] 1
G707:
	(7,14) 16
	[0,1] 2
n147:
	(26,3) 20
	[2,0] 2
n146:
	(13,3) 20
	[1,0] 2
G705:
	(2,37) 8
	[0,3] 1
n150+1:
	(36,77) 22
	[3,6] 2
n150:
	(89,35) 10
	[7,3] 1
n153:
	(34,11) 88
	[3,1] 7
n154:
	(32,24) 98
	[2,2] 8
n156+1:
	(28,3) 138
	[2,0] 10
n156:
	(40,29) 101
	[2,2] 8
tempn158:
	(44,30) 111
	[3,2] 8
n159:
	(29,3) 152
	[2,0] 11
n155:
	(23,2) 128
	[2,0] 10
n152+1:
	(62,43) 77
	[5,3] 7
n152:
	(76,14) 44
	[6,1] 4
n161:
	(59,36) 103
	[5,3] 9
n162+1:
	(142,27) 154
	[13,2] 13
n162:
	(37,18) 144
	[3,2] 12
n160+1:
	(32,26) 220
	[2,2] 16
n160+2:
	(64,25) 188
	[5,2] 13
n160:
	(97,26) 155
	[7,2] 11
n164:
	(15,24) 237
	[1,2] 17
n151+1:
	(23,12) 115
	[2,1] 11
n151:
	(90,21) 37
	[9,2] 3
n170:
	(20,77) 50
	[2,8] 4
n172:
	(76,10) 60
	[8,1] 5
n171:
	(91,9) 61
	[11,1] 5
G702+1:
	(22,49) 35
	[2,4] 3
G702+2:
	(12,34) 50
	[1,3] 4
G702:
	(13,84) 0
	[1,7] 0
n176:
	(11,22) 62
	[1,2] 5
n177:
	(10,99) 74
	[1,12] 6
n175:
	(223,11) 73
	[27,1] 6
n174+1:
	(113,11) 73
	[16,1] 6
n174:
	(21,21) 63
	[2,2] 5
n173+1:
	(63,11) 89
	[8,1] 8
n173:
	(43,27) 57
	[4,2] 5
G693+1:
	(8,15) 20
	[0,1] 2
G693:
	(19,3) 16
	[1,0] 2
n183+1:
	(23,11) 28
	[2,1] 2
n183:
	(14,3) 25
	[1,0] 2
n182:
	(25,4) 24
	[2,0] 2
G687+1:
	(8,15) 28
	[0,1] 3
G687:
	(19,3) 24
	[1,0] 3
n186+1:
	(23,11) 36
	[2,1] 3
n186:
	(14,3) 33
	[1,0] 3
n185:
	(24,4) 32
	[2,0] 3
G682+1:
	(16,15) 18
	[1,1] 1
G682:
	(19,3) 14
	[1,0] 1
n184:
	(3,13) 31
	[0,1] 2
n187:
	(22,11) 23
	[2,1] 1
G675:
	(7,26) 22
	[0,3] 2
n189:
	(31,3) 26
	[4,0] 2
n188:
	(25,3) 26
	[3,0] 2
G669:
	(7,21) 30
	[0,2] 3
n191:
	(26,3) 34
	[3,0] 3
n190:
	(20,3) 34
	[2,0] 3
G663:
	(7,14) 38
	[0,1] 4
n193:
	(21,3) 42
	[2,0] 4
n148:
	(2,4) 42
	[0,0] 4
n192:
	(13,3) 42
	[1,0] 4
n149:
	(2,3) 30
	[0,0] 3
G657:
	(2,3) 30
	[0,0] 2
G613:
	(6,5) 51
	[0,0] 4
n195:
	(26,3) 54
	[2,0] 4
n194:
	(4,2) 55
	[0,0] 4
G608:
	(6,5) 59
	[0,0] 5
n198:
	(26,3) 62
	[2,0] 5
n197:
	(4,2) 63
	[0,0] 5
G590:
	(13,61) 50
	[1,5] 4
n199:
	(45,36) 66
	[4,3] 5
n201:
	(10,44) 92
	[1,4] 7
n202:
	(26,150) 110
	[2,14] 9
G577:
	(6,5) 58
	[0,0] 5
n205:
	(26,3) 61
	[2,0] 5
n204:
	(4,2) 62
	[0,0] 5
G573:
	(6,5) 66
	[0,0] 6
n207:
	(26,3) 69
	[2,0] 6
n206:
	(4,2) 70
	[0,0] 6
G569:
	(6,5) 74
	[0,0] 7
n209:
	(26,3) 77
	[2,0] 7
n208:
	(4,2) 78
	[0,0] 7
G565:
	(6,5) 82
	[0,0] 8
n211:
	(26,3) 85
	[2,0] 8
n210:
	(4,2) 86
	[0,0] 8
n196:
	(13,2) 57
	[1,0] 4
n212:
	(14,11) 59
	[1,1] 4
G548:
	(13,88) 90
	[1,10] 9
n214:
	(72,38) 106
	[9,3] 10
G541+1:
	(22,68) 115
	[2,8] 11
G541:
	(14,85) 98
	[1,9] 10
n215+1:
	(74,11) 217
	[11,1] 19
n215:
	(112,28) 116
	[9,2] 11
n216:
	(21,39) 144
	[2,6] 13
n217:
	(135,11) 154
	[13,1] 14
G536:
	(13,76) 106
	[1,8] 11
n219:
	(60,36) 122
	[7,3] 12
G531+1:
	(22,56) 131
	[2,6] 13
G531:
	(14,73) 114
	[1,7] 12
n218+1:
	(54,11) 217
	[7,1] 19
n218:
	(99,26) 129
	[8,2] 12
n220:
	(21,29) 158
	[2,4] 15
n221:
	(112,11) 168
	[10,1] 16
G526:
	(13,64) 122
	[1,6] 13
n223:
	(48,34) 138
	[5,3] 14
n222+1:
	(40,60) 104
	[3,5] 8
n222:
	(86,24) 78
	[7,2] 6
n225+1:
	(24,11) 151
	[2,1] 12
n225:
	(23,25) 139
	[2,2] 11
n226:
	(251,11) 151
	[32,1] 12
n224:
	(59,14) 130
	[5,1] 10
n228:
	(34,26) 163
	[3,2] 13
n200:
	(15,12) 96
	[1,1] 8
n231:
	(11,2) 109
	[1,0] 9
G503+1:
	(∞,58) 88
	[∞,4] 7
G503:
	(62,34) 84
	[4,3] 7
n234:
	(33,3) 143
	[3,0] 11
n233:
	(57,2) ∞
	[4,0] ∞
tempn232:
	(16,2) ∞
	[1,0] ∞
G498+1:
	(5,17) 88
	[0,1] 8
G498:
	(21,6) 84
	[1,0] 8
n240:
	(28,3) 102
	[2,0] 9
n239:
	(57,2) 91
	[4,0] 8
n238:
	(16,2) 91
	[1,0] 8
G494+1:
	(5,17) 88
	[0,1] 8
G494:
	(21,6) 84
	[1,0] 8
n243:
	(28,3) 102
	[2,0] 9
n242:
	(57,2) 91
	[4,0] 8
n236:
	(10,55) 93
	[1,4] 8
n241:
	(16,2) 91
	[1,0] 8
n237:
	(16,14) 93
	[1,1] 8
n235:
	(14,2) 105
	[1,0] 9
G477+1:
	(21,99) 128
	[2,10] 11
G477:
	(4,143) 84
	[0,14] 7
n245:
	(20,87) 140
	[2,9] 12
n246:
	(106,10) 150
	[10,1] 13
n244+1:
	(168,10) 241
	[17,1] 22
n244:
	(193,11) 216
	[19,1] 20
G469:
	(3,77) 84
	[0,7] 7
n248:
	(34,33) 127
	[3,3] 11
G464+1:
	(22,101) 128
	[2,10] 12
G464:
	(4,145) 84
	[0,14] 8
n247+1:
	(150,11) 150
	[15,1] 13
n247:
	(24,23) 137
	[2,2] 12
n249:
	(21,77) 152
	[2,8] 14
n251:
	(85,11) 162
	[8,1] 15
G459:
	(3,66) 84
	[0,6] 8
n252:
	(23,33) 127
	[2,3] 12
n250:
	(22,12) 138
	[2,1] 13
n253:
	(164,11) 149
	[16,1] 14
n255:
	(23,11) 302
	[2,1] 29
G451:
	(8,110) 91
	[0,11] 8
n257:
	(120,4) 95
	[11,0] 8
n256:
	(109,3) 96
	[11,0] 8
G447:
	(7,59) 99
	[0,5] 9
n259:
	(64,2) 104
	[6,0] 9
G441:
	(9,102) 78
	[0,9] 7
n261:
	(110,4) 83
	[9,0] 7
n258:
	(3,57) 103
	[0,5] 9
n260:
	(101,4) 83
	[9,0] 7
G438:
	(3,44) 86
	[0,3] 8
n263:
	(41,46) 89
	[3,4] 8
n143:
	(39,34) 22
	[3,3] 2
n265:
	(33,24) 37
	[3,2] 3
n266:
	(23,20) 50
	[2,2] 4
n268:
	(68,11) 62
	[9,1] 5
n267:
	(19,11) 62
	[2,1] 5
n264:
	(42,14) 47
	[4,1] 4
G427+1:
	(22,93) 83
	[2,11] 7
G427:
	(2,95) 81
	[0,11] 7
n178+1:
	(156,9) 164
	[19,1] 17
n178:
	(73,11) 100
	[8,1] 10
n269:
	(21,81) 95
	[2,10] 8
G424:
	(3,91) 89
	[0,10] 8
n272:
	(77,21) 103
	[9,2] 9
n274:
	(10,135) 114
	[1,15] 10
G416:
	(3,88) 97
	[0,9] 9
n275:
	(74,21) 111
	[8,2] 10
n273:
	(13,2) 167
	[1,0] 17
n271:
	(140,11) 105
	[16,1] 9
G408+1:
	(21,78) 82
	[2,8] 7
G408:
	(2,80) 80
	[0,8] 7
n276:
	(20,66) 94
	[2,7] 8
G405:
	(3,75) 88
	[0,7] 8
n278:
	(62,21) 101
	[6,2] 9
n280:
	(10,81) 112
	[1,7] 10
G397:
	(3,48) 96
	[0,4] 9
n279:
	(12,2) 132
	[1,0] 12
n282:
	(35,47) 109
	[3,4] 10
G392:
	(3,71) 104
	[0,7] 10
n283:
	(57,21) 118
	[6,2] 11
G384+1:
	(22,63) 127
	[2,6] 12
G384:
	(4,78) 112
	[0,7] 11
n285:
	(10,108) 129
	[1,10] 12
n286:
	(21,51) 139
	[2,5] 13
G379+1:
	(34,23) 135
	[3,2] 13
G379:
	(4,38) 120
	[0,3] 12
n284:
	(13,2) 145
	[1,0] 14
n287:
	(33,11) 147
	[3,1] 14
G373:
	(5,68) 128
	[0,7] 13
n291:
	(53,21) 143
	[6,2] 14
G365+1:
	(21,60) 150
	[2,6] 15
G365:
	(4,74) 136
	[0,7] 14
n292+1:
	(90,10) 164
	[9,1] 16
n292:
	(101,11) 153
	[10,1] 15
n293:
	(20,48) 162
	[2,5] 16
n296:
	(53,10) 172
	[5,1] 17
G360:
	(5,35) 144
	[0,3] 15
n294:
	(3,13) 166
	[0,1] 17
n270:
	(10,63) 110
	[1,7] 11
n297:
	(20,31) 159
	[2,3] 16
n295:
	(10,21) 163
	[1,2] 17
n254:
	(10,152) 150
	[1,15] 14
n277:
	(86,10) 104
	[8,1] 9
n281:
	(25,37) 119
	[2,3] 11
n299+1:
	(67,10) 169
	[7,1] 15
n299:
	(91,11) 145
	[9,1] 13
n298:
	(24,25) 131
	[2,2] 12
n169:
	(31,12) 58
	[3,1] 5
n300+1:
	(19,18) 72
	[2,2] 6
n300+2:
	(117,2) 88
	[11,0] 8
n300:
	(21,20) 69
	[2,2] 6
n203+1:
	(52,24) 153
	[5,2] 14
n203+2:
	(61,24) 144
	[6,2] 13
n203:
	(114,25) 91
	[11,2] 8
n305:
	(20,23) 185
	[2,2] 17
n304:
	(20,23) 185
	[2,2] 17
n303:
	(20,23) 185
	[2,2] 17
n302:
	(20,23) 185
	[2,2] 17
n301:
	(31,38) 174
	[3,3] 16
n306+1:
	(19,13) 199
	[2,1] 18
n306+2:
	(19,13) 199
	[2,1] 18
n306:
	(27,20) 185
	[2,2] 17
G321:
	(8,49) 152
	[0,5] 16
n308:
	(66,4) 156
	[7,0] 16
n307:
	(48,3) 157
	[5,0] 16
G315:
	(8,44) 160
	[0,4] 17
n312:
	(61,4) 164
	[6,0] 17
n311:
	(43,3) 165
	[4,0] 17
G309:
	(8,39) 168
	[0,3] 18
n314:
	(56,4) 172
	[5,0] 18
n313:
	(38,3) 173
	[3,0] 18
G303:
	(7,16) 176
	[0,1] 19
n316:
	(51,4) 179
	[4,0] 19
n309:
	(3,26) 196
	[0,2] 21
n315:
	(15,2) 181
	[1,0] 19
n310:
	(2,13) 183
	[0,1] 19
n317:
	(23,11) 185
	[2,1] 19
n288:
	(113,11) 147
	[11,1] 14
n289:
	(10,56) 148
	[1,5] 14
G260:
	(13,93) 165
	[1,10] 14
n319:
	(77,21) 181
	[9,2] 15
G252+1:
	(21,73) 190
	[2,8] 16
G252:
	(14,90) 173
	[1,9] 15
n320+1:
	(116,10) 234
	[13,1] 19
n320:
	(159,11) 191
	[16,1] 16
n321:
	(20,61) 202
	[2,7] 17
n323:
	(98,10) 212
	[9,1] 18
G247:
	(13,68) 181
	[1,5] 16
n324:
	(52,26) 197
	[4,2] 17
G242+1:
	(22,68) 206
	[2,7] 18
G242:
	(14,85) 189
	[1,8] 17
n322+1:
	(98,11) 238
	[11,1] 20
n322:
	(42,16) 207
	[3,1] 18
n325:
	(21,51) 223
	[2,6] 19
n327:
	(77,11) 233
	[7,1] 20
G237:
	(13,57) 197
	[1,4] 18
n328:
	(41,26) 213
	[3,2] 19
n326:
	(15,30) 219
	[1,2] 19
G328BF:
	(6,14) 172
	[0,1] 18
n331:
	(13,2) 176
	[1,0] 18
G332BF:
	(12,11) 178
	[1,1] 18
n333:
	(25,2) 188
	[2,0] 19
n332:
	(10,9) 181
	[1,1] 18
n334+1:
	(12,2) 220
	[1,0] 22
n334+2:
	(31,25) 201
	[3,2] 20
n334:
	(44,3) 188
	[4,0] 19
n330:
	(14,3) 175
	[2,0] 18
n329+1:
	(74,11) 202
	[9,1] 20
n329+2:
	(54,11) 202
	[5,1] 20
n329:
	(23,55) 190
	[2,5] 19
n318:
	(15,12) 234
	[1,1] 20
n335:
	(11,2) 247
	[1,0] 21
n230:
	(13,12) 99
	[1,1] 8
n213:
	(42,2) 13
	[4,0] 1
n262+1:
	(39,24) 45
	[4,2] 4
n262+2:
	(44,29) 40
	[4,3] 3
n262:
	(54,40) 15
	[5,4] 1
n339:
	(34,24) 60
	[3,2] 5
n340+1:
	(19,14) 80
	[2,1] 7
n340:
	(24,14) 70
	[2,1] 6
n338:
	(28,19) 65
	[3,2] 5
n337:
	(23,19) 65
	[2,2] 6
n336:
	(23,19) 65
	[2,2] 6
G218:
	(3,45) 121
	[0,4] 12
n341:
	(42,37) 124
	[4,3] 12
G214:
	(3,35) 100
	[0,3] 9
n342:
	(32,37) 103
	[3,3] 9
n343:
	(10,61) 130
	[1,6] 11
G208:
	(3,23) 100
	[0,2] 9
n347:
	(20,33) 103
	[2,3] 9
G198:
	(3,36) 89
	[0,3] 8
n348:
	(33,34) 92
	[3,3] 8
G193+1:
	(24,47) 99
	[2,4] 9
G193:
	(2,49) 97
	[0,4] 9
n229+1:
	(41,11) 114
	[5,1] 10
n229:
	(23,24) 102
	[2,2] 9
n349:
	(34,22) 124
	[3,2] 11
n362:
	(21,24) 134
	[2,2] 12
G189:
	(3,23) 105
	[0,2] 10
n365:
	(20,32) 108
	[2,3] 10
n355:
	(23,11) 114
	[2,1] 10
n379:
	(73,11) 126
	[8,1] 11
n181:
	(26,31) 69
	[2,3] 6
n344:
	(25,21) 79
	[2,2] 7
n290:
	(10,23) 90
	[1,2] 8
G175:
	(3,13) 81
	[0,1] 7
G166:
	(3,70) 84
	[0,9] 7
n380:
	(67,23) 87
	[9,2] 7
n179:
	(12,206) 90
	[1,25] 8
n381:
	(10,66) 100
	[1,9] 8
G159+1:
	(22,63) 94
	[2,8] 8
G159:
	(2,65) 92
	[0,8] 8
n227:
	(10,194) 102
	[1,24] 9
n382:
	(21,51) 106
	[2,7] 9
G154+1:
	(21,58) 102
	[2,7] 9
G154:
	(2,60) 100
	[0,7] 9
n383+1:
	(86,10) 173
	[11,1] 16
n383:
	(143,11) 116
	[17,1] 10
n384:
	(20,46) 114
	[2,6] 10
n386:
	(97,10) 124
	[11,1] 11
G149:
	(3,55) 108
	[0,6] 10
n387:
	(52,21) 111
	[6,2] 10
G144+1:
	(35,33) 118
	[3,3] 11
G144:
	(2,35) 116
	[0,3] 11
n385+1:
	(44,10) 133
	[5,1] 12
n385:
	(56,11) 121
	[6,1] 11
n388:
	(34,21) 130
	[3,2] 12
n390:
	(20,24) 140
	[2,2] 13
G140:
	(3,23) 124
	[0,2] 12
n391:
	(20,32) 127
	[2,3] 12
n389:
	(11,23) 136
	[1,2] 13
n392:
	(113,11) 148
	[16,1] 14
G129:
	(3,53) 132
	[0,8] 13
n393:
	(50,22) 135
	[8,2] 13
G125:
	(3,46) 140
	[0,7] 14
n394:
	(43,21) 143
	[7,2] 14
n180:
	(11,74) 112
	[1,9] 13
n395:
	(9,42) 155
	[1,7] 15
G118+1:
	(45,39) 150
	[4,4] 15
G118:
	(2,41) 148
	[0,4] 15
n396:
	(65,10) 121
	[8,1] 14
n397:
	(44,28) 161
	[4,3] 16
G113+1:
	(29,58) 158
	[3,6] 16
G113:
	(2,60) 156
	[0,6] 16
n398+1:
	(33,11) 175
	[5,1] 19
n398:
	(37,34) 149
	[3,3] 17
n399:
	(28,23) 193
	[4,3] 19
n400:
	(35,18) 203
	[3,3] 20
G109:
	(3,37) 164
	[0,3] 17
n401:
	(34,42) 167
	[3,4] 17
n157:
	(42,25) 114
	[3,2] 10
n403:
	(52,26) 130
	[4,2] 11
n404:
	(77,26) 156
	[8,2] 13
n406:
	(25,61) 172
	[2,7] 14
n407:
	(98,15) 182
	[9,1] 15
n405:
	(40,15) 218
	[3,1] 20
n167:
	(14,14) 244
	[1,1] 18
n410:
	(78,11) 247
	[9,1] 18
n409:
	(13,2) 256
	[1,0] 19
n408:
	(83,25) 197
	[8,2] 16
n412+1:
	(86,24) 225
	[8,2] 18
n412:
	(36,67) 213
	[3,7] 17
n415:
	(66,11) 238
	[7,1] 19
n414+1:
	(59,11) 263
	[6,1] 21
n414:
	(23,60) 251
	[2,6] 20
n413+1:
	(63,11) 311
	[6,1] 26
n413:
	(36,25) 286
	[3,2] 24
n165:
	(24,24) 228
	[2,2] 16
n419:
	(14,14) 238
	[1,1] 17
n421:
	(63,11) 241
	[6,1] 17
n420:
	(13,2) 250
	[1,0] 18
n163:
	(15,25) 237
	[1,2] 17
n416:
	(14,14) 248
	[1,1] 18
n423:
	(68,11) 251
	[7,1] 18
n422:
	(13,2) 260
	[1,0] 19
n168:
	(24,15) 237
	[2,1] 17
n424:
	(14,14) 247
	[1,1] 18
n417:
	(13,2) 259
	[1,0] 19
n418:
	(73,11) 250
	[8,1] 18
n166:
	(24,24) 158
	[2,2] 13
n402:
	(24,15) 141
	[2,1] 12
n425:
	(14,14) 151
	[1,1] 13
n427:
	(83,11) 154
	[10,1] 13
n411+1:
	(12,24) 213
	[1,2] 21
n411:
	(13,38) 199
	[1,3] 20
n145+1:
	(15,12) 55
	[1,1] 5
n145:
	(22,13) 45
	[2,1] 4
n429:
	(11,2) 68
	[1,0] 6
n428:
	(20,12) 58
	[2,1] 5
n144+1:
	(14,14) 55
	[1,1] 5
n144:
	(24,13) 45
	[2,1] 4
n431:
	(13,2) 67
	[1,0] 6
n430:
	(68,11) 58
	[6,1] 5
n426:
	(13,2) 163
	[1,0] 14
n75:
	(10,21) 25
	[1,2] 2
n76:
	(35,40) 100
	[3,3] 8
n77:
	(14,4) 165
	[1,0] 17
n78:
	(64,11) 121
	[7,1] 11
n79:
	(153,11) 149
	[15,1] 14
n80:
	(27,100) 128
	[2,8] 12
n81:
	(25,87) 77
	[2,7] 6
n82:
	(25,24) 173
	[2,2] 14
n83:
	(24,11) 89
	[2,1] 8
n84:
	(3,14) 144
	[0,1] 14
n85:
	(109,11) 179
	[10,1] 17
n86:
	(57,11) 147
	[5,1] 14
n87:
	(195,11) 101
	[24,1] 9
n88:
	(10,11) 40
	[1,1] 3
n89:
	(10,11) 38
	[1,1] 3
n90:
	(13,16) 167
	[1,1] 18
n91:
	(13,16) 247
	[1,1] 23
n92:
	(25,25) 157
	[2,2] 13
n93:
	(16,25) 236
	[1,2] 17
n94:
	(26,16) 358
	[2,1] 31
n95:
	(14,23) 44
	[1,2] 4
n96:
	(14,25) 44
	[1,2] 4
n97:
	(3,15) 104
	[0,1] 9
n98:
	(13,32) 57
	[1,3] 5
n100:
	(10,26) 31
	[1,4] 2
n101:
	(10,21) 30
	[1,3] 2
n102:
	(10,16) 38
	[1,2] 3
n103:
	(14,4) 30
	[1,0] 2
n104:
	(10,11) 34
	[1,1] 2
n105:
	(26,115) 90
	[2,11] 8
n106:
	(10,44) 193
	[1,7] 16
n107:
	(10,39) 195
	[1,6] 18
n108:
	(10,34) 195
	[1,5] 18
n109:
	(10,29) 195
	[1,4] 18
n110:
	(10,24) 195
	[1,3] 18
n111:
	(3,43) 12
	[0,4] 1
n112:
	(58,4) 102
	[5,0] 9
n113:
	(10,77) 223
	[1,8] 20
n114:
	(10,72) 140
	[1,7] 13
n115:
	(10,62) 106
	[1,6] 9
n116:
	(10,57) 69
	[1,5] 6
n117:
	(10,52) 97
	[1,4] 8
n118:
	(80,9) 107
	[10,1] 9
n119:
	(10,76) 114
	[1,9] 10
n120:
	(10,61) 112
	[1,6] 10
n121:
	(10,56) 129
	[1,6] 12
n122:
	(10,39) 183
	[1,5] 18
n123:
	(10,34) 171
	[1,4] 17
n124:
	(10,29) 179
	[1,3] 18
n125:
	(10,24) 187
	[1,2] 19
n126:
	(10,56) 266
	[1,6] 21
n127:
	(10,51) 252
	[1,6] 18
n128:
	(10,46) 229
	[1,5] 20
n129:
	(10,41) 111
	[1,5] 11
n130:
	(35,9) 91
	[4,1] 8
n131:
	(10,31) 124
	[1,4] 11
n132:
	(25,9) 146
	[3,1] 13
n133:
	(10,21) 84
	[1,2] 7
n134:
	(10,56) 74
	[1,8] 6
n135:
	(10,38) 147
	[1,7] 14
n136:
	(10,23) 185
	[1,4] 20
n137:
	(17,9) 199
	[3,1] 22
n138:
	(2,2) 37
	[0,0] 3
G701BF:
	(2,2) 0
	[0,0] 0
n141:
	(2,2) 179
	[0,0] 13
n142:
	(2,2) 164
	[0,0] 12
n139:
	(2,2) 44
	[0,0] 4
n99:
	(11,10) 4
	[1,1] 0
not+se1:
	(2,2) 20
	[0,0] 2
G729+1:
	(3,17) 5
	[0,1] 1
G729+2:
	(2,21) 6
	[0,2] 1
G729+3:
	(6,18) 2
	[0,1] 1
G729:
	(8,20) 0
	[1,2] 0
not+se2:
	(2,2) 28
	[0,0] 3
n539+1:
	(3,17) 13
	[0,1] 2
n539+2:
	(2,16) 14
	[0,2] 2
n539+3:
	(6,17) 10
	[0,1] 2
n539:
	(8,19) 8
	[1,2] 1
n363:
	(20,9) 26
	[2,1] 2
not+se3:
	(2,2) 43
	[0,0] 4
G726+1:
	(3,40) 5
	[0,3] 1
G726+2:
	(2,11) 6
	[0,1] 1
G726+3:
	(6,12) 2
	[0,1] 1
G726:
	(8,14) 0
	[1,2] 0
not+se4:
	(2,2) 17
	[0,0] 2
n538+1:
	(3,6) 13
	[0,0] 2
n538+2:
	(2,11) 14
	[0,1] 2
n538+3:
	(6,7) 10
	[0,0] 2
n538:
	(8,9) 8
	[1,1] 1
n465:
	(10,9) 41
	[1,1] 3
not+se5:
	(2,2) 25
	[0,0] 3
n537+1:
	(3,6) 21
	[0,0] 3
n537+2:
	(2,11) 22
	[0,1] 3
n537+3:
	(6,7) 18
	[0,0] 3
n537:
	(8,9) 16
	[1,1] 2
n458:
	(10,9) 39
	[1,1] 3
not+se6:
	(2,2) 15
	[0,0] 1
n536+1:
	(3,6) 11
	[0,0] 1
n536+2:
	(2,26) 12
	[0,4] 1
n536+3:
	(6,7) 8
	[0,0] 1
n536:
	(8,9) 6
	[1,1] 0
n378:
	(10,9) 5
	[1,1] 0
not+se7:
	(2,2) 46
	[0,0] 5
n535+1:
	(3,29) 19
	[0,3] 2
n535+2:
	(2,21) 20
	[0,3] 2
n535+3:
	(6,22) 16
	[0,3] 2
n535:
	(8,24) 14
	[1,4] 1
n360:
	(25,9) 24
	[4,1] 2
not+se8:
	(2,2) 49
	[0,0] 5
n534+1:
	(3,24) 27
	[0,2] 3
n534+2:
	(2,16) 28
	[0,2] 3
n534+3:
	(6,17) 24
	[0,2] 3
n534:
	(8,19) 22
	[1,3] 2
n433:
	(20,9) 31
	[3,1] 2
not+se9:
	(2,2) 50
	[0,0] 5
n533+1:
	(3,17) 35
	[0,1] 4
n533+2:
	(2,11) 36
	[0,1] 4
n533+3:
	(6,12) 32
	[0,1] 4
n533:
	(8,14) 30
	[1,2] 3
n434:
	(15,9) 39
	[2,1] 3
not+se10:
	(2,2) 44
	[0,0] 3
n532+1:
	(3,6) 40
	[0,0] 3
n532+2:
	(2,13) 41
	[0,1] 3
n532+3:
	(6,7) 37
	[0,0] 3
n532:
	(8,9) 35
	[1,1] 2
n432:
	(10,9) 34
	[1,1] 2
not+se11:
	(2,2) 54
	[0,0] 4
n531+1:
	(3,8) 48
	[0,0] 4
n531+2:
	(2,13) 49
	[0,1] 4
n531+3:
	(6,9) 45
	[0,0] 4
n531:
	(8,11) 43
	[1,1] 3
n370:
	(12,9) 58
	[1,1] 5
not+se12:
	(2,2) 62
	[0,0] 5
n530+1:
	(3,8) 56
	[0,0] 5
n530+2:
	(2,18) 57
	[0,2] 5
n530+3:
	(6,9) 53
	[0,0] 5
n530:
	(8,11) 51
	[1,1] 4
n371:
	(12,9) 60
	[1,1] 5
not+se13:
	(2,2) 109
	[0,0] 9
n529+1:
	(3,64) 47
	[0,5] 4
n529+2:
	(2,13) 48
	[0,1] 4
n529+3:
	(6,14) 44
	[0,1] 4
n529:
	(8,16) 42
	[1,2] 3
n345:
	(17,9) 41
	[2,1] 3
not+se14:
	(2,2) 61
	[0,0] 5
n528+1:
	(3,8) 55
	[0,0] 5
n528+2:
	(2,13) 56
	[0,1] 5
n528+3:
	(6,9) 52
	[0,0] 5
n528:
	(8,11) 50
	[1,1] 4
n444:
	(12,9) 75
	[1,1] 6
not+se15:
	(2,2) 69
	[0,0] 6
n527+1:
	(3,8) 63
	[0,0] 6
n527+2:
	(2,13) 64
	[0,1] 6
n527+3:
	(6,9) 60
	[0,0] 6
n527:
	(8,11) 58
	[1,1] 5
n445:
	(12,9) 83
	[1,1] 7
not+se16:
	(2,2) 77
	[0,0] 7
n526+1:
	(3,8) 71
	[0,0] 7
n526+2:
	(2,13) 72
	[0,1] 7
n526+3:
	(6,9) 68
	[0,0] 7
n526:
	(8,11) 66
	[1,1] 6
n446:
	(12,9) 91
	[1,1] 8
not+se17:
	(2,2) 85
	[0,0] 8
n525+1:
	(3,8) 79
	[0,0] 8
n525+2:
	(2,44) 80
	[0,7] 8
n525+3:
	(6,9) 76
	[0,0] 8
n525:
	(8,11) 74
	[1,1] 7
n447:
	(12,9) 99
	[1,1] 9
not+se18:
	(2,2) 176
	[0,0] 19
n524+1:
	(3,91) 87
	[0,10] 9
n524+2:
	(2,39) 88
	[0,6] 9
n524+3:
	(6,40) 84
	[0,6] 9
n524:
	(8,42) 82
	[1,7] 8
n472:
	(43,9) 135
	[7,1] 12
not+se19:
	(2,2) 181
	[0,0] 19
n523+1:
	(3,88) 95
	[0,9] 10
n523+2:
	(2,34) 96
	[0,5] 10
n523+3:
	(6,35) 92
	[0,5] 10
n523:
	(8,37) 90
	[1,6] 9
n369:
	(38,9) 156
	[6,1] 14
not+se20:
	(2,2) 180
	[0,0] 19
n522+1:
	(3,79) 103
	[0,8] 11
n522+2:
	(2,29) 104
	[0,4] 11
n522+3:
	(6,30) 100
	[0,4] 11
n522:
	(8,32) 98
	[1,5] 10
n471:
	(33,9) 149
	[5,1] 14
not+se21:
	(2,2) 185
	[0,0] 19
n521+1:
	(3,76) 111
	[0,7] 12
n521+2:
	(2,24) 112
	[0,3] 12
n521+3:
	(6,25) 108
	[0,3] 12
n521:
	(8,27) 106
	[1,4] 11
n356:
	(28,9) 170
	[4,1] 16
not+se22:
	(2,2) 184
	[0,0] 19
n520+1:
	(3,67) 119
	[0,6] 13
n520+2:
	(2,19) 120
	[0,2] 13
n520+3:
	(6,20) 116
	[0,2] 13
n520:
	(8,22) 114
	[1,3] 12
n346:
	(23,9) 163
	[3,1] 16
not+se23:
	(2,2) 116
	[0,0] 10
n519+1:
	(3,37) 81
	[0,3] 7
n519+2:
	(2,14) 82
	[0,1] 7
n519+3:
	(6,15) 78
	[0,1] 7
n519:
	(8,17) 76
	[1,2] 6
n452:
	(18,9) 75
	[2,1] 6
not+se24:
	(2,2) 88
	[0,0] 8
n518+1:
	(3,9) 81
	[0,0] 8
n518+2:
	(2,14) 82
	[0,1] 8
n518+3:
	(6,10) 78
	[0,0] 8
n518:
	(8,12) 76
	[1,1] 7
n451:
	(13,9) 75
	[1,1] 7
not+se25:
	(2,2) 88
	[0,0] 8
n517+1:
	(3,9) 81
	[0,0] 8
n517+2:
	(2,87) 82
	[0,9] 8
n517+3:
	(6,10) 78
	[0,0] 8
n517:
	(8,12) 76
	[1,1] 7
n450:
	(13,9) 75
	[1,1] 7
not+se26:
	(2,2) 225
	[0,0] 21
n516+1:
	(3,146) 81
	[0,14] 7
n516+2:
	(2,82) 82
	[0,8] 7
n516+3:
	(6,83) 78
	[0,8] 7
n516:
	(8,85) 76
	[1,9] 6
n372:
	(86,9) 75
	[9,1] 6
not+se27:
	(2,2) 159
	[0,0] 14
n515+1:
	(3,80) 81
	[0,7] 7
n515+2:
	(2,77) 82
	[0,8] 7
n515+3:
	(6,78) 78
	[0,7] 7
n515:
	(8,80) 76
	[1,8] 6
n351:
	(81,9) 75
	[8,1] 6
not+se28:
	(2,2) 227
	[0,0] 22
n514+1:
	(3,148) 81
	[0,14] 8
n514+2:
	(2,72) 82
	[0,7] 8
n514+3:
	(6,73) 78
	[0,7] 8
n514:
	(8,75) 76
	[1,8] 7
n358:
	(76,9) 75
	[8,1] 7
not+se29:
	(2,2) 148
	[0,0] 14
n513+1:
	(3,69) 81
	[0,6] 8
n513+2:
	(2,67) 82
	[0,7] 8
n513+3:
	(6,68) 78
	[0,6] 8
n513:
	(8,70) 76
	[1,7] 7
n352:
	(71,9) 75
	[7,1] 7
not+se30:
	(2,2) 199
	[0,0] 19
n512+1:
	(3,113) 88
	[0,11] 8
n512+2:
	(2,62) 89
	[0,6] 8
n512+3:
	(6,63) 85
	[0,6] 8
n512:
	(8,65) 83
	[1,7] 7
n366:
	(66,9) 82
	[7,1] 7
not+se31:
	(2,2) 156
	[0,0] 14
n511+1:
	(3,62) 96
	[0,5] 9
n511+2:
	(2,57) 97
	[0,5] 9
n511+3:
	(6,58) 93
	[0,5] 9
n511:
	(8,60) 91
	[1,6] 8
n435:
	(61,9) 107
	[6,1] 9
not+se32:
	(2,2) 178
	[0,0] 16
n510+1:
	(3,105) 75
	[0,9] 7
n510+2:
	(2,52) 76
	[0,4] 7
n510+3:
	(6,53) 72
	[0,4] 7
n510:
	(8,55) 70
	[1,5] 6
n473:
	(56,9) 69
	[5,1] 6
not+se33:
	(2,2) 128
	[0,0] 11
n509+1:
	(3,47) 83
	[0,3] 8
n509+2:
	(2,81) 84
	[0,10] 8
n509+3:
	(6,48) 80
	[0,3] 8
n509:
	(8,50) 78
	[1,4] 7
n350:
	(51,9) 97
	[4,1] 8
not+se34:
	(2,2) 174
	[0,0] 18
n436+1:
	(3,98) 78
	[0,11] 7
n436+2:
	(2,76) 79
	[0,9] 7
n436+3:
	(6,77) 75
	[0,9] 7
n436:
	(8,79) 73
	[1,10] 6
not+se35:
	(2,2) 178
	[0,0] 18
n508+1:
	(3,94) 86
	[0,10] 8
n508+2:
	(2,71) 87
	[0,8] 8
n508+3:
	(6,72) 83
	[0,8] 8
n508:
	(8,74) 81
	[1,9] 7
n437:
	(75,9) 115
	[9,1] 10
not+se36:
	(2,2) 183
	[0,0] 18
n507+1:
	(3,91) 94
	[0,9] 9
n507+2:
	(2,66) 95
	[0,7] 9
n507+3:
	(6,67) 91
	[0,7] 9
n507:
	(8,69) 89
	[1,8] 8
n438:
	(70,9) 123
	[8,1] 11
not+se37:
	(2,2) 158
	[0,0] 15
n506+1:
	(3,83) 77
	[0,8] 7
n506+2:
	(2,61) 78
	[0,6] 7
n506+3:
	(6,62) 74
	[0,6] 7
n506:
	(8,64) 72
	[1,7] 6
n361:
	(65,9) 71
	[7,1] 6
not+se38:
	(2,2) 161
	[0,0] 15
n505+1:
	(3,78) 85
	[0,7] 8
n505+2:
	(2,56) 86
	[0,5] 8
n505+3:
	(6,57) 82
	[0,5] 8
n505:
	(8,59) 80
	[1,6] 7
n443:
	(60,9) 113
	[6,1] 10
not+se39:
	(2,2) 142
	[0,0] 13
n504+1:
	(3,51) 93
	[0,4] 9
n504+2:
	(2,56) 94
	[0,6] 9
n504+3:
	(6,52) 90
	[0,4] 9
n504:
	(8,54) 88
	[1,5] 8
n439:
	(55,9) 135
	[5,1] 12
not+se40:
	(2,2) 173
	[0,0] 17
n503+1:
	(3,74) 101
	[0,7] 10
n503+2:
	(2,51) 102
	[0,5] 10
n503+3:
	(6,52) 98
	[0,5] 10
n503:
	(8,54) 96
	[1,6] 9
n448:
	(55,9) 130
	[6,1] 12
not+se41:
	(2,2) 188
	[0,0] 18
n502+1:
	(3,81) 109
	[0,7] 11
n502+2:
	(2,46) 110
	[0,4] 11
n502+3:
	(6,47) 106
	[0,4] 11
n502:
	(8,49) 104
	[1,5] 10
n440:
	(50,9) 151
	[5,1] 14
not+se42:
	(2,2) 156
	[0,0] 15
n501+1:
	(3,41) 117
	[0,3] 12
n501+2:
	(2,53) 118
	[0,6] 12
n501+3:
	(6,42) 114
	[0,3] 12
n501:
	(8,44) 112
	[1,4] 11
n449:
	(45,9) 159
	[4,1] 15
not+se43:
	(2,2) 194
	[0,0] 20
n500+1:
	(3,71) 125
	[0,7] 13
n500+2:
	(2,48) 126
	[0,5] 13
n500+3:
	(6,49) 122
	[0,5] 13
n500:
	(8,51) 120
	[1,6] 12
n442:
	(52,9) 121
	[6,1] 12
not+se44:
	(2,2) 208
	[0,0] 21
n499+1:
	(3,77) 133
	[0,7] 14
n499+2:
	(2,43) 134
	[0,4] 14
n499+3:
	(6,44) 130
	[0,4] 14
n499:
	(8,46) 128
	[1,5] 13
n373:
	(47,9) 173
	[5,1] 17
not+se45:
	(2,2) 177
	[0,0] 18
n498+1:
	(3,38) 141
	[0,3] 15
n498+2:
	(2,39) 142
	[0,5] 15
n498+3:
	(6,39) 138
	[0,3] 15
n498:
	(8,41) 136
	[1,4] 14
n441:
	(42,9) 170
	[4,1] 17
not+se46:
	(2,2) 199
	[0,0] 21
n497+1:
	(3,52) 149
	[0,5] 16
n497+2:
	(2,34) 150
	[0,4] 16
n497+3:
	(6,35) 146
	[0,4] 16
n497:
	(8,37) 144
	[1,5] 15
n456:
	(38,9) 184
	[5,1] 18
not+se47:
	(2,2) 202
	[0,0] 21
n496+1:
	(3,47) 157
	[0,4] 17
n496+2:
	(2,29) 158
	[0,3] 17
n496+3:
	(6,30) 154
	[0,3] 17
n496:
	(8,32) 152
	[1,4] 16
n455:
	(33,9) 172
	[4,1] 17
not+se48:
	(2,2) 205
	[0,0] 21
n495+1:
	(3,42) 165
	[0,3] 18
n495+2:
	(2,24) 166
	[0,2] 18
n495+3:
	(6,25) 162
	[0,2] 18
n495:
	(8,27) 160
	[1,3] 17
n454:
	(28,9) 180
	[3,1] 18
not+se49:
	(2,2) 190
	[0,0] 20
n494+1:
	(3,19) 173
	[0,1] 19
n494+2:
	(2,66) 174
	[0,8] 19
n494+3:
	(6,20) 170
	[0,1] 19
n494:
	(8,22) 168
	[1,2] 18
n453:
	(23,9) 188
	[2,1] 19
not+se50:
	(2,2) 256
	[0,0] 24
n493+1:
	(3,96) 162
	[0,10] 14
n493+2:
	(2,61) 163
	[0,7] 14
n493+3:
	(6,62) 159
	[0,7] 14
n493:
	(8,64) 157
	[1,8] 13
n357:
	(65,9) 156
	[8,1] 13
not+se51:
	(2,2) 261
	[0,0] 24
n492+1:
	(3,93) 170
	[0,9] 15
n492+2:
	(2,56) 171
	[0,6] 15
n492+3:
	(6,57) 167
	[0,6] 15
n492:
	(8,59) 165
	[1,7] 14
n354:
	(60,9) 188
	[7,1] 15
not+se52:
	(2,2) 247
	[0,0] 21
n491+1:
	(3,71) 178
	[0,5] 16
n491+2:
	(2,51) 179
	[0,6] 16
n491+3:
	(6,52) 175
	[0,5] 16
n491:
	(8,54) 173
	[1,6] 15
n470:
	(55,9) 214
	[6,1] 18
not+se53:
	(2,2) 272
	[0,0] 25
n490+1:
	(3,88) 186
	[0,8] 17
n490+2:
	(2,46) 187
	[0,5] 17
n490+3:
	(6,47) 183
	[0,5] 17
n490:
	(8,49) 181
	[1,6] 16
n353:
	(50,9) 235
	[6,1] 18
not+se54:
	(2,2) 252
	[0,0] 22
n489+1:
	(3,60) 194
	[0,4] 18
n489+2:
	(2,41) 195
	[0,5] 18
n489+3:
	(6,42) 191
	[0,4] 18
n489:
	(8,44) 189
	[1,5] 17
n469:
	(45,9) 230
	[5,1] 17
not+se55:
	(2,2) 164
	[0,0] 16
n488+1:
	(3,48) 118
	[0,4] 12
n488+2:
	(2,36) 119
	[0,4] 12
n488+3:
	(6,37) 115
	[0,4] 12
n488:
	(8,39) 113
	[1,5] 11
n459:
	(40,9) 112
	[5,1] 11
not+se56:
	(2,2) 133
	[0,0] 12
n460+1:
	(3,38) 97
	[0,3] 9
n460+2:
	(2,31) 98
	[0,3] 9
n460+3:
	(6,32) 94
	[0,3] 9
n460:
	(8,34) 92
	[1,4] 8
not+se57:
	(2,2) 121
	[0,0] 11
n487+1:
	(3,26) 97
	[0,2] 9
n487+2:
	(2,36) 98
	[0,4] 9
n487+3:
	(6,27) 94
	[0,2] 9
n487:
	(8,29) 92
	[1,3] 8
n461:
	(30,9) 91
	[3,1] 8
not+se58:
	(2,2) 123
	[0,0] 11
n486+1:
	(3,39) 86
	[0,3] 8
n486+2:
	(2,31) 87
	[0,4] 8
n486+3:
	(6,32) 83
	[0,3] 8
n486:
	(8,34) 81
	[1,4] 7
n364:
	(35,9) 80
	[4,1] 7
not+se59:
	(2,2) 144
	[0,0] 13
n485+1:
	(3,52) 94
	[0,4] 9
n485+2:
	(2,26) 95
	[0,3] 9
n485+3:
	(6,27) 91
	[0,3] 9
n485:
	(8,29) 89
	[1,4] 8
n374:
	(30,9) 125
	[4,1] 11
not+se60:
	(2,2) 126
	[0,0] 12
n457+1:
	(3,26) 102
	[0,2] 10
n457+2:
	(2,21) 103
	[0,2] 10
n457+3:
	(6,22) 99
	[0,2] 10
n457:
	(8,24) 97
	[1,3] 9
not+se61:
	(2,2) 92
	[0,0] 8
n484+1:
	(3,16) 78
	[0,1] 7
n484+2:
	(2,56) 79
	[0,8] 7
n484+3:
	(6,17) 75
	[0,1] 7
n484:
	(8,19) 73
	[1,2] 6
n462:
	(20,9) 72
	[2,1] 6
not+se62:
	(2,2) 152
	[0,0] 16
n483+1:
	(3,73) 81
	[0,9] 7
n483+2:
	(2,51) 82
	[0,7] 7
n483+3:
	(6,52) 78
	[0,7] 7
n483:
	(8,54) 76
	[1,8] 6
n359:
	(55,9) 75
	[8,1] 6
not+se63:
	(2,2) 155
	[0,0] 16
n482+1:
	(3,68) 89
	[0,8] 8
n482+2:
	(2,46) 90
	[0,6] 8
n482+3:
	(6,47) 86
	[0,6] 8
n482:
	(8,49) 84
	[1,7] 7
n367:
	(50,9) 118
	[7,1] 10
not+se64:
	(2,2) 158
	[0,0] 16
n481+1:
	(3,63) 97
	[0,7] 9
n481+2:
	(2,41) 98
	[0,5] 9
n481+3:
	(6,42) 94
	[0,5] 9
n481:
	(8,44) 92
	[1,6] 8
n375:
	(45,9) 125
	[6,1] 11
not+se65:
	(2,2) 161
	[0,0] 16
n480+1:
	(3,58) 105
	[0,6] 10
n480+2:
	(2,36) 106
	[0,4] 10
n480+3:
	(6,37) 102
	[0,4] 10
n480:
	(8,39) 100
	[1,5] 9
n463:
	(40,9) 123
	[5,1] 11
not+se66:
	(2,2) 149
	[0,0] 14
n479+1:
	(3,38) 113
	[0,3] 11
n479+2:
	(2,31) 114
	[0,3] 11
n479+3:
	(6,32) 110
	[0,3] 11
n479:
	(8,34) 108
	[1,4] 10
n376:
	(35,9) 142
	[4,1] 13
not+se67:
	(2,2) 145
	[0,0] 14
n464+1:
	(3,26) 121
	[0,2] 12
n464+2:
	(2,38) 122
	[0,7] 12
n464+3:
	(6,27) 118
	[0,2] 12
n464:
	(8,29) 116
	[1,3] 11
not+se68:
	(2,2) 183
	[0,0] 21
n478+1:
	(3,56) 129
	[0,8] 13
n478+2:
	(2,33) 130
	[0,6] 13
n478+3:
	(6,34) 126
	[0,6] 13
n478:
	(8,36) 124
	[1,7] 12
n466:
	(37,9) 148
	[7,1] 14
not+se69:
	(2,2) 184
	[0,0] 21
n467+1:
	(3,49) 137
	[0,7] 14
n467+2:
	(2,28) 138
	[0,5] 14
n467+3:
	(6,29) 134
	[0,5] 14
n467:
	(8,31) 132
	[1,6] 13
not+se70:
	(2,2) 187
	[0,0] 19
n477+1:
	(3,44) 145
	[0,4] 15
n477+2:
	(2,23) 146
	[0,4] 15
n477+3:
	(6,24) 142
	[0,4] 15
n477:
	(8,26) 140
	[1,5] 14
n368:
	(27,9) 159
	[5,1] 17
not+se71:
	(2,2) 214
	[0,0] 22
n476+1:
	(3,63) 153
	[0,6] 16
n476+2:
	(2,18) 154
	[0,3] 16
n476+3:
	(6,19) 150
	[0,3] 16
n476:
	(8,21) 148
	[1,4] 15
n377:
	(22,9) 186
	[4,1] 20
not+se72:
	(2,2) 199
	[0,0] 20
n468+1:
	(3,40) 161
	[0,3] 17
n468+2:
	(2,13) 162
	[0,2] 17
n468+3:
	(6,14) 158
	[0,2] 17
n468:
	(8,16) 156
	[1,3] 16
not+se73:
	(2,2) 184
	[0,0] 19
G23+1:
	(3,17) 169
	[0,1] 18
G23+2:
	(2,8) 170
	[0,1] 18
G23+3:
	(6,9) 166
	[0,1] 18
G23:
	(8,11) 164
	[1,2] 17
not+se74:
	(2,2) 189
	[0,0] 20
G22+1:
	(3,14) 177
	[0,1] 19
G22+2:
	(2,3) 178
	[0,0] 19
G22+3:
	(6,4) 174
	[0,0] 19
G22:
	(8,6) 172
	[1,1] 18
Trigger_en0_0:
	(6,657) ∞
	[0,73] ∞
trig8_0n2:
	(173,12) ∞
	[18,1] ∞
trig8_0n4+1:
	(35,3) ∞
	[3,0] ∞
trig8_0n4:
	(25,26) ∞
	[2,2] ∞
trig8_0n3+1:
	(75,11) ∞
	[8,1] ∞
trig8_0n3:
	(147,11) ∞
	[16,1] ∞
trig8_0n5:
	(30,11) ∞
	[4,1] ∞
trig8_0n1+1:
	(95,12) ∞
	[10,1] ∞
trig8_0n1+2:
	(387,4) ∞
	[45,0] ∞
trig8_0n1:
	(483,5) ∞
	[55,0] ∞
trig8_0n7:
	(34,13) ∞
	[3,1] ∞
trig8_0n6:
	(339,12) ∞
	[41,1] ∞
not+en:
	(∞,∞) ∞
	[∞,∞] ∞
troj4_0state_0_+1:
	(∞,∞) ∞
	[∞,∞] ∞
troj4_0state_0_+2:
	(∞,∞) ∞
	[∞,∞] ∞
troj4_0state_0_+3:
	(∞,∞) ∞
	[∞,∞] ∞
troj4_0state_0_:
	(∞,∞) ∞
	[∞,∞] ∞
troj4_0n13:
	(∞,∞) ∞
	[∞,∞] ∞
not+en:
	(∞,∞) ∞
	[∞,∞] ∞
troj4_0state_3_+1:
	(∞,∞) ∞
	[∞,∞] ∞
troj4_0state_3_+2:
	(∞,∞) ∞
	[∞,∞] ∞
troj4_0state_3_+3:
	(∞,∞) ∞
	[∞,∞] ∞
troj4_0state_3_:
	(∞,∞) ∞
	[∞,∞] ∞
troj4_0n19:
	(∞,∞) ∞
	[∞,∞] ∞
not+en:
	(∞,∞) ∞
	[∞,∞] ∞
troj4_0state_2_+1:
	(∞,∞) ∞
	[∞,∞] ∞
troj4_0state_2_+2:
	(∞,∞) ∞
	[∞,∞] ∞
troj4_0state_2_+3:
	(∞,∞) ∞
	[∞,∞] ∞
troj4_0state_2_:
	(∞,∞) ∞
	[∞,∞] ∞
troj4_0n16:
	(∞,∞) ∞
	[∞,∞] ∞
not+en:
	(∞,∞) ∞
	[∞,∞] ∞
troj4_0state_1_+1:
	(∞,∞) ∞
	[∞,∞] ∞
troj4_0state_1_+2:
	(∞,∞) ∞
	[∞,∞] ∞
troj4_0state_1_+3:
	(∞,∞) ∞
	[∞,∞] ∞
troj4_0state_1_:
	(∞,∞) ∞
	[∞,∞] ∞
troj4_0n17:
	(∞,∞) ∞
	[∞,∞] ∞
not+en:
	(∞,∞) ∞
	[∞,∞] ∞
Trojan_out0+1:
	(∞,∞) ∞
	[∞,∞] ∞
Trojan_out0+2:
	(∞,∞) ∞
	[∞,∞] ∞
Trojan_out0+3:
	(∞,∞) 96
	[∞,∞] 8
Trojan_out0:
	(∞,∞) 94
	[∞,∞] 7
troj4_0n1:
	(7,658) ∞
	[0,73] ∞
troj4_0n2:
	(∞,659) ∞
	[∞,73] ∞
troj4_0n3:
	(∞,∞) ∞
	[∞,∞] ∞
troj4_0n4+1:
	(∞,∞) ∞
	[∞,∞] ∞
troj4_0n4+2:
	(7,∞) ∞
	[0,∞] ∞
troj4_0n4+3:
	(∞,∞) ∞
	[∞,∞] ∞
troj4_0n4:
	(∞,∞) ∞
	[∞,∞] ∞
troj4_0N65+1:
	(∞,∞) ∞
	[∞,∞] ∞
troj4_0N65+2:
	(∞,∞) ∞
	[∞,∞] ∞
troj4_0N65+3:
	(∞,∞) ∞
	[∞,∞] ∞
troj4_0N65:
	(∞,∞) ∞
	[∞,∞] ∞
troj4_0n5:
	(∞,660) ∞
	[∞,73] ∞
troj4_0n8+1:
	(∞,660) ∞
	[∞,73] ∞
troj4_0n8+2:
	(∞,∞) ∞
	[∞,∞] ∞
troj4_0n8:
	(∞,∞) ∞
	[∞,∞] ∞
troj4_0n9:
	(∞,∞) ∞
	[∞,∞] ∞
troj4_0n7+1:
	(∞,∞) ∞
	[∞,∞] ∞
troj4_0n7+2:
	(∞,∞) ∞
	[∞,∞] ∞
troj4_0n7+3:
	(∞,∞) ∞
	[∞,∞] ∞
troj4_0n7:
	(∞,∞) ∞
	[∞,∞] ∞
troj4_0N63:
	(∞,∞) ∞
	[∞,∞] ∞
troj4_0n6:
	(∞,∞) ∞
	[∞,∞] ∞
troj4_0n10:
	(∞,∞) ∞
	[∞,∞] ∞
troj4_0n11:
	(∞,∞) ∞
	[∞,∞] ∞
troj4_0N69:
	(∞,∞) ∞
	[∞,∞] ∞
troj4_0N68+1:
	(∞,∞) ∞
	[∞,∞] ∞
troj4_0N68+2:
	(∞,∞) ∞
	[∞,∞] ∞
troj4_0N68+3:
	(∞,∞) ∞
	[∞,∞] ∞
troj4_0N68:
	(∞,∞) ∞
	[∞,∞] ∞
troj4_0N67+1:
	(∞,∞) ∞
	[∞,∞] ∞
troj4_0N67:
	(∞,∞) ∞
	[∞,∞] ∞
troj4_0n18:
	(∞,∞) ∞
	[∞,∞] ∞
troj4_0n14+1:
	(∞,∞) ∞
	[∞,∞] ∞
troj4_0n14:
	(∞,∞) ∞
	[∞,∞] ∞
troj4_0N64+1:
	(∞,∞) ∞
	[∞,∞] ∞
troj4_0N64:
	(∞,∞) ∞
	[∞,∞] ∞
troj4_0n12:
	(∞,∞) ∞
	[∞,∞] ∞
troj4_0n15:
	(∞,∞) ∞
	[∞,∞] ∞
troj4_0N66+1:
	(∞,∞) ∞
	[∞,∞] ∞
troj4_0N66+2:
	(∞,∞) ∞
	[∞,∞] ∞
troj4_0N66+3:
	(∞,∞) ∞
	[∞,∞] ∞
troj4_0N66+4:
	(∞,∞) ∞
	[∞,∞] ∞
troj4_0N66:
	(∞,∞) ∞
	[∞,∞] ∞
n232:
	(∞,∞) 91
	[∞,∞] 7
Trigger_en1_4:
	(5,687) 136
	[0,73] 10
troj4_1n2+1:
	(195,5) 628
	[20,0] 63
troj4_1n2:
	(478,6) 345
	[54,0] 29
troj4_1n4+1:
	(58,4) 765
	[7,0] 76
troj4_1n4:
	(282,5) 541
	[34,0] 49
troj4_1n3:
	(136,11) 687
	[15,1] 68
troj4_1n1+1:
	(36,3) 787
	[3,0] 80
troj4_1n1:
	(208,4) 615
	[19,0] 64
troj4_1n5+1:
	(79,4) 744
	[7,0] 76
troj4_1n5:
	(171,5) 652
	[16,0] 67
n158:
	(50,36) 105
	[3,2] 8
test_so:
	(8,20) 0
	[1,2] 0

-----------------------------------
Sum of T(sa0)s: ∞
Sum of T(sa1)s: ∞
Testability index: ∞