0:
	(1,1) ∞
	[0,0] ∞
1:
	(1,1) 2
	[0,0] 0
x:
	(1,1) ∞
	[0,0] ∞
N1:
	(1,1) 8
	[0,0] 0
N13:
	(1,1) 14
	[0,0] 0
N20:
	(1,1) 19
	[0,0] 0
N33:
	(1,1) 29
	[0,0] 0
N41:
	(1,1) 14
	[0,0] 0
N45:
	(1,1) 45
	[0,0] 0
N50:
	(1,1) 16
	[0,0] 0
N58:
	(1,1) 19
	[0,0] 0
N68:
	(1,1) 19
	[0,0] 0
N77:
	(1,1) 20
	[0,0] 0
N87:
	(1,1) 3
	[0,0] 0
N97:
	(1,1) 19
	[0,0] 0
N107:
	(1,1) 19
	[0,0] 0
N116:
	(1,1) 17
	[0,0] 0
N124:
	(1,1) 50
	[0,0] 0
N125:
	(1,1) 50
	[0,0] 0
N128:
	(1,1) 50
	[0,0] 0
N132:
	(1,1) 50
	[0,0] 0
N137:
	(1,1) 44
	[0,0] 0
N143:
	(1,1) 44
	[0,0] 0
N150:
	(1,1) 44
	[0,0] 0
N159:
	(1,1) 44
	[0,0] 0
N169:
	(1,1) 30
	[0,0] 0
N179:
	(1,1) 29
	[0,0] 0
N190:
	(1,1) 50
	[0,0] 0
N200:
	(1,1) 51
	[0,0] 0
N213:
	(1,1) 5
	[0,0] 0
N222:
	(1,1) ∞
	[0,0] ∞
N223:
	(1,1) ∞
	[0,0] ∞
N226:
	(1,1) 59
	[0,0] 0
N232:
	(1,1) 59
	[0,0] 0
N238:
	(1,1) 13
	[0,0] 0
N244:
	(1,1) 13
	[0,0] 0
N250:
	(1,1) 53
	[0,0] 0
N257:
	(1,1) 14
	[0,0] 0
N264:
	(1,1) 14
	[0,0] 0
N270:
	(1,1) 49
	[0,0] 0
N274:
	(1,1) 45
	[0,0] 0
N283:
	(1,1) 41
	[0,0] 0
N294:
	(1,1) 45
	[0,0] 0
N303:
	(1,1) 44
	[0,0] 0
N311:
	(1,1) 44
	[0,0] 0
N317:
	(1,1) 44
	[0,0] 0
N322:
	(1,1) 44
	[0,0] 0
N326:
	(1,1) 44
	[0,0] 0
N329:
	(1,1) ∞
	[0,0] ∞
N330:
	(1,1) 15
	[0,0] 0
N343:
	(1,1) 8
	[0,0] 0
N349:
	(1,1) 52
	[0,0] 0
N350:
	(1,1) 19
	[0,0] 0
N5121:
	(15,8) 0
	[0,0] 0
N5120:
	(10,6) 0
	[0,0] 0
N5102:
	(12,9) 0
	[0,0] 0
N5078:
	(14,6) 0
	[0,0] 0
N5047:
	(12,8) 0
	[0,0] 0
N4944:
	(8,9) 0
	[0,0] 0
n570:
	(4,17) 30
	[0,0] 0
n573:
	(4,21) 30
	[0,0] 0
n575:
	(3,27) 24
	[0,0] 0
n578:
	(3,32) 31
	[0,0] 0
n581:
	(3,14) 31
	[0,0] 0
N5231:
	(6,2) 0
	[0,0] 0
N5192:
	(21,4) 0
	[0,0] 0
N5045:
	(7,9) 0
	[0,0] 0
N5002:
	(9,9) 0
	[0,0] 0
N4815:
	(7,8) 0
	[0,0] 0
N4667:
	(8,5) 0
	[0,0] 0
N4589:
	(4,2) 0
	[0,0] 0
N4145:
	(6,2) 0
	[0,0] 0
N4028:
	(2,3) 0
	[0,0] 0
N3195:
	(8,10) 0
	[0,0] 0
N1947:
	(4,2) 0
	[0,0] 0
N1713:
	(3,7) 0
	[0,0] 0
n606:
	(2,5) 47
	[0,0] 0
n608:
	(4,5) 44
	[0,0] 0
n610:
	(2,6) 42
	[0,0] 0
n611:
	(2,3) 50
	[0,0] 0
n612:
	(2,12) 52
	[0,0] 0
n615:
	(2,10) 52
	[0,0] 0
n618:
	(2,13) 52
	[0,0] 0
n621:
	(2,5) 15
	[0,0] 0
n623:
	(2,7) 15
	[0,0] 0
n626:
	(2,4) 15
	[0,0] 0
n629:
	(2,12) 52
	[0,0] 0
n630:
	(2,10) 52
	[0,0] 0
n632:
	(2,13) 52
	[0,0] 0
n634:
	(2,3) 53
	[0,0] 0
n636:
	(2,13) 32
	[0,0] 0
n639:
	(2,3) 87
	[0,0] 0
n641:
	(2,3) 87
	[0,0] 0
n642:
	(2,3) 87
	[0,0] 0
n645:
	(2,12) 50
	[0,0] 0
n646:
	(2,10) 50
	[0,0] 0
n648:
	(2,13) 50
	[0,0] 0
n650:
	(2,3) 40
	[0,0] 0
n651:
	(2,3) 40
	[0,0] 0
n652:
	(2,3) 40
	[0,0] 0
n653:
	(2,12) 42
	[0,0] 0
n654:
	(2,10) 42
	[0,0] 0
n656:
	(2,13) 42
	[0,0] 0
n658:
	(2,5) 55
	[0,0] 0
n660:
	(4,5) 52
	[0,0] 0
n661:
	(2,6) 50
	[0,0] 0
n662:
	(2,12) 55
	[0,0] 0
n663:
	(2,10) 55
	[0,0] 0
n665:
	(2,13) 55
	[0,0] 0
n667:
	(2,12) 50
	[0,0] 0
n668:
	(2,10) 50
	[0,0] 0
n670:
	(2,13) 50
	[0,0] 0
n672:
	(2,3) 46
	[0,0] 0
n673:
	(6,20) 28
	[0,0] 0
n676:
	(2,3) 39
	[0,0] 0
n677:
	(2,3) 39
	[0,0] 0
n678:
	(2,3) 39
	[0,0] 0
n679:
	(2,12) 42
	[0,0] 0
n681:
	(2,10) 42
	[0,0] 0
n683:
	(2,13) 42
	[0,0] 0
n685:
	(2,3) 54
	[0,0] 0
n686:
	(2,3) 54
	[0,0] 0
n687:
	(2,3) 54
	[0,0] 0
n688:
	(2,12) 41
	[0,0] 0
n689:
	(2,10) 41
	[0,0] 0
n691:
	(2,13) 41
	[0,0] 0
n692:
	(4,11) 30
	[0,0] 0
n694:
	(23,3) 29
	[0,0] 0
n697:
	(7,19) 59
	[0,0] 0
n700:
	(2,9) 57
	[0,0] 0
n702:
	(8,12) 47
	[0,0] 0
n704:
	(3,32) 52
	[0,0] 0
n707:
	(2,7) 10
	[0,0] 0
n710:
	(2,9) 46
	[0,0] 0
n712:
	(2,9) 46
	[0,0] 0
n714:
	(2,9) 46
	[0,0] 0
n716:
	(2,9) 46
	[0,0] 0
n718:
	(2,3) 48
	[0,0] 0
n721:
	(2,9) 48
	[0,0] 0
n724:
	(2,9) 48
	[0,0] 0
n726:
	(3,2) ∞
	[0,0] ∞
n728:
	(2,9) 48
	[0,0] 0
n730:
	(2,9) 48
	[0,0] 0
n732:
	(4,24) 26
	[0,0] 0
n735:
	(3,21) 27
	[0,0] 0
n738:
	(5,23) 7
	[0,0] 0
n741:
	(2,9) 50
	[0,0] 0
n743:
	(2,9) 50
	[0,0] 0
n744:
	(2,9) 50
	[0,0] 0
n745:
	(2,5) 28
	[0,0] 0
n746:
	(2,4) 28
	[0,0] 0
n747:
	(2,3) 15
	[0,0] 0
n749:
	(3,7) 10
	[0,0] 0
n751:
	(2,9) 43
	[0,0] 0
n753:
	(2,9) 43
	[0,0] 0
n754:
	(2,9) 43
	[0,0] 0
n755:
	(2,5) 21
	[0,0] 0
n756:
	(2,3) 21
	[0,0] 0
n758:
	(2,5) 25
	[0,0] 0
n760:
	(2,4) 12
	[0,0] 0
n762:
	(2,9) 48
	[0,0] 0
n763:
	(2,9) 48
	[0,0] 0
n764:
	(2,9) 48
	[0,0] 0
n765:
	(2,9) ∞
	[0,0] ∞
n766:
	(2,9) ∞
	[0,0] ∞
n768:
	(2,9) 53
	[0,0] 0
n769:
	(2,9) 53
	[0,0] 0
n770:
	(2,9) 53
	[0,0] 0
n772:
	(2,9) 53
	[0,0] 0
n774:
	(2,9) 53
	[0,0] 0
n775:
	(2,9) 53
	[0,0] 0
n776:
	(4,25) 30
	[0,0] 0
n779:
	(3,19) 31
	[0,0] 0
n782:
	(5,25) 9
	[0,0] 0
n785:
	(2,9) 43
	[0,0] 0
n786:
	(2,3) 43
	[0,0] 0
n787:
	(4,9) 23
	[0,0] 0
n790:
	(2,6) 21
	[0,0] 0
n792:
	(2,7) 21
	[0,0] 0
n795:
	(2,10) 25
	[0,0] 0
n797:
	(2,13) 25
	[0,0] 0
n799:
	(8,9) 28
	[0,0] 0
n802:
	(3,2) ∞
	[0,0] ∞
n804:
	(2,9) 47
	[0,0] 0
n806:
	(2,10) 26
	[0,0] 0
n807:
	(2,3) 26
	[0,0] 0
n809:
	(2,3) 15
	[0,0] 0
n811:
	(3,7) 10
	[0,0] 0
n812:
	(2,3) 18
	[0,0] 0
n813:
	(8,9) 23
	[0,0] 0
n816:
	(3,2) ∞
	[0,0] ∞
n817:
	(2,9) 42
	[0,0] 0
n818:
	(2,10) 21
	[0,0] 0
n819:
	(2,7) 21
	[0,0] 0
n821:
	(2,7) 9
	[0,0] 0
n822:
	(2,5) 4
	[0,0] 0
n824:
	(4,8) 11
	[0,0] 0
n827:
	(2,3) 12
	[0,0] 0
n828:
	(2,3) 33
	[0,0] 0
n829:
	(2,3) 33
	[0,0] 0
n830:
	(2,3) 33
	[0,0] 0
n831:
	(2,3) 33
	[0,0] 0
n832:
	(2,3) 33
	[0,0] 0
n833:
	(2,3) 33
	[0,0] 0
n834:
	(2,3) 33
	[0,0] 0
n835:
	(2,3) 33
	[0,0] 0
n837:
	(6,23) 12
	[0,0] 0
n840:
	(3,7) 42
	[0,0] 0
n843:
	(2,5) 53
	[0,0] 0
n844:
	(2,5) 46
	[0,0] 0
n800:
	(2,7) 35
	[0,0] 0
n814:
	(2,7) 30
	[0,0] 0
n825:
	(2,3) 17
	[0,0] 0
n601:
	(3,10) 7
	[0,0] 0
n851:
	(1,1) 19
	[0,0] 0
n852:
	(1,1) 14
	[0,0] 0
n853:
	(1,1) 10
	[0,0] 0
n643:
	(1,1) 14
	[0,0] 0
n854:
	(2,3) 12
	[0,0] 0
n855:
	(5,2) 10
	[0,0] 0
n856:
	(1,1) 32
	[0,0] 0
n857:
	(2,4) 44
	[0,0] 0
n609:
	(2,3) 46
	[0,0] 0
n644:
	(1,1) 6
	[0,0] 0
n607:
	(3,2) 49
	[0,0] 0
n771:
	(1,1) 6
	[0,0] 0
n858:
	(3,2) 44
	[0,0] 0
n859:
	(5,4) 40
	[0,0] 0
n862:
	(5,8) 37
	[0,0] 0
n864:
	(2,4) 44
	[0,0] 0
n866:
	(1,1) 27
	[0,0] 0
n860:
	(3,2) 38
	[0,0] 0
n867:
	(5,6) 44
	[0,0] 0
n649:
	(1,1) 35
	[0,0] 0
n868:
	(3,6) 45
	[0,0] 0
n613:
	(10,3) 43
	[0,0] 0
n619:
	(1,1) 63
	[0,0] 0
n616:
	(8,2) 43
	[0,0] 0
n631:
	(1,1) 32
	[0,0] 0
n620:
	(11,3) 43
	[0,0] 0
n633:
	(1,1) 35
	[0,0] 0
n871:
	(1,1) 40
	[0,0] 0
n872:
	(1,1) 30
	[0,0] 0
n873:
	(9,5) 36
	[0,0] 0
n657:
	(1,1) 13
	[0,0] 0
n647:
	(1,1) 4
	[0,0] 0
n876:
	(1,1) 54
	[0,0] 0
n698:
	(8,8) 27
	[0,0] 0
n773:
	(1,1) 6
	[0,0] 0
n614:
	(1,1) 63
	[0,0] 0
n617:
	(1,1) 6
	[0,0] 0
n666:
	(1,1) 13
	[0,0] 0
n655:
	(1,1) 4
	[0,0] 0
n705:
	(20,2) 15
	[0,0] 0
n706:
	(11,5) 20
	[0,0] 0
n881:
	(9,5) 26
	[0,0] 0
n884:
	(8,8) 17
	[0,0] 0
n886:
	(1,1) 19
	[0,0] 0
n887:
	(7,3) 38
	[0,0] 0
n664:
	(1,1) 35
	[0,0] 0
n890:
	(2,3) 57
	[0,0] 0
n891:
	(2,3) 43
	[0,0] 0
n893:
	(4,6) 43
	[0,0] 0
n836:
	(1,1) 35
	[0,0] 0
n680:
	(1,1) 35
	[0,0] 0
n682:
	(1,1) 51
	[0,0] 0
n684:
	(1,1) 35
	[0,0] 0
n894:
	(14,8) 30
	[0,0] 0
n659:
	(3,2) 48
	[0,0] 0
n671:
	(1,1) 13
	[0,0] 0
n897:
	(14,8) 43
	[0,0] 0
n900:
	(9,5) 39
	[0,0] 0
n669:
	(1,1) 50
	[0,0] 0
n903:
	(14,8) 38
	[0,0] 0
n906:
	(9,5) 29
	[0,0] 0
n690:
	(1,1) 50
	[0,0] 0
n909:
	(14,8) 29
	[0,0] 0
n912:
	(8,8) 46
	[0,0] 0
n674:
	(8,8) 30
	[0,0] 0
n579:
	(20,2) 34
	[0,0] 0
n580:
	(11,5) 19
	[0,0] 0
n675:
	(11,5) 27
	[0,0] 0
n921:
	(6,4) 15
	[0,0] 0
n924:
	(3,29) 6
	[0,0] 0
n925:
	(19,11) 36
	[0,0] 0
n923:
	(3,2) 19
	[0,0] 0
n919:
	(9,5) 25
	[0,0] 0
n930:
	(8,8) 19
	[0,0] 0
n932:
	(15,2) 17
	[0,0] 0
n934:
	(9,22) 33
	[0,0] 0
n696:
	(3,18) 18
	[0,0] 0
n937:
	(24,2) 32
	[0,0] 0
n939:
	(2,7) 8
	[0,0] 0
n750:
	(4,2) 13
	[0,0] 0
n572:
	(14,3) 29
	[0,0] 0
n574:
	(18,3) 29
	[0,0] 0
n638:
	(11,5) 30
	[0,0] 0
n693:
	(8,3) 29
	[0,0] 0
n946:
	(3,22) 26
	[0,0] 0
n949:
	(17,13) 17
	[0,0] 0
n622:
	(3,2) 17
	[0,0] 0
n742:
	(7,3) 45
	[0,0] 0
n954:
	(2,3) 47
	[0,0] 0
n805:
	(7,3) 44
	[0,0] 0
n956:
	(2,5) 50
	[0,0] 0
n711:
	(7,2) 48
	[0,0] 0
n713:
	(7,3) 48
	[0,0] 0
n715:
	(7,2) 48
	[0,0] 0
n717:
	(7,3) 48
	[0,0] 0
n960:
	(2,3) 49
	[0,0] 0
n722:
	(7,3) 45
	[0,0] 0
n961:
	(4,5) 44
	[0,0] 0
n720:
	(1,1) 50
	[0,0] 0
n723:
	(1,1) 47
	[0,0] 0
n725:
	(1,1) 56
	[0,0] 0
n729:
	(1,1) 51
	[0,0] 0
n731:
	(1,1) 56
	[0,0] 0
n963:
	(3,6) 35
	[0,0] 0
n788:
	(2,3) 30
	[0,0] 0
n965:
	(3,7) 23
	[0,0] 0
n966:
	(2,3) 41
	[0,0] 0
n967:
	(2,3) 41
	[0,0] 0
n968:
	(2,13) 17
	[0,0] 0
n969:
	(4,2) ∞
	[0,0] ∞
n970:
	(7,7) 12
	[0,0] 0
n596:
	(3,2) 2
	[0,0] 0
n972:
	(6,9) 17
	[0,0] 0
n752:
	(1,1) 51
	[0,0] 0
n767:
	(1,1) 51
	[0,0] 0
n974:
	(2,7) 34
	[0,0] 0
n975:
	(4,6) 32
	[0,0] 0
n976:
	(2,3) 34
	[0,0] 0
n796:
	(8,3) 20
	[0,0] 0
n979:
	(7,3) 38
	[0,0] 0
n982:
	(2,3) 18
	[0,0] 0
n849:
	(5,2) 12
	[0,0] 0
n850:
	(4,2) 13
	[0,0] 0
n983:
	(11,11) ∞
	[0,0] ∞
n986:
	(11,11) 37
	[0,0] 0
n604:
	(3,2) 4
	[0,0] 0
n695:
	(2,4) 16
	[0,0] 0
n936:
	(2,8) 12
	[0,0] 0
n993:
	(2,7) 11
	[0,0] 0
n571:
	(2,11) 25
	[0,0] 0
n998:
	(2,14) 12
	[0,0] 0
n627:
	(2,5) 17
	[0,0] 0
n709:
	(5,2) 12
	[0,0] 0
n1005:
	(4,2) 23
	[0,0] 0
n820:
	(5,2) 11
	[0,0] 0
n576:
	(10,2) 41
	[0,0] 0
n1012:
	(2,4) 11
	[0,0] 0
n794:
	(5,2) 22
	[0,0] 0
n1017:
	(2,4) 4
	[0,0] 0
n1020:
	(2,4) 20
	[0,0] 0
n1023:
	(5,11) 13
	[0,0] 0
N5360:
	(5,2) 0
	[0,0] 0
N3987:
	(4,2) 0
	[0,0] 0
N3833:
	(4,2) 0
	[0,0] 0
n1032:
	(9,7) 45
	[0,0] 0
n1034:
	(2,3) 48
	[0,0] 0
n1035:
	(5,6) 43
	[0,0] 0
n1038:
	(2,5) 57
	[0,0] 0
n1039:
	(5,6) 52
	[0,0] 0
n1042:
	(3,7) 31
	[0,0] 0
n1045:
	(16,35) 31
	[0,0] 0
n1048:
	(9,7) 91
	[0,0] 0
n1050:
	(2,3) 55
	[0,0] 0
n1051:
	(5,6) 50
	[0,0] 0
n703:
	(9,7) 26
	[0,0] 0
n625:
	(5,4) 17
	[0,0] 0
n1057:
	(5,7) 12
	[0,0] 0
n789:
	(6,4) 26
	[0,0] 0
n845:
	(5,7) 37
	[0,0] 0
n1064:
	(2,4) 37
	[0,0] 0
n801:
	(6,7) 31
	[0,0] 0
n847:
	(5,4) 32
	[0,0] 0
n1069:
	(2,4) 32
	[0,0] 0
n815:
	(6,7) 26
	[0,0] 0
n1072:
	(2,5) 19
	[0,0] 0
n826:
	(5,4) 14
	[0,0] 0
n1076:
	(2,4) 10
	[0,0] 0
n1077:
	(2,8) 10
	[0,0] 0
n602:
	(6,7) 4
	[0,0] 0
n1081:
	(11,11) 4
	[0,0] 0
n1084:
	(2,4) 38
	[0,0] 0
n1086:
	(4,5) 37
	[0,0] 0
n870:
	(2,4) 50
	[0,0] 0
n1087:
	(5,7) 39
	[0,0] 0
n1090:
	(8,8) 36
	[0,0] 0
n1091:
	(11,5) 39
	[0,0] 0
n889:
	(2,3) 42
	[0,0] 0
n888:
	(2,3) 42
	[0,0] 0
n1092:
	(5,6) 38
	[0,0] 0
n911:
	(7,8) 35
	[0,0] 0
n910:
	(11,5) 38
	[0,0] 0
n1095:
	(2,4) 52
	[0,0] 0
n1096:
	(4,5) 51
	[0,0] 0
n1097:
	(2,4) 44
	[0,0] 0
n1098:
	(6,8) 40
	[0,0] 0
n1099:
	(5,6) 47
	[0,0] 0
n905:
	(7,8) 44
	[0,0] 0
n904:
	(11,5) 47
	[0,0] 0
n1101:
	(2,4) 48
	[0,0] 0
n899:
	(11,5) 52
	[0,0] 0
n898:
	(7,8) 49
	[0,0] 0
n916:
	(8,18) 36
	[0,0] 0
n1102:
	(2,4) 37
	[0,0] 0
n1103:
	(4,5) 36
	[0,0] 0
n1104:
	(5,6) 39
	[0,0] 0
n896:
	(7,8) 36
	[0,0] 0
n895:
	(11,5) 39
	[0,0] 0
n582:
	(10,6) 35
	[0,0] 0
n583:
	(3,2) 42
	[0,0] 0
n1108:
	(15,7) 27
	[0,0] 0
n1109:
	(2,8) 26
	[0,0] 0
n1046:
	(17,15) 49
	[0,0] 0
n1047:
	(17,15) 49
	[0,0] 0
n1043:
	(3,2) 35
	[0,0] 0
n1044:
	(3,2) 35
	[0,0] 0
n1115:
	(10,8) ∞
	[0,0] ∞
n1116:
	(2,4) 85
	[0,0] 0
n1117:
	(4,5) 84
	[0,0] 0
n1118:
	(5,7) 47
	[0,0] 0
n1120:
	(8,8) 44
	[0,0] 0
n1121:
	(11,5) 47
	[0,0] 0
n941:
	(5,9) 34
	[0,0] 0
n942:
	(2,13) 34
	[0,0] 0
n944:
	(2,3) 34
	[0,0] 0
n1123:
	(7,15) 25
	[0,0] 0
n1124:
	(7,9) 25
	[0,0] 0
n1125:
	(2,4) 51
	[0,0] 0
n1126:
	(6,8) 47
	[0,0] 0
n1127:
	(5,7) 49
	[0,0] 0
n1129:
	(8,8) 46
	[0,0] 0
n1130:
	(11,5) 49
	[0,0] 0
n1131:
	(5,7) 49
	[0,0] 0
n1133:
	(8,8) 46
	[0,0] 0
n1134:
	(11,5) 49
	[0,0] 0
n1135:
	(2,4) 40
	[0,0] 0
n878:
	(8,18) 17
	[0,0] 0
n699:
	(10,6) 68
	[0,0] 0
n926:
	(13,12) 43
	[0,0] 0
n1137:
	(2,3) 17
	[0,0] 0
n948:
	(15,2) 33
	[0,0] 0
n947:
	(6,2) 42
	[0,0] 0
n951:
	(18,9) 25
	[0,0] 0
n950:
	(12,7) 27
	[0,0] 0
n953:
	(2,3) 49
	[0,0] 0
n952:
	(2,3) 49
	[0,0] 0
n955:
	(2,3) 48
	[0,0] 0
n957:
	(3,2) 52
	[0,0] 0
n958:
	(2,3) 52
	[0,0] 0
n959:
	(2,3) 52
	[0,0] 0
n1139:
	(5,4) 45
	[0,0] 0
n1142:
	(5,4) 45
	[0,0] 0
n1145:
	(5,11) 39
	[0,0] 0
n1146:
	(5,4) 45
	[0,0] 0
n1149:
	(5,4) 45
	[0,0] 0
n1152:
	(5,11) 39
	[0,0] 0
n1153:
	(4,2) 41
	[0,0] 0
n1156:
	(5,4) 40
	[0,0] 0
n1159:
	(3,10) 35
	[0,0] 0
n1160:
	(5,4) 40
	[0,0] 0
n1163:
	(4,5) ∞
	[0,0] ∞
n1166:
	(2,7) 38
	[0,0] 0
n1168:
	(6,5) 12
	[0,0] 0
n1169:
	(2,4) 13
	[0,0] 0
n1171:
	(5,4) 45
	[0,0] 0
n1174:
	(4,8) 42
	[0,0] 0
n1175:
	(10,5) 45
	[0,0] 0
n733:
	(14,5) 36
	[0,0] 0
n1176:
	(2,4) 46
	[0,0] 0
n1178:
	(2,4) 46
	[0,0] 0
n734:
	(9,3) 41
	[0,0] 0
n1180:
	(4,2) 44
	[0,0] 0
n1183:
	(3,7) 41
	[0,0] 0
n1184:
	(10,5) 43
	[0,0] 0
n736:
	(13,4) 35
	[0,0] 0
n1185:
	(10,5) 43
	[0,0] 0
n1187:
	(6,3) ∞
	[0,0] ∞
n737:
	(7,2) 41
	[0,0] 0
n1190:
	(22,8) 22
	[0,0] 0
n739:
	(11,4) 19
	[0,0] 0
n740:
	(11,4) 19
	[0,0] 0
n562:
	(8,8) 4
	[0,0] 0
n977:
	(2,3) 25
	[0,0] 0
n1194:
	(5,4) 50
	[0,0] 0
n1196:
	(5,8) 47
	[0,0] 0
n1197:
	(10,5) 50
	[0,0] 0
n777:
	(14,6) 41
	[0,0] 0
n1198:
	(10,5) 50
	[0,0] 0
n1199:
	(2,4) 51
	[0,0] 0
n778:
	(10,3) 45
	[0,0] 0
n1200:
	(5,4) 45
	[0,0] 0
n1203:
	(5,8) 42
	[0,0] 0
n1204:
	(10,5) 45
	[0,0] 0
n780:
	(14,6) 36
	[0,0] 0
n1205:
	(10,5) ∞
	[0,0] ∞
n1206:
	(9,3) ∞
	[0,0] ∞
n781:
	(4,2) 46
	[0,0] 0
n1209:
	(20,8) 26
	[0,0] 0
n783:
	(14,10) 20
	[0,0] 0
n784:
	(10,4) 24
	[0,0] 0
n564:
	(5,8) 6
	[0,0] 0
n577:
	(16,3) 35
	[0,0] 0
n1212:
	(6,6) 21
	[0,0] 0
n1213:
	(11,5) 22
	[0,0] 0
n1214:
	(2,4) 40
	[0,0] 0
n1216:
	(7,3) 37
	[0,0] 0
n1218:
	(5,4) 39
	[0,0] 0
n1221:
	(4,13) 31
	[0,0] 0
n1222:
	(5,4) 39
	[0,0] 0
n1225:
	(6,3) 38
	[0,0] 0
n1227:
	(4,12) 32
	[0,0] 0
n1228:
	(4,5) 40
	[0,0] 0
n1229:
	(8,4) 37
	[0,0] 0
n1231:
	(5,4) 40
	[0,0] 0
n1234:
	(5,14) 31
	[0,0] 0
n1235:
	(5,4) 40
	[0,0] 0
n1238:
	(6,3) 39
	[0,0] 0
n1240:
	(4,12) 33
	[0,0] 0
n1241:
	(11,27) 12
	[0,0] 0
n1244:
	(7,14) 9
	[0,0] 0
n1245:
	(2,4) 19
	[0,0] 0
n1246:
	(4,5) 45
	[0,0] 0
n1248:
	(8,4) 42
	[0,0] 0
n1249:
	(5,4) 45
	[0,0] 0
n1252:
	(5,14) 36
	[0,0] 0
n1253:
	(5,4) 45
	[0,0] 0
n1256:
	(6,3) 44
	[0,0] 0
n1258:
	(4,12) 38
	[0,0] 0
n1259:
	(2,4) 45
	[0,0] 0
n1261:
	(7,3) 42
	[0,0] 0
n1263:
	(5,4) 44
	[0,0] 0
n1266:
	(4,13) 36
	[0,0] 0
n1267:
	(5,4) 44
	[0,0] 0
n1270:
	(6,3) 43
	[0,0] 0
n1272:
	(4,12) 37
	[0,0] 0
n981:
	(2,3) 42
	[0,0] 0
n980:
	(2,3) 42
	[0,0] 0
n841:
	(3,2) 46
	[0,0] 0
n842:
	(3,2) 46
	[0,0] 0
n1274:
	(5,4) 8
	[0,0] 0
n1277:
	(5,4) ∞
	[0,0] ∞
n1280:
	(11,27) 17
	[0,0] 0
n1283:
	(11,14) 14
	[0,0] 0
n1284:
	(2,4) 24
	[0,0] 0
n1285:
	(2,4) 7
	[0,0] 0
n1286:
	(4,5) 40
	[0,0] 0
n1288:
	(8,4) 37
	[0,0] 0
n1289:
	(5,4) 40
	[0,0] 0
n1292:
	(5,14) 31
	[0,0] 0
n1293:
	(5,4) 40
	[0,0] 0
n1296:
	(6,3) 39
	[0,0] 0
n1298:
	(4,12) 33
	[0,0] 0
n1299:
	(2,4) 40
	[0,0] 0
n1301:
	(7,3) 37
	[0,0] 0
n1303:
	(5,4) 39
	[0,0] 0
n1306:
	(4,13) 31
	[0,0] 0
n1307:
	(5,4) 39
	[0,0] 0
n1310:
	(6,3) 38
	[0,0] 0
n1312:
	(4,12) 32
	[0,0] 0
n1313:
	(4,5) 15
	[0,0] 0
n1314:
	(11,27) 12
	[0,0] 0
n1317:
	(11,14) 9
	[0,0] 0
n1318:
	(2,4) 19
	[0,0] 0
n1319:
	(5,9) 24
	[0,0] 0
n1322:
	(5,11) ∞
	[0,0] ∞
n1325:
	(10,5) 47
	[0,0] 0
n1327:
	(8,8) 44
	[0,0] 0
n1329:
	(5,4) 47
	[0,0] 0
n1332:
	(5,14) 38
	[0,0] 0
n1333:
	(5,4) 47
	[0,0] 0
n1336:
	(6,3) 46
	[0,0] 0
n1338:
	(4,12) 40
	[0,0] 0
n1339:
	(10,5) 47
	[0,0] 0
n1340:
	(8,4) 44
	[0,0] 0
n1342:
	(5,4) 47
	[0,0] 0
n1345:
	(5,14) 38
	[0,0] 0
n1346:
	(4,2) 48
	[0,0] 0
n1349:
	(6,3) 46
	[0,0] 0
n1351:
	(3,11) 41
	[0,0] 0
n1352:
	(10,27) 20
	[0,0] 0
n1355:
	(6,13) 17
	[0,0] 0
n1356:
	(2,4) 26
	[0,0] 0
n1357:
	(10,5) 40
	[0,0] 0
n1359:
	(8,8) 37
	[0,0] 0
n1361:
	(5,4) 40
	[0,0] 0
n1364:
	(5,14) 31
	[0,0] 0
n1365:
	(5,4) 40
	[0,0] 0
n1368:
	(6,3) 39
	[0,0] 0
n1370:
	(4,12) 33
	[0,0] 0
n1371:
	(10,5) 40
	[0,0] 0
n1372:
	(8,4) 37
	[0,0] 0
n1374:
	(5,4) 40
	[0,0] 0
n1377:
	(5,14) 31
	[0,0] 0
n1378:
	(4,2) 41
	[0,0] 0
n1381:
	(6,3) 39
	[0,0] 0
n1382:
	(3,11) 34
	[0,0] 0
n1383:
	(10,27) 13
	[0,0] 0
n1386:
	(6,13) 10
	[0,0] 0
n1387:
	(2,4) 19
	[0,0] 0
n1388:
	(5,9) 5
	[0,0] 0
n1391:
	(2,7) 7
	[0,0] 0
n1394:
	(6,4) 5
	[0,0] 0
n1397:
	(3,2) 18
	[0,0] 0
n1400:
	(3,2) 18
	[0,0] 0
n586:
	(3,7) 14
	[0,0] 0
n1403:
	(3,2) 18
	[0,0] 0
n1406:
	(3,2) 18
	[0,0] 0
tempn585:
	(3,7) 14
	[0,0] 0
n823:
	(3,2) 6
	[0,0] 0
n584:
	(2,4) 2
	[0,0] 0
n1073:
	(3,2) 21
	[0,0] 0
n1410:
	(2,6) 9
	[0,0] 0
n1411:
	(12,2) 17
	[0,0] 0
n1414:
	(3,29) 25
	[0,0] 0
n1415:
	(4,5) 30
	[0,0] 0
n1416:
	(4,5) 30
	[0,0] 0
n838:
	(11,5) 24
	[0,0] 0
n1417:
	(4,5) 30
	[0,0] 0
n1418:
	(4,5) 30
	[0,0] 0
n839:
	(11,5) 24
	[0,0] 0
n605:
	(3,2) 4
	[0,0] 0
n863:
	(2,5) 43
	[0,0] 0
n1419:
	(11,4) 35
	[0,0] 0
n1420:
	(2,3) 33
	[0,0] 0
n1422:
	(2,13) 33
	[0,0] 0
n882:
	(4,5) 30
	[0,0] 0
n1423:
	(14,9) 30
	[0,0] 0
n1424:
	(2,3) 28
	[0,0] 0
n1426:
	(2,16) 28
	[0,0] 0
n1427:
	(4,5) 25
	[0,0] 0
n1428:
	(2,16) 29
	[0,0] 0
n1429:
	(2,3) 29
	[0,0] 0
n880:
	(4,5) 26
	[0,0] 0
n1430:
	(2,5) 23
	[0,0] 0
n1432:
	(11,4) 34
	[0,0] 0
n1434:
	(2,3) 46
	[0,0] 0
n1435:
	(2,13) 46
	[0,0] 0
n901:
	(4,5) 43
	[0,0] 0
n1436:
	(2,3) 41
	[0,0] 0
n1437:
	(2,16) 41
	[0,0] 0
n1438:
	(4,5) 38
	[0,0] 0
n1439:
	(2,16) 42
	[0,0] 0
n1440:
	(2,3) 42
	[0,0] 0
n1441:
	(4,5) 39
	[0,0] 0
n1442:
	(2,3) 36
	[0,0] 0
n1443:
	(2,13) 36
	[0,0] 0
n907:
	(4,5) 33
	[0,0] 0
n1444:
	(2,3) 57
	[0,0] 0
n1445:
	(2,16) 57
	[0,0] 0
n1446:
	(4,5) 54
	[0,0] 0
n1447:
	(2,16) 36
	[0,0] 0
n1448:
	(2,3) 36
	[0,0] 0
n920:
	(4,5) 33
	[0,0] 0
n1449:
	(2,3) 47
	[0,0] 0
n1450:
	(2,13) 47
	[0,0] 0
n1451:
	(4,5) 44
	[0,0] 0
n1106:
	(9,5) 40
	[0,0] 0
n1453:
	(2,3) 32
	[0,0] 0
n1454:
	(2,13) 32
	[0,0] 0
n928:
	(4,5) 29
	[0,0] 0
n1455:
	(2,3) 30
	[0,0] 0
n1456:
	(2,16) 30
	[0,0] 0
n1457:
	(4,5) 27
	[0,0] 0
n1458:
	(2,16) 28
	[0,0] 0
n1459:
	(2,3) 28
	[0,0] 0
n918:
	(4,5) 25
	[0,0] 0
n1460:
	(2,3) 80
	[0,0] 0
n1461:
	(2,13) 80
	[0,0] 0
n1462:
	(4,5) 77
	[0,0] 0
n1463:
	(14,9) 38
	[0,0] 0
n1136:
	(9,5) 73
	[0,0] 0
n1465:
	(2,5) 20
	[0,0] 0
n1466:
	(2,5) 16
	[0,0] 0
n1468:
	(2,3) 43
	[0,0] 0
n1469:
	(2,13) 43
	[0,0] 0
n874:
	(4,5) 40
	[0,0] 0
n1470:
	(14,9) 40
	[0,0] 0
n1471:
	(2,3) 38
	[0,0] 0
n1473:
	(2,16) 38
	[0,0] 0
n1474:
	(4,5) 35
	[0,0] 0
n1475:
	(2,16) 39
	[0,0] 0
n1476:
	(2,3) 39
	[0,0] 0
n943:
	(4,5) 36
	[0,0] 0
n1477:
	(2,9) 36
	[0,0] 0
n1479:
	(10,15) 17
	[0,0] 0
n1480:
	(14,9) 40
	[0,0] 0
n1481:
	(2,3) 38
	[0,0] 0
n1482:
	(2,13) 38
	[0,0] 0
n1483:
	(4,5) 35
	[0,0] 0
n1484:
	(9,5) 31
	[0,0] 0
n1486:
	(7,2) 29
	[0,0] 0
n1487:
	(2,19) 15
	[0,0] 0
n1489:
	(3,27) 29
	[0,0] 0
n1490:
	(7,2) 27
	[0,0] 0
n1491:
	(2,5) 22
	[0,0] 0
n1493:
	(7,2) 51
	[0,0] 0
n1494:
	(2,4) 15
	[0,0] 0
n1495:
	(3,2) 22
	[0,0] 0
n1497:
	(3,9) 16
	[0,0] 0
n1498:
	(10,4) ∞
	[0,0] ∞
n761:
	(2,5) 14
	[0,0] 0
n1500:
	(2,3) ∞
	[0,0] ∞
n1501:
	(2,3) ∞
	[0,0] ∞
n1502:
	(4,5) ∞
	[0,0] ∞
n1503:
	(2,3) ∞
	[0,0] ∞
n1504:
	(2,3) ∞
	[0,0] ∞
n1505:
	(4,5) ∞
	[0,0] ∞
n1506:
	(2,4) 41
	[0,0] 0
n1507:
	(2,3) 41
	[0,0] 0
n1509:
	(4,5) 38
	[0,0] 0
n1510:
	(2,5) 33
	[0,0] 0
n1512:
	(12,7) 15
	[0,0] 0
n1513:
	(3,18) 9
	[0,0] 0
n1514:
	(10,6) ∞
	[0,0] ∞
n1515:
	(2,5) 7
	[0,0] 0
n1517:
	(2,3) 51
	[0,0] 0
n1518:
	(2,3) 51
	[0,0] 0
n1519:
	(4,5) 48
	[0,0] 0
n1520:
	(2,3) 51
	[0,0] 0
n1521:
	(2,3) 51
	[0,0] 0
n1522:
	(4,5) 48
	[0,0] 0
n1523:
	(9,2) 12
	[0,0] 0
n1524:
	(2,11) 10
	[0,0] 0
n1525:
	(5,6) 7
	[0,0] 0
n566:
	(7,8) 4
	[0,0] 0
n1526:
	(2,3) 19
	[0,0] 0
n1527:
	(2,3) 19
	[0,0] 0
n1528:
	(4,5) 16
	[0,0] 0
n1529:
	(2,3) 19
	[0,0] 0
n1530:
	(2,3) 19
	[0,0] 0
n1531:
	(4,5) 16
	[0,0] 0
n1532:
	(9,2) 15
	[0,0] 0
n1533:
	(2,11) 13
	[0,0] 0
n1535:
	(8,6) 7
	[0,0] 0
n558:
	(7,11) 4
	[0,0] 0
n1536:
	(2,9) 10
	[0,0] 0
n1537:
	(2,4) 10
	[0,0] 0
n1538:
	(5,5) 7
	[0,0] 0
n1539:
	(2,8) 3
	[0,0] 0
n1541:
	(2,7) 3
	[0,0] 0
N5361:
	(8,5) 0
	[0,0] 0
n1543:
	(2,4) 15
	[0,0] 0
n1545:
	(5,6) 12
	[0,0] 0
n1548:
	(43,4) 44
	[0,0] 0
n1549:
	(4,2) 17
	[0,0] 0
n1551:
	(5,4) 9
	[0,0] 0
n1554:
	(6,2) 12
	[0,0] 0
n1556:
	(2,7) 7
	[0,0] 0
n1557:
	(3,12) 6
	[0,0] 0
n589:
	(8,6) 3
	[0,0] 0
n1558:
	(3,2) 8
	[0,0] 0
n1559:
	(2,5) 6
	[0,0] 0
n1560:
	(2,3) 6
	[0,0] 0
n593:
	(4,5) 3
	[0,0] 0
n922:
	(16,3) 18
	[0,0] 0
n798:
	(1,1) 27
	[0,0] 0
n624:
	(1,1) 19
	[0,0] 0
n708:
	(1,1) 10
	[0,0] 0
n1078:
	(1,1) 13
	[0,0] 0
n1089:
	(6,2) 42
	[0,0] 0
n1094:
	(5,2) 41
	[0,0] 0
n635:
	(1,1) 41
	[0,0] 0
n1179:
	(1,1) 49
	[0,0] 0
n791:
	(1,1) 26
	[0,0] 0
n848:
	(1,1) 19
	[0,0] 0
n964:
	(2,3) 39
	[0,0] 0
n628:
	(1,1) 18
	[0,0] 0
n940:
	(5,2) 15
	[0,0] 0
n1561:
	(1,1) 11
	[0,0] 0
n1170:
	(1,1) 16
	[0,0] 0
n861:
	(5,2) 43
	[0,0] 0
n640:
	(1,1) 41
	[0,0] 0
n1562:
	(6,2) 42
	[0,0] 0
n1485:
	(7,3) 37
	[0,0] 0
n1563:
	(1,1) 38
	[0,0] 0
n869:
	(2,3) 49
	[0,0] 0
n865:
	(2,3) 46
	[0,0] 0
n1132:
	(8,2) 52
	[0,0] 0
n1564:
	(1,1) 40
	[0,0] 0
n803:
	(1,1) 44
	[0,0] 0
n1155:
	(3,2) 43
	[0,0] 0
n1565:
	(1,1) 45
	[0,0] 0
n1326:
	(2,9) 50
	[0,0] 0
n1154:
	(1,1) 44
	[0,0] 0
n1566:
	(1,1) 44
	[0,0] 0
n1158:
	(3,2) 43
	[0,0] 0
n727:
	(1,1) 44
	[0,0] 0
n1157:
	(3,2) 43
	[0,0] 0
n1567:
	(1,1) 44
	[0,0] 0
n1162:
	(3,2) 43
	[0,0] 0
n1568:
	(1,1) 44
	[0,0] 0
n1161:
	(3,2) 43
	[0,0] 0
n1569:
	(1,1) 44
	[0,0] 0
n1165:
	(2,9) 48
	[0,0] 0
n962:
	(2,4) 47
	[0,0] 0
n719:
	(1,1) 44
	[0,0] 0
n1164:
	(2,3) 42
	[0,0] 0
n1141:
	(3,2) 48
	[0,0] 0
n1140:
	(3,2) 48
	[0,0] 0
n1144:
	(7,2) 48
	[0,0] 0
n1143:
	(3,2) 48
	[0,0] 0
n1148:
	(3,2) 48
	[0,0] 0
n1147:
	(3,2) 48
	[0,0] 0
n1151:
	(3,2) 48
	[0,0] 0
n1150:
	(3,2) 48
	[0,0] 0
n560:
	(10,3) 7
	[0,0] 0
n1128:
	(8,2) 52
	[0,0] 0
n1472:
	(1,1) 40
	[0,0] 0
n875:
	(13,3) 42
	[0,0] 0
n1478:
	(1,1) 39
	[0,0] 0
n701:
	(1,1) 65
	[0,0] 0
n877:
	(7,2) 33
	[0,0] 0
n1464:
	(10,3) 79
	[0,0] 0
n1122:
	(1,1) 24
	[0,0] 0
n1119:
	(8,2) 50
	[0,0] 0
n1570:
	(1,1) 38
	[0,0] 0
n883:
	(10,3) 32
	[0,0] 0
n1431:
	(1,1) 27
	[0,0] 0
n1088:
	(8,2) 42
	[0,0] 0
n1425:
	(1,1) 30
	[0,0] 0
n885:
	(7,2) 23
	[0,0] 0
n1571:
	(6,2) 50
	[0,0] 0
n902:
	(7,3) 45
	[0,0] 0
n1433:
	(3,2) 43
	[0,0] 0
n1511:
	(1,1) 37
	[0,0] 0
n892:
	(1,1) 45
	[0,0] 0
n1111:
	(1,1) 37
	[0,0] 0
n914:
	(11,5) 33
	[0,0] 0
n1110:
	(1,1) 33
	[0,0] 0
n915:
	(7,2) 36
	[0,0] 0
n917:
	(1,1) 44
	[0,0] 0
n1100:
	(8,2) 50
	[0,0] 0
n1114:
	(1,1) 37
	[0,0] 0
n908:
	(13,3) 35
	[0,0] 0
n1572:
	(1,1) 58
	[0,0] 0
n929:
	(10,3) 31
	[0,0] 0
n1492:
	(1,1) 26
	[0,0] 0
n1105:
	(8,2) 42
	[0,0] 0
n1112:
	(1,1) 30
	[0,0] 0
n913:
	(7,2) 52
	[0,0] 0
n1452:
	(10,3) 46
	[0,0] 0
n1193:
	(1,1) 27
	[0,0] 0
n1093:
	(8,2) 41
	[0,0] 0
n1113:
	(1,1) 29
	[0,0] 0
n931:
	(7,2) 25
	[0,0] 0
n1573:
	(24,2) ∞
	[0,0] ∞
n927:
	(10,6) 29
	[0,0] 0
n597:
	(1,1) 5
	[0,0] 0
n935:
	(2,8) 53
	[0,0] 0
n1575:
	(2,17) ∞
	[0,0] ∞
n1576:
	(16,2) 19
	[0,0] 0
n1577:
	(4,2) 17
	[0,0] 0
n1578:
	(10,3) 9
	[0,0] 0
n1579:
	(5,2) 7
	[0,0] 0
n561:
	(5,6) 4
	[0,0] 0
n1398:
	(1,1) 8
	[0,0] 0
n1182:
	(3,2) 46
	[0,0] 0
n1358:
	(2,9) 43
	[0,0] 0
n1181:
	(1,1) 47
	[0,0] 0
n1186:
	(2,9) 43
	[0,0] 0
n1188:
	(7,2) 53
	[0,0] 0
n1173:
	(3,2) 48
	[0,0] 0
n1172:
	(3,2) 48
	[0,0] 0
n1191:
	(3,2) 28
	[0,0] 0
n1192:
	(15,3) 27
	[0,0] 0
n563:
	(17,3) 9
	[0,0] 0
n1402:
	(1,1) 8
	[0,0] 0
n1341:
	(3,2) 50
	[0,0] 0
n1344:
	(3,2) 50
	[0,0] 0
n1343:
	(3,2) 50
	[0,0] 0
n1348:
	(3,2) 50
	[0,0] 0
n1247:
	(2,3) 48
	[0,0] 0
n1347:
	(1,1) 51
	[0,0] 0
n1350:
	(3,2) 50
	[0,0] 0
n1328:
	(7,2) 50
	[0,0] 0
n1331:
	(3,2) 50
	[0,0] 0
n1330:
	(3,2) 50
	[0,0] 0
n1335:
	(3,2) 50
	[0,0] 0
n1334:
	(3,2) 50
	[0,0] 0
n1337:
	(3,2) 50
	[0,0] 0
n1354:
	(27,5) 25
	[0,0] 0
n1353:
	(26,4) 26
	[0,0] 0
n559:
	(18,3) 12
	[0,0] 0
n1399:
	(1,1) 20
	[0,0] 0
n1373:
	(3,2) 43
	[0,0] 0
n1376:
	(3,2) 43
	[0,0] 0
n1375:
	(3,2) 43
	[0,0] 0
n1380:
	(3,2) 43
	[0,0] 0
n1287:
	(2,3) 43
	[0,0] 0
n1379:
	(1,1) 44
	[0,0] 0
n1195:
	(3,2) 43
	[0,0] 0
n1360:
	(7,2) 43
	[0,0] 0
n1363:
	(3,2) 43
	[0,0] 0
n1362:
	(3,2) 43
	[0,0] 0
n1367:
	(3,2) 43
	[0,0] 0
n1366:
	(3,2) 43
	[0,0] 0
n1369:
	(3,2) 43
	[0,0] 0
n1385:
	(27,5) 18
	[0,0] 0
n1384:
	(26,4) 19
	[0,0] 0
n568:
	(18,3) 5
	[0,0] 0
n569:
	(8,4) 4
	[0,0] 0
n1404:
	(1,1) 20
	[0,0] 0
n973:
	(15,2) 21
	[0,0] 0
n595:
	(1,1) 3
	[0,0] 0
n971:
	(1,1) 4
	[0,0] 0
n1202:
	(3,2) 48
	[0,0] 0
n1201:
	(7,2) 48
	[0,0] 0
n1208:
	(3,2) 43
	[0,0] 0
n846:
	(1,1) 32
	[0,0] 0
n984:
	(10,5) ∞
	[0,0] ∞
n985:
	(10,5) ∞
	[0,0] ∞
n1508:
	(1,1) 14
	[0,0] 0
n1585:
	(7,2) 36
	[0,0] 0
n1210:
	(9,5) 29
	[0,0] 0
n1211:
	(5,2) 32
	[0,0] 0
n565:
	(10,5) 9
	[0,0] 0
n1401:
	(1,1) 20
	[0,0] 0
n1230:
	(3,2) 43
	[0,0] 0
n1233:
	(3,2) 43
	[0,0] 0
n1232:
	(3,2) 43
	[0,0] 0
n1237:
	(3,2) 43
	[0,0] 0
n1236:
	(3,2) 43
	[0,0] 0
n1239:
	(3,2) 43
	[0,0] 0
n1217:
	(3,2) 42
	[0,0] 0
n1220:
	(3,2) 42
	[0,0] 0
n1219:
	(3,2) 42
	[0,0] 0
n1224:
	(3,2) 42
	[0,0] 0
n1223:
	(3,2) 42
	[0,0] 0
n1226:
	(3,2) 42
	[0,0] 0
n987:
	(10,5) 43
	[0,0] 0
n988:
	(10,5) 43
	[0,0] 0
n1243:
	(26,5) 18
	[0,0] 0
n1242:
	(27,5) 18
	[0,0] 0
n587:
	(19,3) 4
	[0,0] 0
n1588:
	(9,2) 22
	[0,0] 0
n1589:
	(4,2) 20
	[0,0] 0
n1590:
	(10,3) 12
	[0,0] 0
n1591:
	(5,2) 10
	[0,0] 0
n588:
	(8,3) 4
	[0,0] 0
n1408:
	(1,1) 20
	[0,0] 0
n1273:
	(1,1) 10
	[0,0] 0
n1262:
	(7,2) 47
	[0,0] 0
n1265:
	(3,2) 47
	[0,0] 0
n1264:
	(3,2) 47
	[0,0] 0
n1269:
	(3,2) 47
	[0,0] 0
n1268:
	(3,2) 47
	[0,0] 0
n1271:
	(3,2) 47
	[0,0] 0
n1251:
	(3,2) 48
	[0,0] 0
n1250:
	(3,2) 48
	[0,0] 0
n1255:
	(3,2) 48
	[0,0] 0
n1254:
	(3,2) 48
	[0,0] 0
n1257:
	(3,2) 48
	[0,0] 0
n1282:
	(27,5) 23
	[0,0] 0
n1281:
	(26,5) 23
	[0,0] 0
n567:
	(19,3) 9
	[0,0] 0
n1405:
	(1,1) 20
	[0,0] 0
n603:
	(3,2) 2
	[0,0] 0
n1082:
	(10,5) 10
	[0,0] 0
n1083:
	(11,5) 10
	[0,0] 0
n1593:
	(1,1) 14
	[0,0] 0
n1302:
	(7,2) 42
	[0,0] 0
n1305:
	(3,2) 42
	[0,0] 0
n1304:
	(3,2) 42
	[0,0] 0
n1309:
	(3,2) 42
	[0,0] 0
n1308:
	(3,2) 42
	[0,0] 0
n1311:
	(3,2) 42
	[0,0] 0
n1291:
	(3,2) 43
	[0,0] 0
n1290:
	(3,2) 43
	[0,0] 0
n1295:
	(3,2) 43
	[0,0] 0
n1294:
	(3,2) 43
	[0,0] 0
n1297:
	(3,2) 43
	[0,0] 0
n1316:
	(27,5) 18
	[0,0] 0
n1315:
	(26,5) 18
	[0,0] 0
n591:
	(19,3) 4
	[0,0] 0
n1582:
	(3,2) 9
	[0,0] 0
n592:
	(7,3) 4
	[0,0] 0
n1407:
	(1,1) 20
	[0,0] 0
n1547:
	(5,2) 15
	[0,0] 0
n1546:
	(8,2) 15
	[0,0] 0
n1544:
	(2,3) 17
	[0,0] 0
n1409:
	(1,1) 5
	[0,0] 0
n1553:
	(3,2) 12
	[0,0] 0
n590:
	(8,2) 7
	[0,0] 0
n598:
	(33,4) 2
	[0,0] 0
n1595:
	(23,6) 27
	[0,0] 0
n1596:
	(18,3) 27
	[0,0] 0
n1597:
	(1,1) 13
	[0,0] 0
n637:
	(1,1) 21
	[0,0] 0
n594:
	(9,2) 6
	[0,0] 0
n992:
	(6,11) 14
	[0,0] 0
n1598:
	(14,3) ∞
	[0,0] ∞
n757:
	(1,1) 18
	[0,0] 0
n1041:
	(7,2) 55
	[0,0] 0
n1040:
	(5,2) 55
	[0,0] 0
n1037:
	(5,2) 46
	[0,0] 0
n1036:
	(5,2) 46
	[0,0] 0
n1599:
	(10,2) 27
	[0,0] 0
n1600:
	(3,2) 27
	[0,0] 0
n978:
	(5,4) 24
	[0,0] 0
n1601:
	(3,2) 57
	[0,0] 0
n1602:
	(10,2) 57
	[0,0] 0
n1603:
	(5,4) 54
	[0,0] 0
n1033:
	(6,2) 52
	[0,0] 0
n1604:
	(37,2) 29
	[0,0] 0
n1605:
	(9,2) 29
	[0,0] 0
n1606:
	(5,10) 26
	[0,0] 0
n1607:
	(32,4) 22
	[0,0] 0
n1608:
	(12,2) 24
	[0,0] 0
n933:
	(7,13) 19
	[0,0] 0
n1609:
	(11,2) 36
	[0,0] 0
n1610:
	(3,2) 36
	[0,0] 0
n945:
	(5,4) 33
	[0,0] 0
n1611:
	(3,2) 103
	[0,0] 0
n1612:
	(11,2) 103
	[0,0] 0
n1613:
	(5,4) 100
	[0,0] 0
n1049:
	(6,2) 98
	[0,0] 0
n879:
	(1,1) 21
	[0,0] 0
n1614:
	(7,2) ∞
	[0,0] ∞
n989:
	(2,4) 18
	[0,0] 0
n1615:
	(10,3) ∞
	[0,0] ∞
n994:
	(5,5) 13
	[0,0] 0
n1534:
	(1,1) 23
	[0,0] 0
n1053:
	(5,2) 53
	[0,0] 0
n1052:
	(5,2) 53
	[0,0] 0
n997:
	(9,11) 27
	[0,0] 0
n1616:
	(18,3) ∞
	[0,0] ∞
n1138:
	(1,1) 47
	[0,0] 0
n1617:
	(27,3) ∞
	[0,0] ∞
n999:
	(12,13) 14
	[0,0] 0
n1618:
	(11,2) 38
	[0,0] 0
n1619:
	(3,2) 38
	[0,0] 0
n1574:
	(5,4) 35
	[0,0] 0
n1620:
	(3,2) 38
	[0,0] 0
n1621:
	(11,2) 38
	[0,0] 0
n1622:
	(5,4) 35
	[0,0] 0
n1054:
	(6,2) 33
	[0,0] 0
n1002:
	(3,17) 19
	[0,0] 0
n1623:
	(10,8) ∞
	[0,0] ∞
n1624:
	(25,3) 9
	[0,0] 0
n1625:
	(6,5) ∞
	[0,0] ∞
n1580:
	(5,2) 7
	[0,0] 0
n1627:
	(8,2) 25
	[0,0] 0
n1628:
	(5,2) 25
	[0,0] 0
n1629:
	(5,6) 22
	[0,0] 0
n1056:
	(8,2) 20
	[0,0] 0
n1055:
	(3,2) 20
	[0,0] 0
n1004:
	(42,3) 14
	[0,0] 0
n1630:
	(15,6) ∞
	[0,0] ∞
n1390:
	(11,2) 8
	[0,0] 0
n1389:
	(8,2) 8
	[0,0] 0
n1007:
	(4,2) 25
	[0,0] 0
n1631:
	(2,9) ∞
	[0,0] ∞
n759:
	(1,1) 24
	[0,0] 0
n1632:
	(6,11) ∞
	[0,0] ∞
n1008:
	(14,3) 13
	[0,0] 0
n1633:
	(3,17) ∞
	[0,0] ∞
n1010:
	(10,8) 43
	[0,0] 0
n808:
	(1,1) 4
	[0,0] 0
n1634:
	(3,2) 22
	[0,0] 0
n1636:
	(5,4) 20
	[0,0] 0
n1637:
	(7,4) 17
	[0,0] 0
n1059:
	(11,2) 15
	[0,0] 0
n1058:
	(6,2) 15
	[0,0] 0
n1638:
	(6,2) ∞
	[0,0] ∞
n1013:
	(2,4) 13
	[0,0] 0
n1496:
	(1,1) 20
	[0,0] 0
n1639:
	(3,2) ∞
	[0,0] ∞
n1640:
	(3,2) ∞
	[0,0] ∞
n1584:
	(5,4) ∞
	[0,0] ∞
n1641:
	(3,2) ∞
	[0,0] ∞
n1642:
	(3,2) ∞
	[0,0] ∞
n1583:
	(5,4) ∞
	[0,0] ∞
n1643:
	(6,11) ∞
	[0,0] ∞
n1015:
	(14,3) 24
	[0,0] 0
n1644:
	(3,2) 52
	[0,0] 0
n1645:
	(3,2) 52
	[0,0] 0
n1587:
	(5,4) 49
	[0,0] 0
n1646:
	(3,2) 52
	[0,0] 0
n1647:
	(3,2) 52
	[0,0] 0
n1586:
	(5,4) 49
	[0,0] 0
n1061:
	(3,2) 30
	[0,0] 0
n1060:
	(19,3) 29
	[0,0] 0
n1321:
	(11,2) 27
	[0,0] 0
n1320:
	(8,2) 27
	[0,0] 0
n1276:
	(3,2) 11
	[0,0] 0
n1275:
	(3,2) 11
	[0,0] 0
n1279:
	(3,2) ∞
	[0,0] ∞
n1278:
	(3,2) ∞
	[0,0] ∞
n1648:
	(6,2) ∞
	[0,0] ∞
n1018:
	(2,7) 6
	[0,0] 0
n1063:
	(6,2) 40
	[0,0] 0
n1062:
	(9,2) 40
	[0,0] 0
n1066:
	(6,2) 35
	[0,0] 0
n1065:
	(7,3) 34
	[0,0] 0
n1650:
	(3,2) 19
	[0,0] 0
n1651:
	(3,2) 19
	[0,0] 0
n1592:
	(5,4) 16
	[0,0] 0
n1068:
	(13,2) 35
	[0,0] 0
n1067:
	(3,2) 35
	[0,0] 0
n1071:
	(6,2) 30
	[0,0] 0
n1070:
	(6,3) 29
	[0,0] 0
n1324:
	(10,2) ∞
	[0,0] ∞
n1323:
	(10,2) 88
	[0,0] 0
n1652:
	(11,2) ∞
	[0,0] ∞
n1021:
	(2,7) 22
	[0,0] 0
n1654:
	(1,1) 11
	[0,0] 0
n1025:
	(11,2) 16
	[0,0] 0
n1024:
	(10,2) 16
	[0,0] 0
n1655:
	(1,1) 11
	[0,0] 0
n1656:
	(11,3) ∞
	[0,0] ∞
n1392:
	(5,8) 9
	[0,0] 0
n1396:
	(3,2) 9
	[0,0] 0
n1395:
	(16,3) 8
	[0,0] 0
n1657:
	(5,9) ∞
	[0,0] ∞
n1026:
	(12,3) 2
	[0,0] 0
n1075:
	(7,2) 17
	[0,0] 0
n1074:
	(3,2) 17
	[0,0] 0
n1658:
	(27,4) 21
	[0,0] 0
n1659:
	(5,47) ∞
	[0,0] ∞
n1550:
	(6,2) 19
	[0,0] 0
n1661:
	(14,27) ∞
	[0,0] ∞
n1412:
	(36,10) 19
	[0,0] 0
n1662:
	(3,17) ∞
	[0,0] ∞
n1663:
	(5,5) 14
	[0,0] 0
n1552:
	(7,2) 12
	[0,0] 0
n1665:
	(3,2) 17
	[0,0] 0
n1666:
	(3,2) 17
	[0,0] 0
n1555:
	(5,4) 14
	[0,0] 0
n1029:
	(13,2) 2
	[0,0] 0
n1667:
	(2,13) ∞
	[0,0] ∞
n1031:
	(6,2) 2
	[0,0] 0
n1669:
	(2,4) ∞
	[0,0] ∞
n1080:
	(11,3) 7
	[0,0] 0
n1079:
	(6,2) 8
	[0,0] 0
n1009:
	(1,1) 15
	[0,0] 0
n1499:
	(1,1) 18
	[0,0] 0
n1167:
	(1,1) 44
	[0,0] 0
n1393:
	(1,1) 13
	[0,0] 0
n1027:
	(1,1) 4
	[0,0] 0
n1660:
	(1,1) 24
	[0,0] 0
n1215:
	(1,1) 43
	[0,0] 0
n1207:
	(1,1) 49
	[0,0] 0
n1189:
	(1,1) 47
	[0,0] 0
n1664:
	(1,1) 18
	[0,0] 0
n1421:
	(1,1) 34
	[0,0] 0
n1085:
	(1,1) 40
	[0,0] 0
n1516:
	(1,1) 11
	[0,0] 0
n599:
	(1,1) 2
	[0,0] 0
n1467:
	(1,1) 20
	[0,0] 0
n810:
	(1,1) 8
	[0,0] 0
n1001:
	(1,1) 21
	[0,0] 0
n1626:
	(1,1) 11
	[0,0] 0
n1003:
	(1,1) 16
	[0,0] 0
n1107:
	(1,1) 28
	[0,0] 0
n1649:
	(1,1) 12
	[0,0] 0
n793:
	(1,1) 27
	[0,0] 0
n1653:
	(1,1) 28
	[0,0] 0
n1488:
	(1,1) 33
	[0,0] 0
n748:
	(1,1) 17
	[0,0] 0
n1540:
	(1,1) 10
	[0,0] 0
n1413:
	(1,1) 28
	[0,0] 0
n1668:
	(1,1) 7
	[0,0] 0
n990:
	(1,1) 19
	[0,0] 0
n991:
	(1,1) 19
	[0,0] 0
n995:
	(1,1) 17
	[0,0] 0
n938:
	(1,1) 55
	[0,0] 0
n1011:
	(1,1) 50
	[0,0] 0
n1014:
	(1,1) 14
	[0,0] 0
n1019:
	(1,1) 7
	[0,0] 0
n1260:
	(1,1) 48
	[0,0] 0
n1300:
	(1,1) 43
	[0,0] 0
n1006:
	(1,1) 26
	[0,0] 0
n1635:
	(1,1) 24
	[0,0] 0
n1016:
	(1,1) 26
	[0,0] 0
n1022:
	(1,1) 23
	[0,0] 0
n996:
	(1,1) 35
	[0,0] 0
n1000:
	(1,1) 25
	[0,0] 0
n1177:
	(1,1) 49
	[0,0] 0
n1581:
	(1,1) 30
	[0,0] 0
n1542:
	(1,1) 9
	[0,0] 0
n1594:
	(1,1) 22
	[0,0] 0
n600:
	(1,1) 2
	[0,0] 0
n1028:
	(1,1) 3
	[0,0] 0
n1030:
	(1,1) 3
	[0,0] 0
Trigger_en38_0:
	(5,86) 12
	[0,0] 0
troj38_0n2:
	(4,46) 52
	[0,0] 0
troj38_0n4+1:
	(6,3) 92
	[0,0] 0
troj38_0n4:
	(17,3) 81
	[0,0] 0
troj38_0n3+1:
	(13,3) 85
	[0,0] 0
troj38_0n3:
	(28,4) 70
	[0,0] 0
troj38_0n1:
	(5,39) 59
	[0,0] 0
troj38_0n6:
	(15,4) 83
	[0,0] 0
troj38_0n5:
	(23,4) 75
	[0,0] 0
troj38_0n7:
	(3,15) 83
	[0,0] 0
n585:
	(9,13) 8
	[0,0] 0
N1_1[n864]:
	(1,1) 47
	[0,0] 0
N1_2[n860]:
	(1,1) 40
	[0,0] 0
N1_3[n890]:
	(1,1) 59
	[0,0] 0
N1_4[n750]:
	(1,1) 16
	[0,0] 0
N1_5[n889]:
	(1,1) 44
	[0,0] 0
N1_6[n1560]:
	(1,1) 8
	[0,0] 0
N1_7[n1553]:
	(1,1) 14
	[0,0] 0
N1_8[n590]:
	(1,1) 14
	[0,0] 0
N13_1[n860]:
	(1,1) 40
	[0,0] 0
N13_2[n788]:
	(1,1) 32
	[0,0] 0
N13_3[n849]:
	(1,1) 16
	[0,0] 0
N13_4[n1410]:
	(1,1) 14
	[0,0] 0
N13_5[n940]:
	(1,1) 19
	[0,0] 0
N20_1[n857]:
	(1,1) 47
	[0,0] 0
N20_2[n609]:
	(1,1) 48
	[0,0] 0
N20_3[n607]:
	(1,1) 51
	[0,0] 0
N20_4[n858]:
	(1,1) 46
	[0,0] 0
N20_5[n659]:
	(1,1) 50
	[0,0] 0
N20_6[n976]:
	(1,1) 36
	[0,0] 0
N20_7[n889]:
	(1,1) 44
	[0,0] 0
N20_8[n1137]:
	(1,1) 19
	[0,0] 0
N20_9[n957]:
	(1,1) 54
	[0,0] 0
N33_1[n611]:
	(1,1) 52
	[0,0] 0
N33_2[n616]:
	(1,1) 50
	[0,0] 0
N33_3[n788]:
	(1,1) 32
	[0,0] 0
N33_4[n966]:
	(1,1) 43
	[0,0] 0
N33_5[n870]:
	(1,1) 53
	[0,0] 0
N33_6[n861]:
	(1,1) 47
	[0,0] 0
N33_7[n1433]:
	(1,1) 45
	[0,0] 0
N33_8[n1628]:
	(1,1) 29
	[0,0] 0
N41_1[n891]:
	(1,1) 45
	[0,0] 0
N41_2[n939]:
	(1,1) 14
	[0,0] 0
N41_3[n865]:
	(1,1) 48
	[0,0] 0
N41_4[n1055]:
	(1,1) 22
	[0,0] 0
N45_1[n865]:
	(1,1) 48
	[0,0] 0
N45_2[n1063]:
	(1,1) 45
	[0,0] 0
N45_3[n1068]:
	(1,1) 47
	[0,0] 0
N50_1[n606]:
	(1,1) 51
	[0,0] 0
N50_2[n621]:
	(1,1) 19
	[0,0] 0
N50_3[n641]:
	(1,1) 89
	[0,0] 0
N50_4[n850]:
	(1,1) 16
	[0,0] 0
N50_5[n1073]:
	(1,1) 23
	[0,0] 0
N50_6[n1481]:
	(1,1) 40
	[0,0] 0
N50_7[n1526]:
	(1,1) 21
	[0,0] 0
N50_8[n1172]:
	(1,1) 50
	[0,0] 0
N50_9[n1328]:
	(1,1) 56
	[0,0] 0
N50_10[n1363]:
	(1,1) 45
	[0,0] 0
N50_11[n1219]:
	(1,1) 44
	[0,0] 0
N50_12[n1254]:
	(1,1) 50
	[0,0] 0
N50_13[n1297]:
	(1,1) 45
	[0,0] 0
N50_14[n1055]:
	(1,1) 22
	[0,0] 0
N50_15[n1651]:
	(1,1) 21
	[0,0] 0
N58_1[n610]:
	(1,1) 47
	[0,0] 0
N58_2[n651]:
	(1,1) 42
	[0,0] 0
N58_3[n825]:
	(1,1) 19
	[0,0] 0
N58_4[n1050]:
	(1,1) 57
	[0,0] 0
N58_5[n842]:
	(1,1) 48
	[0,0] 0
N58_6[n1073]:
	(1,1) 23
	[0,0] 0
N58_7[n1468]:
	(1,1) 45
	[0,0] 0
N58_8[n1527]:
	(1,1) 21
	[0,0] 0
N58_9[n1360]:
	(1,1) 49
	[0,0] 0
N58_10[n1220]:
	(1,1) 44
	[0,0] 0
N58_11[n1255]:
	(1,1) 50
	[0,0] 0
N58_12[n1294]:
	(1,1) 45
	[0,0] 0
N58_13[n1650]:
	(1,1) 21
	[0,0] 0
N68_1[n745]:
	(1,1) 32
	[0,0] 0
N68_2[n812]:
	(1,1) 20
	[0,0] 0
N68_3[n1460]:
	(1,1) 82
	[0,0] 0
N68_4[n1529]:
	(1,1) 21
	[0,0] 0
N68_5[n1250]:
	(1,1) 50
	[0,0] 0
N68_6[n1295]:
	(1,1) 45
	[0,0] 0
N68_7[n1053]:
	(1,1) 57
	[0,0] 0
N68_8[n1074]:
	(1,1) 19
	[0,0] 0
N77_1[n639]:
	(1,1) 89
	[0,0] 0
N77_2[n652]:
	(1,1) 42
	[0,0] 0
N77_3[n672]:
	(1,1) 48
	[0,0] 0
N77_4[n755]:
	(1,1) 25
	[0,0] 0
N77_5[n812]:
	(1,1) 20
	[0,0] 0
N77_6[n1420]:
	(1,1) 35
	[0,0] 0
N77_7[n1530]:
	(1,1) 21
	[0,0] 0
N77_8[n1188]:
	(1,1) 59
	[0,0] 0
N77_9[n1350]:
	(1,1) 52
	[0,0] 0
N77_10[n1290]:
	(1,1) 45
	[0,0] 0
N87_1[N1947]:
	(1,1) 3
	[0,0] 0
N87_2[n650]:
	(1,1) 42
	[0,0] 0
N87_3[n658]:
	(1,1) 59
	[0,0] 0
N87_4[n686]:
	(1,1) 56
	[0,0] 0
N87_5[n980]:
	(1,1) 44
	[0,0] 0
N87_6[n1434]:
	(1,1) 48
	[0,0] 0
N87_7[n1503]:
	(1,1) ∞
	[0,0] ∞
N87_8[n1158]:
	(1,1) 45
	[0,0] 0
N87_9[n1195]:
	(1,1) 45
	[0,0] 0
N87_10[n1640]:
	(1,1) ∞
	[0,0] ∞
N97_1[n661]:
	(1,1) 55
	[0,0] 0
N97_2[n677]:
	(1,1) 41
	[0,0] 0
N97_3[n1034]:
	(1,1) 50
	[0,0] 0
N97_4[n981]:
	(1,1) 44
	[0,0] 0
N97_5[n1442]:
	(1,1) 38
	[0,0] 0
N97_6[n1504]:
	(1,1) ∞
	[0,0] ∞
N97_7[n1506]:
	(1,1) 44
	[0,0] 0
N97_8[n1157]:
	(1,1) 45
	[0,0] 0
N97_9[n1239]:
	(1,1) 45
	[0,0] 0
N97_10[n1639]:
	(1,1) ∞
	[0,0] ∞
N97_11[n1665]:
	(1,1) 19
	[0,0] 0
N107_1[n1064]:
	(1,1) 40
	[0,0] 0
N107_2[n980]:
	(1,1) 44
	[0,0] 0
N107_3[n1449]:
	(1,1) 49
	[0,0] 0
N107_4[n1500]:
	(1,1) ∞
	[0,0] ∞
N107_5[n1162]:
	(1,1) 45
	[0,0] 0
N107_6[n1341]:
	(1,1) 52
	[0,0] 0
N107_7[n1208]:
	(1,1) 45
	[0,0] 0
N107_8[n1037]:
	(1,1) 50
	[0,0] 0
N107_9[n1642]:
	(1,1) ∞
	[0,0] ∞
N107_10[n1666]:
	(1,1) 19
	[0,0] 0
N116_1[n678]:
	(1,1) 41
	[0,0] 0
N116_2[n685]:
	(1,1) 56
	[0,0] 0
N116_3[n1069]:
	(1,1) 35
	[0,0] 0
N116_4[n981]:
	(1,1) 44
	[0,0] 0
N116_5[n1453]:
	(1,1) 34
	[0,0] 0
N116_6[n1501]:
	(1,1) ∞
	[0,0] ∞
N116_7[n1554]:
	(1,1) 17
	[0,0] 0
N116_8[n1161]:
	(1,1) 45
	[0,0] 0
N116_9[n1344]:
	(1,1) 52
	[0,0] 0
N116_10[n1373]:
	(1,1) 45
	[0,0] 0
N116_11[n1201]:
	(1,1) 54
	[0,0] 0
N116_12[n1230]:
	(1,1) 45
	[0,0] 0
N116_13[n1641]:
	(1,1) ∞
	[0,0] ∞
N125_1[n1150]:
	(1,1) 50
	[0,0] 0
N125_2[n1173]:
	(1,1) 50
	[0,0] 0
N132_1[n1147]:
	(1,1) 50
	[0,0] 0
N132_2[n1337]:
	(1,1) 52
	[0,0] 0
N137_1[n726]:
	(1,1) ∞
	[0,0] ∞
N137_2[n1148]:
	(1,1) 50
	[0,0] 0
N137_3[n1334]:
	(1,1) 52
	[0,0] 0
N137_4[n1369]:
	(1,1) 45
	[0,0] 0
N137_5[n1217]:
	(1,1) 44
	[0,0] 0
N143_1[n1143]:
	(1,1) 50
	[0,0] 0
N143_2[n1335]:
	(1,1) 52
	[0,0] 0
N143_3[n1366]:
	(1,1) 45
	[0,0] 0
N143_4[n1226]:
	(1,1) 44
	[0,0] 0
N150_1[n1144]:
	(1,1) 54
	[0,0] 0
N150_2[n1330]:
	(1,1) 52
	[0,0] 0
N150_3[n1367]:
	(1,1) 45
	[0,0] 0
N150_4[n1223]:
	(1,1) 44
	[0,0] 0
N150_5[n1251]:
	(1,1) 50
	[0,0] 0
N159_1[n634]:
	(1,1) 55
	[0,0] 0
N159_2[n1140]:
	(1,1) 50
	[0,0] 0
N159_3[n1331]:
	(1,1) 52
	[0,0] 0
N159_4[n1362]:
	(1,1) 45
	[0,0] 0
N159_5[n1224]:
	(1,1) 44
	[0,0] 0
N159_6[n1257]:
	(1,1) 50
	[0,0] 0
N159_7[n1291]:
	(1,1) 45
	[0,0] 0
N169_1[n1429]:
	(1,1) 31
	[0,0] 0
N169_2[n1440]:
	(1,1) 44
	[0,0] 0
N169_3[n1448]:
	(1,1) 38
	[0,0] 0
N169_4[n1459]:
	(1,1) 30
	[0,0] 0
N169_5[n1476]:
	(1,1) 41
	[0,0] 0
N169_6[n964]:
	(1,1) 41
	[0,0] 0
N169_7[n1599]:
	(1,1) 36
	[0,0] 0
N169_8[n1609]:
	(1,1) 46
	[0,0] 0
N169_9[n1618]:
	(1,1) 48
	[0,0] 0
N179_1[n960]:
	(1,1) 51
	[0,0] 0
N179_2[n952]:
	(1,1) 51
	[0,0] 0
N179_3[n955]:
	(1,1) 50
	[0,0] 0
N179_4[n1428]:
	(1,1) 44
	[0,0] 0
N179_5[n1439]:
	(1,1) 57
	[0,0] 0
N179_6[n1447]:
	(1,1) 51
	[0,0] 0
N179_7[n1458]:
	(1,1) 43
	[0,0] 0
N179_8[n1475]:
	(1,1) 54
	[0,0] 0
N179_9[n1600]:
	(1,1) 29
	[0,0] 0
N179_10[n1605]:
	(1,1) 37
	[0,0] 0
N179_11[n1610]:
	(1,1) 38
	[0,0] 0
N179_12[n1619]:
	(1,1) 40
	[0,0] 0
N190_1[n715]:
	(1,1) 54
	[0,0] 0
N190_2[n953]:
	(1,1) 51
	[0,0] 0
N190_3[n955]:
	(1,1) 50
	[0,0] 0
N190_4[n958]:
	(1,1) 54
	[0,0] 0
N226_1[n1132]:
	(1,1) 59
	[0,0] 0
N226_2[n1278]:
	(1,1) ∞
	[0,0] ∞
N232_1[n1128]:
	(1,1) 59
	[0,0] 0
N232_2[n1279]:
	(1,1) ∞
	[0,0] ∞
N238_1[n1119]:
	(1,1) 57
	[0,0] 0
N238_2[n1275]:
	(1,1) 13
	[0,0] 0
N244_1[n1088]:
	(1,1) 49
	[0,0] 0
N244_2[n1276]:
	(1,1) 13
	[0,0] 0
N250_1[n1520]:
	(1,1) 53
	[0,0] 0
N250_2[n1645]:
	(1,1) 54
	[0,0] 0
N257_1[n827]:
	(1,1) 14
	[0,0] 0
N257_2[n1521]:
	(1,1) 53
	[0,0] 0
N257_3[n1100]:
	(1,1) 57
	[0,0] 0
N257_4[n1644]:
	(1,1) 54
	[0,0] 0
N264_1[n827]:
	(1,1) 14
	[0,0] 0
N264_2[n1517]:
	(1,1) 53
	[0,0] 0
N264_3[n1093]:
	(1,1) 48
	[0,0] 0
N264_4[n1647]:
	(1,1) 54
	[0,0] 0
N270_1[n1518]:
	(1,1) 53
	[0,0] 0
N270_2[n1105]:
	(1,1) 49
	[0,0] 0
N270_3[n1646]:
	(1,1) 54
	[0,0] 0
N274_1[n1089]:
	(1,1) 47
	[0,0] 0
N274_2[n1094]:
	(1,1) 45
	[0,0] 0
N274_3[n1040]:
	(1,1) 59
	[0,0] 0
N283_1[n676]:
	(1,1) 41
	[0,0] 0
N283_2[n1155]:
	(1,1) 45
	[0,0] 0
N283_3[n1343]:
	(1,1) 52
	[0,0] 0
N283_4[n1376]:
	(1,1) 45
	[0,0] 0
N283_5[n1233]:
	(1,1) 45
	[0,0] 0
N283_6[n1262]:
	(1,1) 53
	[0,0] 0
N294_1[n1182]:
	(1,1) 48
	[0,0] 0
N294_2[n1348]:
	(1,1) 52
	[0,0] 0
N294_3[n1375]:
	(1,1) 45
	[0,0] 0
N294_4[n1232]:
	(1,1) 45
	[0,0] 0
N294_5[n1265]:
	(1,1) 49
	[0,0] 0
N294_6[n1302]:
	(1,1) 48
	[0,0] 0
N303_1[n1380]:
	(1,1) 45
	[0,0] 0
N303_2[n1237]:
	(1,1) 45
	[0,0] 0
N303_3[n1264]:
	(1,1) 49
	[0,0] 0
N303_4[n1305]:
	(1,1) 44
	[0,0] 0
N311_1[n1236]:
	(1,1) 45
	[0,0] 0
N311_2[n1269]:
	(1,1) 49
	[0,0] 0
N311_3[n1304]:
	(1,1) 44
	[0,0] 0
N317_1[n1268]:
	(1,1) 49
	[0,0] 0
N317_2[n1309]:
	(1,1) 44
	[0,0] 0
N322_1[n1202]:
	(1,1) 50
	[0,0] 0
N322_2[n1271]:
	(1,1) 49
	[0,0] 0
N322_3[n1308]:
	(1,1) 44
	[0,0] 0
N326_1[n802]:
	(1,1) ∞
	[0,0] ∞
N326_2[n1311]:
	(1,1) 44
	[0,0] 0
N330_1[n821]:
	(1,1) 15
	[0,0] 0
N330_2[n932]:
	(1,1) 31
	[0,0] 0
N330_3[n969]:
	(1,1) ∞
	[0,0] ∞
N330_4[n1549]:
	(1,1) 20
	[0,0] 0
N330_5[n1573]:
	(1,1) ∞
	[0,0] ∞
N343_1[n822]:
	(1,1) 8
	[0,0] 0
N343_2[n923]:
	(1,1) 21
	[0,0] 0
N343_3[n1544]:
	(1,1) 19
	[0,0] 0
N5120_1[n1546]:
	(10,6) 17
	[0,0] 0
N5120_2[n1389]:
	(10,6) 10
	[0,0] 0
n611_1[n613]:
	(2,3) 50
	[0,0] 0
n611_2[n870]:
	(2,3) 52
	[0,0] 0
n851_1[n890]:
	(1,1) 59
	[0,0] 0
n851_2[n1137]:
	(1,1) 19
	[0,0] 0
n851_3[n1062]:
	(1,1) 48
	[0,0] 0
n851_4[n1067]:
	(1,1) 37
	[0,0] 0
n852_1[n855]:
	(1,1) 14
	[0,0] 0
n852_2[n888]:
	(1,1) 44
	[0,0] 0
n852_3[n863]:
	(1,1) 47
	[0,0] 0
n852_4[n1553]:
	(1,1) 14
	[0,0] 0
n853_1[n854]:
	(1,1) 14
	[0,0] 0
n853_2[n858]:
	(1,1) 46
	[0,0] 0
n853_3[n1559]:
	(1,1) 10
	[0,0] 0
n853_4[n1433]:
	(1,1) 45
	[0,0] 0
n643_1[n642]:
	(1,1) 89
	[0,0] 0
n643_2[n652]:
	(1,1) 42
	[0,0] 0
n643_3[n678]:
	(1,1) 41
	[0,0] 0
n643_4[n687]:
	(1,1) 56
	[0,0] 0
n643_5[n854]:
	(1,1) 14
	[0,0] 0
n643_6[n954]:
	(1,1) 49
	[0,0] 0
n643_7[n1034]:
	(1,1) 50
	[0,0] 0
n643_8[n1050]:
	(1,1) 57
	[0,0] 0
n643_9[n952]:
	(1,1) 51
	[0,0] 0
n643_10[n964]:
	(1,1) 41
	[0,0] 0
n643_11[n962]:
	(1,1) 50
	[0,0] 0
n854_1[n855]:
	(2,3) 12
	[0,0] 0
n854_2[n849]:
	(2,3) 14
	[0,0] 0
n854_3[n861]:
	(2,3) 45
	[0,0] 0
n855_1[n939]:
	(5,2) 10
	[0,0] 0
n855_2[n974]:
	(5,2) 36
	[0,0] 0
n855_3[n1080]:
	(5,2) 16
	[0,0] 0
n856_1[n609]:
	(1,1) 48
	[0,0] 0
n856_2[n967]:
	(1,1) 43
	[0,0] 0
n856_3[n974]:
	(1,1) 40
	[0,0] 0
n856_4[n869]:
	(1,1) 51
	[0,0] 0
n856_5[n1627]:
	(1,1) 32
	[0,0] 0
n857_1[n1562]:
	(2,4) 44
	[0,0] 0
n857_2[n1571]:
	(2,4) 52
	[0,0] 0
n609_1[n608]:
	(2,3) 47
	[0,0] 0
n609_2[n660]:
	(2,3) 55
	[0,0] 0
n609_3[n857]:
	(2,3) 46
	[0,0] 0
n609_4[n1036]:
	(2,3) 48
	[0,0] 0
n609_5[n1052]:
	(2,3) 55
	[0,0] 0
n644_1[n642]:
	(1,1) 89
	[0,0] 0
n644_2[n769]:
	(1,1) 61
	[0,0] 0
n644_3[n830]:
	(1,1) 35
	[0,0] 0
n644_4[n607]:
	(1,1) 51
	[0,0] 0
n644_5[n982]:
	(1,1) 20
	[0,0] 0
n644_6[n604]:
	(1,1) 6
	[0,0] 0
n644_7[n1461]:
	(1,1) 92
	[0,0] 0
n644_8[n1530]:
	(1,1) 21
	[0,0] 0
n644_9[n1164]:
	(1,1) 44
	[0,0] 0
n644_10[n1571]:
	(1,1) 55
	[0,0] 0
n644_11[n1358]:
	(1,1) 51
	[0,0] 0
n644_12[n1052]:
	(1,1) 57
	[0,0] 0
n644_13[n1075]:
	(1,1) 23
	[0,0] 0
n607_1[n606]:
	(3,2) 49
	[0,0] 0
n607_2[n843]:
	(3,2) 55
	[0,0] 0
n771_1[n770]:
	(1,1) 61
	[0,0] 0
n771_2[n829]:
	(1,1) 35
	[0,0] 0
n771_3[n843]:
	(1,1) 57
	[0,0] 0
n771_4[n604]:
	(1,1) 6
	[0,0] 0
n771_5[n1469]:
	(1,1) 55
	[0,0] 0
n771_6[n1526]:
	(1,1) 21
	[0,0] 0
n771_7[n1326]:
	(1,1) 58
	[0,0] 0
n771_8[n1191]:
	(1,1) 30
	[0,0] 0
n771_9[n1651]:
	(1,1) 21
	[0,0] 0
n858_1[n863]:
	(3,2) 45
	[0,0] 0
n858_2[n1419]:
	(3,2) 44
	[0,0] 0
n862_1[n1419]:
	(5,8) 38
	[0,0] 0
n862_2[n1432]:
	(5,8) 37
	[0,0] 0
n864_1[n867]:
	(2,4) 48
	[0,0] 0
n864_2[n1089]:
	(2,4) 44
	[0,0] 0
n866_1[n869]:
	(1,1) 51
	[0,0] 0
n866_2[n1056]:
	(1,1) 27
	[0,0] 0
n860_1[n859]:
	(3,2) 43
	[0,0] 0
n860_2[n868]:
	(3,2) 48
	[0,0] 0
n860_3[n963]:
	(3,2) 38
	[0,0] 0
n867_1[n1132]:
	(5,6) 54
	[0,0] 0
n867_2[n1128]:
	(5,6) 54
	[0,0] 0
n867_3[n1119]:
	(5,6) 52
	[0,0] 0
n867_4[n1088]:
	(5,6) 44
	[0,0] 0
n649_1[n648]:
	(1,1) 62
	[0,0] 0
n649_2[n653]:
	(1,1) 53
	[0,0] 0
n649_3[n829]:
	(1,1) 35
	[0,0] 0
n649_4[n1278]:
	(1,1) ∞
	[0,0] ∞
n868_1[n867]:
	(3,6) 47
	[0,0] 0
n868_2[n613]:
	(3,6) 47
	[0,0] 0
n868_3[n616]:
	(3,6) 45
	[0,0] 0
n868_4[n620]:
	(3,6) 48
	[0,0] 0
n868_5[n893]:
	(3,6) 46
	[0,0] 0
n868_6[n1038]:
	(3,6) 59
	[0,0] 0
n613_1[n612]:
	(10,3) 54
	[0,0] 0
n613_2[n629]:
	(10,3) 54
	[0,0] 0
n613_3[n645]:
	(10,3) 52
	[0,0] 0
n613_4[n653]:
	(10,3) 44
	[0,0] 0
n613_5[n662]:
	(10,3) 57
	[0,0] 0
n613_6[n667]:
	(10,3) 52
	[0,0] 0
n613_7[n679]:
	(10,3) 44
	[0,0] 0
n613_8[n688]:
	(10,3) 43
	[0,0] 0
n619_1[n618]:
	(1,1) 64
	[0,0] 0
n619_2[n629]:
	(1,1) 63
	[0,0] 0
n616_1[n615]:
	(8,2) 54
	[0,0] 0
n616_2[n630]:
	(8,2) 54
	[0,0] 0
n616_3[n646]:
	(8,2) 52
	[0,0] 0
n616_4[n654]:
	(8,2) 44
	[0,0] 0
n616_5[n663]:
	(8,2) 57
	[0,0] 0
n616_6[n668]:
	(8,2) 52
	[0,0] 0
n616_7[n681]:
	(8,2) 44
	[0,0] 0
n616_8[n689]:
	(8,2) 43
	[0,0] 0
n631_1[n630]:
	(1,1) 61
	[0,0] 0
n631_2[n832]:
	(1,1) 35
	[0,0] 0
n631_3[n1435]:
	(1,1) 58
	[0,0] 0
n631_4[n1504]:
	(1,1) ∞
	[0,0] ∞
n631_5[n1186]:
	(1,1) 51
	[0,0] 0
n631_6[n1247]:
	(1,1) 50
	[0,0] 0
n631_7[n1639]:
	(1,1) ∞
	[0,0] ∞
n631_8[n1061]:
	(1,1) 32
	[0,0] 0
n620_1[n618]:
	(11,3) 54
	[0,0] 0
n620_2[n632]:
	(11,3) 54
	[0,0] 0
n620_3[n648]:
	(11,3) 52
	[0,0] 0
n620_4[n656]:
	(11,3) 44
	[0,0] 0
n620_5[n665]:
	(11,3) 57
	[0,0] 0
n620_6[n670]:
	(11,3) 52
	[0,0] 0
n620_7[n683]:
	(11,3) 44
	[0,0] 0
n620_8[n691]:
	(11,3) 43
	[0,0] 0
n633_1[n632]:
	(1,1) 64
	[0,0] 0
n633_2[n645]:
	(1,1) 61
	[0,0] 0
n633_3[n828]:
	(1,1) 35
	[0,0] 0
n633_4[n1279]:
	(1,1) ∞
	[0,0] ∞
n871_1[n711]:
	(1,1) 54
	[0,0] 0
n871_2[n960]:
	(1,1) 51
	[0,0] 0
n871_3[n959]:
	(1,1) 54
	[0,0] 0
n871_4[n1426]:
	(1,1) 43
	[0,0] 0
n871_5[n1437]:
	(1,1) 56
	[0,0] 0
n871_6[n1445]:
	(1,1) 72
	[0,0] 0
n871_7[n1456]:
	(1,1) 45
	[0,0] 0
n871_8[n1473]:
	(1,1) 53
	[0,0] 0
n871_9[n1601]:
	(1,1) 59
	[0,0] 0
n871_10[n1611]:
	(1,1) 105
	[0,0] 0
n871_11[n1620]:
	(1,1) 40
	[0,0] 0
n872_1[n954]:
	(1,1) 49
	[0,0] 0
n872_2[n957]:
	(1,1) 54
	[0,0] 0
n872_3[n1424]:
	(1,1) 30
	[0,0] 0
n872_4[n1436]:
	(1,1) 43
	[0,0] 0
n872_5[n1444]:
	(1,1) 59
	[0,0] 0
n872_6[n1455]:
	(1,1) 32
	[0,0] 0
n872_7[n1471]:
	(1,1) 40
	[0,0] 0
n872_8[n1602]:
	(1,1) 66
	[0,0] 0
n872_9[n1612]:
	(1,1) 113
	[0,0] 0
n872_10[n1621]:
	(1,1) 48
	[0,0] 0
n657_1[n656]:
	(1,1) 54
	[0,0] 0
n657_2[n662]:
	(1,1) 66
	[0,0] 0
n657_3[n830]:
	(1,1) 35
	[0,0] 0
n657_4[n1276]:
	(1,1) 13
	[0,0] 0
n647_1[n646]:
	(1,1) 59
	[0,0] 0
n647_2[n710]:
	(1,1) 54
	[0,0] 0
n647_3[n743]:
	(1,1) 58
	[0,0] 0
n647_4[n833]:
	(1,1) 35
	[0,0] 0
n647_5[n844]:
	(1,1) 50
	[0,0] 0
n647_6[n1443]:
	(1,1) 48
	[0,0] 0
n647_7[n1503]:
	(1,1) ∞
	[0,0] ∞
n647_8[n1287]:
	(1,1) 45
	[0,0] 0
n647_9[n603]:
	(1,1) 4
	[0,0] 0
n647_10[n1640]:
	(1,1) ∞
	[0,0] ∞
n647_11[n1666]:
	(1,1) 19
	[0,0] 0
n876_1[n956]:
	(1,1) 54
	[0,0] 0
n876_2[n958]:
	(1,1) 54
	[0,0] 0
n876_3[n959]:
	(1,1) 54
	[0,0] 0
n876_4[n1604]:
	(1,1) 65
	[0,0] 0
n698_1[n697]:
	(8,8) 70
	[0,0] 0
n698_2[n878]:
	(8,8) 27
	[0,0] 0
n698_3[n997]:
	(8,8) 30
	[0,0] 0
n698_4[n1616]:
	(8,8) ∞
	[0,0] ∞
n773_1[n772]:
	(1,1) 61
	[0,0] 0
n773_2[n828]:
	(1,1) 35
	[0,0] 0
n773_3[n841]:
	(1,1) 48
	[0,0] 0
n773_4[n605]:
	(1,1) 6
	[0,0] 0
n773_5[n1482]:
	(1,1) 50
	[0,0] 0
n773_6[n1527]:
	(1,1) 21
	[0,0] 0
n773_7[n1650]:
	(1,1) 21
	[0,0] 0
n773_8[n1074]:
	(1,1) 19
	[0,0] 0
n617_1[n615]:
	(1,1) 61
	[0,0] 0
n617_2[n831]:
	(1,1) 35
	[0,0] 0
n617_3[n982]:
	(1,1) 20
	[0,0] 0
n617_4[n1072]:
	(1,1) 23
	[0,0] 0
n617_5[n605]:
	(1,1) 6
	[0,0] 0
n617_6[n1422]:
	(1,1) 45
	[0,0] 0
n617_7[n1529]:
	(1,1) 21
	[0,0] 0
n617_8[n1165]:
	(1,1) 56
	[0,0] 0
n666_1[n665]:
	(1,1) 67
	[0,0] 0
n666_2[n667]:
	(1,1) 61
	[0,0] 0
n666_3[n831]:
	(1,1) 35
	[0,0] 0
n666_4[n1275]:
	(1,1) 13
	[0,0] 0
n655_1[n654]:
	(1,1) 51
	[0,0] 0
n655_2[n687]:
	(1,1) 56
	[0,0] 0
n655_3[n712]:
	(1,1) 54
	[0,0] 0
n655_4[n753]:
	(1,1) 51
	[0,0] 0
n655_5[n786]:
	(1,1) 45
	[0,0] 0
n655_6[n834]:
	(1,1) 35
	[0,0] 0
n655_7[n659]:
	(1,1) 50
	[0,0] 0
n655_8[n1450]:
	(1,1) 59
	[0,0] 0
n655_9[n1501]:
	(1,1) ∞
	[0,0] ∞
n655_10[n603]:
	(1,1) 4
	[0,0] 0
n655_11[n1036]:
	(1,1) 50
	[0,0] 0
n655_12[n1641]:
	(1,1) ∞
	[0,0] ∞
n655_13[n1665]:
	(1,1) 19
	[0,0] 0
n705_1[n704]:
	(20,2) 64
	[0,0] 0
n705_2[n924]:
	(20,2) 15
	[0,0] 0
n706_1[n704]:
	(11,5) 73
	[0,0] 0
n706_2[n884]:
	(11,5) 20
	[0,0] 0
n706_3[n942]:
	(11,5) 36
	[0,0] 0
n884_1[n924]:
	(8,8) 27
	[0,0] 0
n884_2[n992]:
	(8,8) 17
	[0,0] 0
n884_3[n1598]:
	(8,8) ∞
	[0,0] ∞
n886_1[n888]:
	(1,1) 44
	[0,0] 0
n886_2[n1544]:
	(1,1) 19
	[0,0] 0
n664_1[n663]:
	(1,1) 64
	[0,0] 0
n664_2[n714]:
	(1,1) 54
	[0,0] 0
n664_3[n804]:
	(1,1) 55
	[0,0] 0
n664_4[n835]:
	(1,1) 35
	[0,0] 0
n664_5[n1454]:
	(1,1) 44
	[0,0] 0
n664_6[n1500]:
	(1,1) ∞
	[0,0] ∞
n664_7[n1642]:
	(1,1) ∞
	[0,0] ∞
n891_1[n893]:
	(2,3) 47
	[0,0] 0
n891_2[n1094]:
	(2,3) 43
	[0,0] 0
n893_1[n1100]:
	(4,6) 52
	[0,0] 0
n893_2[n1105]:
	(4,6) 44
	[0,0] 0
n893_3[n1093]:
	(4,6) 43
	[0,0] 0
n836_1[n835]:
	(1,1) 35
	[0,0] 0
n836_2[n1517]:
	(1,1) 53
	[0,0] 0
n836_3[n1647]:
	(1,1) 54
	[0,0] 0
n680_1[n679]:
	(1,1) 53
	[0,0] 0
n680_2[n691]:
	(1,1) 53
	[0,0] 0
n680_3[n833]:
	(1,1) 35
	[0,0] 0
n680_4[n1520]:
	(1,1) 53
	[0,0] 0
n680_5[n1645]:
	(1,1) 54
	[0,0] 0
n682_1[n681]:
	(1,1) 51
	[0,0] 0
n682_2[n741]:
	(1,1) 58
	[0,0] 0
n682_3[n764]:
	(1,1) 56
	[0,0] 0
n684_1[n683]:
	(1,1) 54
	[0,0] 0
n684_2[n834]:
	(1,1) 35
	[0,0] 0
n684_3[n1518]:
	(1,1) 53
	[0,0] 0
n684_4[n1646]:
	(1,1) 54
	[0,0] 0
n894_1[n1047]:
	(14,8) 58
	[0,0] 0
n894_2[n1456]:
	(14,8) 32
	[0,0] 0
n894_3[n1458]:
	(14,8) 30
	[0,0] 0
n659_1[n658]:
	(3,2) 57
	[0,0] 0
n659_2[n844]:
	(3,2) 48
	[0,0] 0
n671_1[n670]:
	(1,1) 62
	[0,0] 0
n671_2[n688]:
	(1,1) 52
	[0,0] 0
n671_3[n832]:
	(1,1) 35
	[0,0] 0
n671_4[n1038]:
	(1,1) 61
	[0,0] 0
n671_5[n1076]:
	(1,1) 13
	[0,0] 0
n671_6[n1521]:
	(1,1) 53
	[0,0] 0
n671_7[n1644]:
	(1,1) 54
	[0,0] 0
n897_1[n1046]:
	(14,8) 58
	[0,0] 0
n897_2[n1437]:
	(14,8) 43
	[0,0] 0
n897_3[n1439]:
	(14,8) 44
	[0,0] 0
n669_1[n668]:
	(1,1) 59
	[0,0] 0
n669_2[n716]:
	(1,1) 54
	[0,0] 0
n669_3[n762]:
	(1,1) 56
	[0,0] 0
n669_4[n817]:
	(1,1) 50
	[0,0] 0
n903_1[n1046]:
	(14,8) 58
	[0,0] 0
n903_2[n1445]:
	(14,8) 59
	[0,0] 0
n903_3[n1447]:
	(14,8) 38
	[0,0] 0
n906_1[n675]:
	(9,5) 33
	[0,0] 0
n906_2[n1490]:
	(9,5) 29
	[0,0] 0
n690_1[n689]:
	(1,1) 50
	[0,0] 0
n690_2[n763]:
	(1,1) 56
	[0,0] 0
n909_1[n1047]:
	(14,8) 58
	[0,0] 0
n909_2[n1599]:
	(14,8) 29
	[0,0] 0
n909_3[n1602]:
	(14,8) 59
	[0,0] 0
n674_1[n673]:
	(8,8) 40
	[0,0] 0
n674_2[n1643]:
	(8,8) ∞
	[0,0] ∞
n674_3[n1015]:
	(8,8) 30
	[0,0] 0
n579_1[n578]:
	(20,2) 43
	[0,0] 0
n579_2[n1414]:
	(20,2) 34
	[0,0] 0
n580_1[n578]:
	(11,5) 52
	[0,0] 0
n580_2[n930]:
	(11,5) 22
	[0,0] 0
n580_3[n968]:
	(11,5) 19
	[0,0] 0
n675_1[n673]:
	(11,5) 37
	[0,0] 0
n675_2[n797]:
	(11,5) 27
	[0,0] 0
n675_3[n912]:
	(11,5) 49
	[0,0] 0
n921_1[n970]:
	(6,4) 15
	[0,0] 0
n921_2[n941]:
	(6,4) 37
	[0,0] 0
n921_3[n935]:
	(6,4) 55
	[0,0] 0
n924_1[n1548]:
	(3,29) 58
	[0,0] 0
n924_2[n598]:
	(3,29) 6
	[0,0] 0
n923_1[n921]:
	(3,2) 19
	[0,0] 0
n923_2[n1430]:
	(3,2) 25
	[0,0] 0
n923_3[n1465]:
	(3,2) 22
	[0,0] 0
n923_4[n1491]:
	(3,2) 24
	[0,0] 0
n923_5[n1510]:
	(3,2) 35
	[0,0] 0
n923_6[n1607]:
	(3,2) 52
	[0,0] 0
n930_1[n1414]:
	(8,8) 46
	[0,0] 0
n930_2[n1632]:
	(8,8) ∞
	[0,0] ∞
n930_3[n1008]:
	(8,8) 19
	[0,0] 0
n932_1[n696]:
	(15,2) 21
	[0,0] 0
n932_2[n970]:
	(15,2) 17
	[0,0] 0
n932_3[n1575]:
	(15,2) ∞
	[0,0] ∞
n934_1[n937]:
	(9,22) 34
	[0,0] 0
n934_2[n1661]:
	(9,22) ∞
	[0,0] ∞
n934_3[n1412]:
	(9,22) 33
	[0,0] 0
n696_1[n694]:
	(3,18) 34
	[0,0] 0
n696_2[n1466]:
	(3,18) 18
	[0,0] 0
n939_1[n965]:
	(2,7) 28
	[0,0] 0
n939_2[n1523]:
	(2,7) 14
	[0,0] 0
n939_3[n1532]:
	(2,7) 17
	[0,0] 0
n939_4[n1578]:
	(2,7) 12
	[0,0] 0
n939_5[n1590]:
	(2,7) 15
	[0,0] 0
n939_6[n594]:
	(2,7) 8
	[0,0] 0
n750_1[n749]:
	(4,2) 13
	[0,0] 0
n750_2[n811]:
	(4,2) 13
	[0,0] 0
n750_3[n965]:
	(4,2) 26
	[0,0] 0
n750_4[n563]:
	(4,2) 24
	[0,0] 0
n750_5[n565]:
	(4,2) 17
	[0,0] 0
n572_1[n570]:
	(14,3) 33
	[0,0] 0
n572_2[n1123]:
	(14,3) 29
	[0,0] 0
n574_1[n573]:
	(18,3) 33
	[0,0] 0
n574_2[n1123]:
	(18,3) 29
	[0,0] 0
n638_1[n636]:
	(11,5) 34
	[0,0] 0
n638_2[n698]:
	(11,5) 30
	[0,0] 0
n693_1[n692]:
	(8,3) 33
	[0,0] 0
n693_2[n1124]:
	(8,3) 29
	[0,0] 0
n946_1[n1573]:
	(3,22) ∞
	[0,0] ∞
n946_2[n1658]:
	(3,22) 26
	[0,0] 0
n946_3[n1659]:
	(3,22) ∞
	[0,0] ∞
n949_1[n1487]:
	(17,13) 17
	[0,0] 0
n949_2[n1661]:
	(17,13) ∞
	[0,0] ∞
n949_3[n1412]:
	(17,13) 42
	[0,0] 0
n622_1[n621]:
	(3,2) 17
	[0,0] 0
n622_2[n745]:
	(3,2) 30
	[0,0] 0
n622_3[n755]:
	(3,2) 23
	[0,0] 0
n742_1[n741]:
	(7,3) 52
	[0,0] 0
n742_2[n744]:
	(7,3) 52
	[0,0] 0
n742_3[n751]:
	(7,3) 45
	[0,0] 0
n742_4[n754]:
	(7,3) 45
	[0,0] 0
n742_5[n768]:
	(7,3) 55
	[0,0] 0
n742_6[n785]:
	(7,3) 45
	[0,0] 0
n954_1[n805]:
	(2,3) 48
	[0,0] 0
n954_2[n713]:
	(2,3) 52
	[0,0] 0
n954_3[n717]:
	(2,3) 52
	[0,0] 0
n954_4[n722]:
	(2,3) 49
	[0,0] 0
n954_5[n961]:
	(2,3) 47
	[0,0] 0
n805_1[n804]:
	(7,3) 49
	[0,0] 0
n805_2[n817]:
	(7,3) 44
	[0,0] 0
n805_3[n1326]:
	(7,3) 52
	[0,0] 0
n805_4[n1358]:
	(7,3) 45
	[0,0] 0
n956_1[n711]:
	(2,5) 50
	[0,0] 0
n956_2[n715]:
	(2,5) 50
	[0,0] 0
n711_1[n710]:
	(7,2) 48
	[0,0] 0
n711_2[n724]:
	(7,2) 50
	[0,0] 0
n711_3[n763]:
	(7,2) 50
	[0,0] 0
n711_4[n770]:
	(7,2) 55
	[0,0] 0
n713_1[n712]:
	(7,3) 48
	[0,0] 0
n713_2[n764]:
	(7,3) 50
	[0,0] 0
n713_3[n772]:
	(7,3) 55
	[0,0] 0
n715_1[n714]:
	(7,2) 48
	[0,0] 0
n715_2[n728]:
	(7,2) 50
	[0,0] 0
n715_3[n765]:
	(7,2) ∞
	[0,0] ∞
n715_4[n774]:
	(7,2) 55
	[0,0] 0
n715_5[troj38_0n3+1]:
	(7,2) 91
	[0,0] 0
n717_1[n716]:
	(7,3) 48
	[0,0] 0
n717_2[n730]:
	(7,3) 50
	[0,0] 0
n717_3[n766]:
	(7,3) ∞
	[0,0] ∞
n717_4[n775]:
	(7,3) 55
	[0,0] 0
n960_1[n722]:
	(2,3) 49
	[0,0] 0
n960_2[n962]:
	(2,3) 49
	[0,0] 0
n722_1[n721]:
	(7,3) 50
	[0,0] 0
n722_2[n743]:
	(7,3) 52
	[0,0] 0
n722_3[n753]:
	(7,3) 45
	[0,0] 0
n722_4[n762]:
	(7,3) 50
	[0,0] 0
n722_5[n769]:
	(7,3) 55
	[0,0] 0
n722_6[n1165]:
	(7,3) 50
	[0,0] 0
n722_7[n1186]:
	(7,3) 45
	[0,0] 0
n961_1[n1144]:
	(4,5) 50
	[0,0] 0
n961_2[n1188]:
	(4,5) 55
	[0,0] 0
n961_3[n1328]:
	(4,5) 52
	[0,0] 0
n961_4[n1360]:
	(4,5) 45
	[0,0] 0
n961_5[n1201]:
	(4,5) 50
	[0,0] 0
n961_6[n1262]:
	(4,5) 49
	[0,0] 0
n961_7[n1302]:
	(4,5) 44
	[0,0] 0
n720_1[n718]:
	(1,1) 50
	[0,0] 0
n720_2[n774]:
	(1,1) 61
	[0,0] 0
n723_1[n721]:
	(1,1) 56
	[0,0] 0
n723_2[n775]:
	(1,1) 61
	[0,0] 0
n723_3[n1562]:
	(1,1) 47
	[0,0] 0
n725_1[n724]:
	(1,1) 56
	[0,0] 0
n725_2[n768]:
	(1,1) 61
	[0,0] 0
n729_1[n728]:
	(1,1) 56
	[0,0] 0
n729_2[n754]:
	(1,1) 51
	[0,0] 0
n731_1[n730]:
	(1,1) 56
	[0,0] 0
n731_2[n744]:
	(1,1) 58
	[0,0] 0
n788_1[n787]:
	(2,3) 30
	[0,0] 0
n788_2[n1192]:
	(2,3) 39
	[0,0] 0
n788_3[n1065]:
	(2,3) 38
	[0,0] 0
n788_4[n1070]:
	(2,3) 32
	[0,0] 0
n965_1[n740]:
	(3,7) 23
	[0,0] 0
n965_2[n784]:
	(3,7) 27
	[0,0] 0
n966_1[n1225]:
	(2,3) 41
	[0,0] 0
n966_2[n1256]:
	(2,3) 47
	[0,0] 0
n966_3[n1296]:
	(2,3) 42
	[0,0] 0
n966_4[n1336]:
	(2,3) 49
	[0,0] 0
n966_5[n1368]:
	(2,3) 42
	[0,0] 0
n967_1[n1187]:
	(2,3) ∞
	[0,0] ∞
n967_2[n1206]:
	(2,3) ∞
	[0,0] ∞
n967_3[n1238]:
	(2,3) 42
	[0,0] 0
n967_4[n1270]:
	(2,3) 46
	[0,0] 0
n967_5[n1310]:
	(2,3) 41
	[0,0] 0
n967_6[n1349]:
	(2,3) 49
	[0,0] 0
n967_7[n1381]:
	(2,3) 42
	[0,0] 0
n968_1[n577]:
	(2,13) 38
	[0,0] 0
n968_2[n1494]:
	(2,13) 17
	[0,0] 0
n968_3[n973]:
	(2,13) 23
	[0,0] 0
n596_1[N4589]:
	(3,2) 2
	[0,0] 0
n596_2[n758]:
	(3,2) 27
	[0,0] 0
n596_3[n1636]:
	(3,2) 23
	[0,0] 0
n752_1[n751]:
	(1,1) 51
	[0,0] 0
n752_2[n765]:
	(1,1) ∞
	[0,0] ∞
n767_1[n766]:
	(1,1) ∞
	[0,0] ∞
n767_2[n785]:
	(1,1) 51
	[0,0] 0
n974_1[n1064]:
	(2,7) 39
	[0,0] 0
n974_2[n1069]:
	(2,7) 34
	[0,0] 0
n974_3[n1506]:
	(2,7) 43
	[0,0] 0
n974_4[n1060]:
	(2,7) 41
	[0,0] 0
n976_1[n975]:
	(2,3) 36
	[0,0] 0
n976_2[n1211]:
	(2,3) 34
	[0,0] 0
n796_1[n795]:
	(8,3) 27
	[0,0] 0
n796_2[n972]:
	(8,3) 20
	[0,0] 0
n849_1[n601]:
	(5,2) 12
	[0,0] 0
n849_2[n1557]:
	(5,2) 13
	[0,0] 0
n604_1[N1713]:
	(3,2) 4
	[0,0] 0
n604_2[n850]:
	(3,2) 15
	[0,0] 0
n695_1[n694]:
	(2,4) 48
	[0,0] 0
n695_2[n746]:
	(2,4) 30
	[0,0] 0
n695_3[n572]:
	(2,4) 39
	[0,0] 0
n695_4[n574]:
	(2,4) 43
	[0,0] 0
n695_5[n947]:
	(2,4) 44
	[0,0] 0
n695_6[n1615]:
	(2,4) ∞
	[0,0] ∞
n695_7[n994]:
	(2,4) 16
	[0,0] 0
n936_1[n696]:
	(2,8) 34
	[0,0] 0
n936_2[n941]:
	(2,8) 41
	[0,0] 0
n936_3[n1537]:
	(2,8) 12
	[0,0] 0
n993_1[n1489]:
	(2,7) 54
	[0,0] 0
n993_2[n1535]:
	(2,7) 11
	[0,0] 0
n571_1[n570]:
	(2,11) 45
	[0,0] 0
n571_2[n573]:
	(2,11) 49
	[0,0] 0
n571_3[n692]:
	(2,11) 39
	[0,0] 0
n571_4[n1192]:
	(2,11) 31
	[0,0] 0
n571_5[n1617]:
	(2,11) ∞
	[0,0] ∞
n571_6[n999]:
	(2,11) 25
	[0,0] 0
n998_1[n1576]:
	(2,14) 21
	[0,0] 0
n998_2[n563]:
	(2,14) 12
	[0,0] 0
n998_3[n1004]:
	(2,14) 42
	[0,0] 0
n998_4[n1630]:
	(2,14) ∞
	[0,0] ∞
n627_1[n626]:
	(2,5) 17
	[0,0] 0
n627_2[n1624]:
	(2,5) 29
	[0,0] 0
n627_3[n1625]:
	(2,5) ∞
	[0,0] ∞
n1005_1[n577]:
	(4,2) 49
	[0,0] 0
n1005_2[n1636]:
	(4,2) 23
	[0,0] 0
n820_1[n819]:
	(5,2) 23
	[0,0] 0
n820_2[n821]:
	(5,2) 11
	[0,0] 0
n820_3[n969]:
	(5,2) ∞
	[0,0] ∞
n794_1[n792]:
	(5,2) 23
	[0,0] 0
n794_2[n1513]:
	(5,2) 22
	[0,0] 0
n794_3[n1514]:
	(5,2) ∞
	[0,0] ∞
n1017_1[n1063]:
	(2,4) 42
	[0,0] 0
n1017_2[n1031]:
	(2,4) 4
	[0,0] 0
n1017_3[n1669]:
	(2,4) ∞
	[0,0] ∞
n1032_1[n916]:
	(9,7) 45
	[0,0] 0
n1032_2[n1633]:
	(9,7) ∞
	[0,0] ∞
n1032_3[n1010]:
	(9,7) 46
	[0,0] 0
n703_1[n702]:
	(9,7) 50
	[0,0] 0
n703_2[n878]:
	(9,7) 26
	[0,0] 0
n703_3[n1002]:
	(9,7) 27
	[0,0] 0
n703_4[n1623]:
	(9,7) ∞
	[0,0] ∞
n1057_1[n1497]:
	(5,7) 20
	[0,0] 0
n1057_2[n1498]:
	(5,7) ∞
	[0,0] ∞
n1057_3[n565]:
	(5,7) 12
	[0,0] 0
n1057_4[n1588]:
	(5,7) 24
	[0,0] 0
n1081_1[n1068]:
	(11,11) 37
	[0,0] 0
n1081_2[n1029]:
	(11,11) 4
	[0,0] 0
n1081_3[n1667]:
	(11,11) ∞
	[0,0] ∞
n1091_1[n1423]:
	(11,5) 39
	[0,0] 0
n1091_2[troj38_0n7]:
	(11,5) 87
	[0,0] 0
n582_1[n581]:
	(10,6) 35
	[0,0] 0
n582_2[n1032]:
	(10,6) 48
	[0,0] 0
n941_1[n572]:
	(5,9) 34
	[0,0] 0
n941_2[n1115]:
	(5,9) ∞
	[0,0] ∞
n942_1[n574]:
	(2,13) 34
	[0,0] 0
n942_2[n1115]:
	(2,13) ∞
	[0,0] ∞
n699_1[n697]:
	(10,6) 68
	[0,0] 0
n699_2[n1048]:
	(10,6) 94
	[0,0] 0
n1274_1[n1648]:
	(5,4) ∞
	[0,0] ∞
n1274_2[n1018]:
	(5,4) 8
	[0,0] 0
n1319_1[n1652]:
	(5,9) ∞
	[0,0] ∞
n1319_2[n1021]:
	(5,9) 24
	[0,0] 0
n1391_1[n1657]:
	(2,7) ∞
	[0,0] ∞
n1391_2[n1026]:
	(2,7) 7
	[0,0] 0
n1394_1[n1539]:
	(6,4) 5
	[0,0] 0
n1394_2[n1657]:
	(6,4) ∞
	[0,0] ∞
n1394_3[n1026]:
	(6,4) 10
	[0,0] 0
n1411_1[n1662]:
	(12,2) ∞
	[0,0] ∞
n1411_2[n1663]:
	(12,2) 17
	[0,0] 0
n1415_1[n838]:
	(4,5) 30
	[0,0] 0
n1415_2[troj38_0n6]:
	(4,5) 93
	[0,0] 0
n1419_1[n1422]:
	(11,4) 35
	[0,0] 0
n1419_2[n1461]:
	(11,4) 82
	[0,0] 0
n1419_3[n1469]:
	(11,4) 45
	[0,0] 0
n1419_4[n1482]:
	(11,4) 40
	[0,0] 0
n1423_1[n1426]:
	(14,9) 30
	[0,0] 0
n1423_2[n1428]:
	(14,9) 31
	[0,0] 0
n1424_1[n1427]:
	(2,3) 28
	[0,0] 0
n1424_2[troj38_0n4+1]:
	(2,3) 96
	[0,0] 0
n1430_1[n992]:
	(2,5) 23
	[0,0] 0
n1430_2[n1598]:
	(2,5) ∞
	[0,0] ∞
n1432_1[n1435]:
	(11,4) 48
	[0,0] 0
n1432_2[n1443]:
	(11,4) 38
	[0,0] 0
n1432_3[n1450]:
	(11,4) 49
	[0,0] 0
n1432_4[n1454]:
	(11,4) 34
	[0,0] 0
n1106_1[n582]:
	(9,5) 40
	[0,0] 0
n1106_2[n1493]:
	(9,5) 53
	[0,0] 0
n1463_1[n1609]:
	(14,9) 38
	[0,0] 0
n1463_2[n1612]:
	(14,9) 105
	[0,0] 0
n1465_1[n1614]:
	(2,5) ∞
	[0,0] ∞
n1465_2[n989]:
	(2,5) 20
	[0,0] 0
n1466_1[n1615]:
	(2,5) ∞
	[0,0] ∞
n1466_2[n994]:
	(2,5) 16
	[0,0] 0
n1470_1[n1473]:
	(14,9) 40
	[0,0] 0
n1470_2[n1475]:
	(14,9) 41
	[0,0] 0
n1470_3[troj38_0n3]:
	(14,9) 84
	[0,0] 0
n1477_1[n997]:
	(2,9) 36
	[0,0] 0
n1477_2[n1616]:
	(2,9) ∞
	[0,0] ∞
n1479_1[n1617]:
	(10,15) ∞
	[0,0] ∞
n1479_2[n999]:
	(10,15) 17
	[0,0] 0
n1480_1[n1618]:
	(14,9) 40
	[0,0] 0
n1480_2[n1621]:
	(14,9) 40
	[0,0] 0
n1484_1[n1486]:
	(9,5) 31
	[0,0] 0
n1484_2[n927]:
	(9,5) 34
	[0,0] 0
n1486_1[n1002]:
	(7,2) 29
	[0,0] 0
n1486_2[n1623]:
	(7,2) ∞
	[0,0] ∞
n1487_1[n1624]:
	(2,19) 15
	[0,0] 0
n1487_2[n1625]:
	(2,19) ∞
	[0,0] ∞
n1489_1[n1004]:
	(3,27) 29
	[0,0] 0
n1489_2[n1630]:
	(3,27) ∞
	[0,0] ∞
n1490_1[n1007]:
	(7,2) 27
	[0,0] 0
n1490_2[n1631]:
	(7,2) ∞
	[0,0] ∞
n1491_1[n1632]:
	(2,5) ∞
	[0,0] ∞
n1491_2[n1008]:
	(2,5) 22
	[0,0] 0
n1493_1[n1633]:
	(7,2) ∞
	[0,0] ∞
n1493_2[n1010]:
	(7,2) 51
	[0,0] 0
n1494_1[n1638]:
	(2,4) ∞
	[0,0] ∞
n1494_2[n1013]:
	(2,4) 15
	[0,0] 0
n1495_1[n1497]:
	(3,2) 22
	[0,0] 0
n1495_2[n1498]:
	(3,2) ∞
	[0,0] ∞
n1497_1[n761]:
	(3,9) 16
	[0,0] 0
n1497_2[troj38_0n6]:
	(3,9) 89
	[0,0] 0
n1510_1[n1643]:
	(2,5) ∞
	[0,0] ∞
n1510_2[n1015]:
	(2,5) 33
	[0,0] 0
n1512_1[n1513]:
	(12,7) 15
	[0,0] 0
n1512_2[n1514]:
	(12,7) ∞
	[0,0] ∞
n1543_1[n1656]:
	(2,4) ∞
	[0,0] ∞
n1543_2[n1392]:
	(2,4) 15
	[0,0] 0
n1545_1[n1656]:
	(5,6) ∞
	[0,0] ∞
n1545_2[n1392]:
	(5,6) 12
	[0,0] 0
n1548_1[n1658]:
	(43,4) 44
	[0,0] 0
n1548_2[n1659]:
	(43,4) ∞
	[0,0] ∞
n1549_1[n1662]:
	(4,2) ∞
	[0,0] ∞
n1549_2[n1663]:
	(4,2) 17
	[0,0] 0
n922_1[n921]:
	(16,3) 18
	[0,0] 0
n922_2[n598]:
	(16,3) 32
	[0,0] 0
n798_1[n797]:
	(1,1) 37
	[0,0] 0
n798_2[n968]:
	(1,1) 29
	[0,0] 0
n798_3[n942]:
	(1,1) 46
	[0,0] 0
n798_4[n944]:
	(1,1) 36
	[0,0] 0
n798_5[n977]:
	(1,1) 27
	[0,0] 0
n798_6[n1490]:
	(1,1) 33
	[0,0] 0
n798_7[n1493]:
	(1,1) 57
	[0,0] 0
n798_8[n1608]:
	(1,1) 35
	[0,0] 0
n624_1[n623]:
	(1,1) 21
	[0,0] 0
n624_2[n622]:
	(1,1) 19
	[0,0] 0
n624_3[n966]:
	(1,1) 43
	[0,0] 0
n624_4[n967]:
	(1,1) 43
	[0,0] 0
n708_1[n707]:
	(1,1) 16
	[0,0] 0
n708_2[n747]:
	(1,1) 17
	[0,0] 0
n708_3[n760]:
	(1,1) 15
	[0,0] 0
n708_4[n809]:
	(1,1) 17
	[0,0] 0
n708_5[n1558]:
	(1,1) 10
	[0,0] 0
n708_6[n1582]:
	(1,1) 11
	[0,0] 0
n1078_1[n1077]:
	(1,1) 17
	[0,0] 0
n1078_2[n1556]:
	(1,1) 13
	[0,0] 0
n1089_1[n1087]:
	(6,2) 42
	[0,0] 0
n1089_2[n1118]:
	(6,2) 50
	[0,0] 0
n1089_3[n1127]:
	(6,2) 52
	[0,0] 0
n1089_4[n1131]:
	(6,2) 52
	[0,0] 0
n1094_1[n1092]:
	(5,2) 41
	[0,0] 0
n1094_2[n1099]:
	(5,2) 50
	[0,0] 0
n1094_3[n1104]:
	(5,2) 42
	[0,0] 0
n635_1[n634]:
	(1,1) 55
	[0,0] 0
n635_2[n641]:
	(1,1) 89
	[0,0] 0
n635_3[n651]:
	(1,1) 42
	[0,0] 0
n635_4[n672]:
	(1,1) 48
	[0,0] 0
n635_5[n677]:
	(1,1) 41
	[0,0] 0
n635_6[n686]:
	(1,1) 56
	[0,0] 0
n1179_1[n1178]:
	(1,1) 49
	[0,0] 0
n1179_2[n1199]:
	(1,1) 54
	[0,0] 0
n791_1[n790]:
	(1,1) 26
	[0,0] 0
n791_2[n806]:
	(1,1) 35
	[0,0] 0
n791_3[n818]:
	(1,1) 30
	[0,0] 0
n848_1[n825]:
	(1,1) 19
	[0,0] 0
n848_2[n841]:
	(1,1) 48
	[0,0] 0
n628_1[n626]:
	(1,1) 18
	[0,0] 0
n628_2[n746]:
	(1,1) 31
	[0,0] 0
n628_3[n756]:
	(1,1) 23
	[0,0] 0
n628_4[n622]:
	(1,1) 19
	[0,0] 0
n628_5[n976]:
	(1,1) 36
	[0,0] 0
n628_6[n1585]:
	(1,1) 42
	[0,0] 0
n628_7[n1066]:
	(1,1) 40
	[0,0] 0
n628_8[n1071]:
	(1,1) 35
	[0,0] 0
n1561_1[n1579]:
	(1,1) 11
	[0,0] 0
n1561_2[n1591]:
	(1,1) 14
	[0,0] 0
n1561_3[n1582]:
	(1,1) 11
	[0,0] 0
n1170_1[n1169]:
	(1,1) 16
	[0,0] 0
n1170_2[n1245]:
	(1,1) 22
	[0,0] 0
n1170_3[n1284]:
	(1,1) 27
	[0,0] 0
n1170_4[n1318]:
	(1,1) 22
	[0,0] 0
n1170_5[n1356]:
	(1,1) 29
	[0,0] 0
n1170_6[n1387]:
	(1,1) 22
	[0,0] 0
n640_1[n639]:
	(1,1) 89
	[0,0] 0
n640_2[n650]:
	(1,1) 42
	[0,0] 0
n640_3[n676]:
	(1,1) 41
	[0,0] 0
n640_4[n685]:
	(1,1) 56
	[0,0] 0
n1564_1[n1619]:
	(1,1) 40
	[0,0] 0
n1564_2[n1620]:
	(1,1) 40
	[0,0] 0
n803_1[n802]:
	(1,1) ∞
	[0,0] ∞
n803_2[n816]:
	(1,1) ∞
	[0,0] ∞
n803_3[n1155]:
	(1,1) 45
	[0,0] 0
n803_4[n1141]:
	(1,1) 50
	[0,0] 0
n803_5[n1182]:
	(1,1) 48
	[0,0] 0
n803_6[n1173]:
	(1,1) 50
	[0,0] 0
n803_7[n1202]:
	(1,1) 50
	[0,0] 0
n803_8[n1217]:
	(1,1) 44
	[0,0] 0
n803_9[n1251]:
	(1,1) 50
	[0,0] 0
n803_10[n1291]:
	(1,1) 45
	[0,0] 0
n1565_1[n1140]:
	(1,1) 50
	[0,0] 0
n1565_2[n1172]:
	(1,1) 50
	[0,0] 0
n1565_3[n1350]:
	(1,1) 52
	[0,0] 0
n1565_4[n1195]:
	(1,1) 45
	[0,0] 0
n1565_5[n1208]:
	(1,1) 45
	[0,0] 0
n1565_6[n1239]:
	(1,1) 45
	[0,0] 0
n1566_1[n1158]:
	(1,1) 45
	[0,0] 0
n1566_2[n1148]:
	(1,1) 50
	[0,0] 0
n1566_3[n1341]:
	(1,1) 52
	[0,0] 0
n1566_4[n1330]:
	(1,1) 52
	[0,0] 0
n1566_5[n1373]:
	(1,1) 45
	[0,0] 0
n1566_6[n1362]:
	(1,1) 45
	[0,0] 0
n1566_7[n1233]:
	(1,1) 45
	[0,0] 0
n1566_8[n1219]:
	(1,1) 44
	[0,0] 0
n1566_9[n1264]:
	(1,1) 49
	[0,0] 0
n1566_10[n1250]:
	(1,1) 50
	[0,0] 0
n1566_11[n1304]:
	(1,1) 44
	[0,0] 0
n1566_12[n1290]:
	(1,1) 45
	[0,0] 0
n727_1[n726]:
	(1,1) ∞
	[0,0] ∞
n727_2[n1157]:
	(1,1) 45
	[0,0] 0
n727_3[n1147]:
	(1,1) 50
	[0,0] 0
n727_4[n1344]:
	(1,1) 52
	[0,0] 0
n727_5[n1335]:
	(1,1) 52
	[0,0] 0
n727_6[n1376]:
	(1,1) 45
	[0,0] 0
n727_7[n1367]:
	(1,1) 45
	[0,0] 0
n727_8[n1232]:
	(1,1) 45
	[0,0] 0
n727_9[n1224]:
	(1,1) 44
	[0,0] 0
n727_10[n1269]:
	(1,1) 49
	[0,0] 0
n727_11[n1255]:
	(1,1) 50
	[0,0] 0
n727_12[n1309]:
	(1,1) 44
	[0,0] 0
n727_13[n1295]:
	(1,1) 45
	[0,0] 0
n1567_1[n1162]:
	(1,1) 45
	[0,0] 0
n1567_2[n1151]:
	(1,1) 50
	[0,0] 0
n1567_3[n1343]:
	(1,1) 52
	[0,0] 0
n1567_4[n1334]:
	(1,1) 52
	[0,0] 0
n1567_5[n1375]:
	(1,1) 45
	[0,0] 0
n1567_6[n1366]:
	(1,1) 45
	[0,0] 0
n1567_7[n1237]:
	(1,1) 45
	[0,0] 0
n1567_8[n1223]:
	(1,1) 44
	[0,0] 0
n1567_9[n1268]:
	(1,1) 49
	[0,0] 0
n1567_10[n1254]:
	(1,1) 50
	[0,0] 0
n1567_11[n1308]:
	(1,1) 44
	[0,0] 0
n1567_12[n1294]:
	(1,1) 45
	[0,0] 0
n1568_1[n1161]:
	(1,1) 45
	[0,0] 0
n1568_2[n1150]:
	(1,1) 50
	[0,0] 0
n1568_3[n1348]:
	(1,1) 52
	[0,0] 0
n1568_4[n1337]:
	(1,1) 52
	[0,0] 0
n1568_5[n1380]:
	(1,1) 45
	[0,0] 0
n1568_6[n1369]:
	(1,1) 45
	[0,0] 0
n1568_7[n1236]:
	(1,1) 45
	[0,0] 0
n1568_8[n1226]:
	(1,1) 44
	[0,0] 0
n1568_9[n1271]:
	(1,1) 49
	[0,0] 0
n1568_10[n1257]:
	(1,1) 50
	[0,0] 0
n1568_11[n1311]:
	(1,1) 44
	[0,0] 0
n1568_12[n1297]:
	(1,1) 45
	[0,0] 0
n1569_1[n1143]:
	(1,1) 50
	[0,0] 0
n1569_2[n1331]:
	(1,1) 52
	[0,0] 0
n1569_3[n1363]:
	(1,1) 45
	[0,0] 0
n1569_4[n1230]:
	(1,1) 45
	[0,0] 0
n1569_5[n1220]:
	(1,1) 44
	[0,0] 0
n1569_6[n1265]:
	(1,1) 49
	[0,0] 0
n1569_7[n1305]:
	(1,1) 44
	[0,0] 0
n1165_1[n1163]:
	(2,9) ∞
	[0,0] ∞
n1165_2[n1246]:
	(2,9) 48
	[0,0] 0
n719_1[n718]:
	(1,1) 50
	[0,0] 0
n719_2[n786]:
	(1,1) 45
	[0,0] 0
n719_3[n1164]:
	(1,1) 44
	[0,0] 0
n719_4[n1247]:
	(1,1) 50
	[0,0] 0
n719_5[n1287]:
	(1,1) 45
	[0,0] 0
n1164_1[n1163]:
	(2,3) ∞
	[0,0] ∞
n1164_2[n1214]:
	(2,3) 42
	[0,0] 0
n1472_1[n1471]:
	(1,1) 40
	[0,0] 0
n1472_2[n1476]:
	(1,1) 41
	[0,0] 0
n1478_1[n1477]:
	(1,1) 44
	[0,0] 0
n1478_2[n877]:
	(1,1) 39
	[0,0] 0
n1122_1[n944]:
	(1,1) 36
	[0,0] 0
n1122_2[n1465]:
	(1,1) 24
	[0,0] 0
n1122_3[n1049]:
	(1,1) 103
	[0,0] 0
n1570_1[n1610]:
	(1,1) 38
	[0,0] 0
n1570_2[n1611]:
	(1,1) 105
	[0,0] 0
n1431_1[n1430]:
	(1,1) 27
	[0,0] 0
n1431_2[n885]:
	(1,1) 29
	[0,0] 0
n1425_1[n1424]:
	(1,1) 30
	[0,0] 0
n1425_2[n1429]:
	(1,1) 31
	[0,0] 0
n1511_1[n1510]:
	(1,1) 37
	[0,0] 0
n1511_2[n915]:
	(1,1) 42
	[0,0] 0
n892_1[n891]:
	(1,1) 45
	[0,0] 0
n892_2[n1041]:
	(1,1) 61
	[0,0] 0
n1111_1[n1043]:
	(1,1) 37
	[0,0] 0
n1111_2[n1436]:
	(1,1) 43
	[0,0] 0
n1111_3[n1440]:
	(1,1) 44
	[0,0] 0
n917_1[n579]:
	(1,1) 53
	[0,0] 0
n917_2[n583]:
	(1,1) 44
	[0,0] 0
n1114_1[n1044]:
	(1,1) 37
	[0,0] 0
n1114_2[n1444]:
	(1,1) 59
	[0,0] 0
n1114_3[n1448]:
	(1,1) 38
	[0,0] 0
n1492_1[n1491]:
	(1,1) 26
	[0,0] 0
n1492_2[n931]:
	(1,1) 31
	[0,0] 0
n1112_1[n1043]:
	(1,1) 37
	[0,0] 0
n1112_2[n1455]:
	(1,1) 32
	[0,0] 0
n1112_3[n1459]:
	(1,1) 30
	[0,0] 0
n1193_1[n977]:
	(1,1) 27
	[0,0] 0
n1193_2[n1033]:
	(1,1) 57
	[0,0] 0
n1113_1[n1044]:
	(1,1) 37
	[0,0] 0
n1113_2[n1600]:
	(1,1) 29
	[0,0] 0
n1113_3[n1601]:
	(1,1) 59
	[0,0] 0
n927_1[n925]:
	(10,6) 49
	[0,0] 0
n927_2[n703]:
	(10,6) 29
	[0,0] 0
n1398_1[n1397]:
	(1,1) 20
	[0,0] 0
n1398_2[n823]:
	(1,1) 8
	[0,0] 0
n1398_3[n1390]:
	(1,1) 18
	[0,0] 0
n1186_1[n1185]:
	(2,9) 46
	[0,0] 0
n1186_2[n1286]:
	(2,9) 43
	[0,0] 0
n1188_1[n1187]:
	(7,2) ∞
	[0,0] ∞
n1188_2[n1194]:
	(7,2) 53
	[0,0] 0
n1402_1[n1400]:
	(1,1) 20
	[0,0] 0
n1402_2[n823]:
	(1,1) 8
	[0,0] 0
n1402_3[n1543]:
	(1,1) 18
	[0,0] 0
n1402_4[n1389]:
	(1,1) 15
	[0,0] 0
n1399_1[n1397]:
	(1,1) 20
	[0,0] 0
n1399_2[n1025]:
	(1,1) 26
	[0,0] 0
n1375_1[n1374]:
	(3,2) 43
	[0,0] 0
n1375_2[troj38_0n4+1]:
	(3,2) 95
	[0,0] 0
n1195_1[n1194]:
	(3,2) 53
	[0,0] 0
n1195_2[n1381]:
	(3,2) 43
	[0,0] 0
n1404_1[n1403]:
	(1,1) 20
	[0,0] 0
n1404_2[n1024]:
	(1,1) 25
	[0,0] 0
n595_1[N4589]:
	(1,1) 3
	[0,0] 0
n595_2[n1058]:
	(1,1) 20
	[0,0] 0
n971_1[n596]:
	(1,1) 4
	[0,0] 0
n971_2[n1285]:
	(1,1) 10
	[0,0] 0
n971_3[n1494]:
	(1,1) 18
	[0,0] 0
n1208_1[n781]:
	(3,2) 48
	[0,0] 0
n1208_2[n1288]:
	(3,2) 43
	[0,0] 0
n846_1[n800]:
	(1,1) 41
	[0,0] 0
n846_2[n814]:
	(1,1) 36
	[0,0] 0
n846_3[n1507]:
	(1,1) 43
	[0,0] 0
n846_4[n1061]:
	(1,1) 32
	[0,0] 0
n1508_1[n1507]:
	(1,1) 43
	[0,0] 0
n1508_2[n1029]:
	(1,1) 14
	[0,0] 0
n1508_3[n1667]:
	(1,1) ∞
	[0,0] ∞
n1401_1[n1400]:
	(1,1) 20
	[0,0] 0
n1401_2[n1321]:
	(1,1) 37
	[0,0] 0
n1239_1[n1238]:
	(3,2) 43
	[0,0] 0
n1239_2[n1248]:
	(3,2) 48
	[0,0] 0
n1223_1[n1222]:
	(3,2) 42
	[0,0] 0
n1223_2[troj38_0n7]:
	(3,2) 95
	[0,0] 0
n1408_1[n1406]:
	(1,1) 20
	[0,0] 0
n1408_2[n1320]:
	(1,1) 34
	[0,0] 0
n1273_1[n842]:
	(1,1) 48
	[0,0] 0
n1273_2[n1558]:
	(1,1) 10
	[0,0] 0
n1405_1[n1403]:
	(1,1) 20
	[0,0] 0
n1405_2[n1324]:
	(1,1) ∞
	[0,0] ∞
n1593_1[n594]:
	(1,1) 14
	[0,0] 0
n1593_2[n1067]:
	(1,1) 37
	[0,0] 0
n1582_1[n569]:
	(3,2) 10
	[0,0] 0
n1582_2[n592]:
	(3,2) 9
	[0,0] 0
n1407_1[n1406]:
	(1,1) 20
	[0,0] 0
n1407_2[n1323]:
	(1,1) 97
	[0,0] 0
n1544_1[n1543]:
	(2,3) 17
	[0,0] 0
n1544_2[n1547]:
	(2,3) 17
	[0,0] 0
n637_1[n636]:
	(1,1) 44
	[0,0] 0
n637_2[n923]:
	(1,1) 21
	[0,0] 0
n637_3[n1486]:
	(1,1) 35
	[0,0] 0
n757_1[n756]:
	(1,1) 23
	[0,0] 0
n757_2[n947]:
	(1,1) 47
	[0,0] 0
n757_3[n1536]:
	(1,1) 18
	[0,0] 0
n978_1[n796]:
	(5,4) 24
	[0,0] 0
n978_2[n582]:
	(5,4) 41
	[0,0] 0
n933_1[n932]:
	(7,13) 19
	[0,0] 0
n933_2[n948]:
	(7,13) 35
	[0,0] 0
n933_3[n1548]:
	(7,13) 74
	[0,0] 0
n945_1[n693]:
	(5,4) 33
	[0,0] 0
n945_2[n699]:
	(5,4) 74
	[0,0] 0
n879_1[n705]:
	(1,1) 34
	[0,0] 0
n879_2[n1614]:
	(1,1) ∞
	[0,0] ∞
n879_3[n989]:
	(1,1) 21
	[0,0] 0
n1534_1[n1533]:
	(1,1) 23
	[0,0] 0
n1534_2[n1576]:
	(1,1) 34
	[0,0] 0
n1574_1[n927]:
	(5,4) 35
	[0,0] 0
n1574_2[troj38_0n3+1]:
	(5,4) 93
	[0,0] 0
n759_1[n758]:
	(1,1) 29
	[0,0] 0
n759_2[n795]:
	(1,1) 34
	[0,0] 0
n759_3[n1211]:
	(1,1) 36
	[0,0] 0
n759_4[n1634]:
	(1,1) 24
	[0,0] 0
n759_5[n1059]:
	(1,1) 25
	[0,0] 0
n808_1[n807]:
	(1,1) 28
	[0,0] 0
n808_2[n596]:
	(1,1) 4
	[0,0] 0
n808_3[n973]:
	(1,1) 35
	[0,0] 0
n808_4[n1638]:
	(1,1) ∞
	[0,0] ∞
n808_5[n1013]:
	(1,1) 16
	[0,0] 0
n1496_1[n1495]:
	(1,1) 24
	[0,0] 0
n1496_2[n1524]:
	(1,1) 20
	[0,0] 0
n1496_3[n1588]:
	(1,1) 30
	[0,0] 0
n1323_1[n1322]:
	(10,2) ∞
	[0,0] ∞
n1323_2[troj38_0n4]:
	(10,2) 88
	[0,0] 0
n1421_1[n1420]:
	(1,1) 35
	[0,0] 0
n1421_2[n1434]:
	(1,1) 48
	[0,0] 0
n1421_3[n1442]:
	(1,1) 38
	[0,0] 0
n1421_4[n1449]:
	(1,1) 49
	[0,0] 0
n1421_5[n1453]:
	(1,1) 34
	[0,0] 0
n1421_6[n1460]:
	(1,1) 82
	[0,0] 0
n1421_7[n1468]:
	(1,1) 45
	[0,0] 0
n1421_8[n1481]:
	(1,1) 40
	[0,0] 0
n1085_1[n1084]:
	(1,1) 41
	[0,0] 0
n1085_2[n1095]:
	(1,1) 55
	[0,0] 0
n1085_3[n1097]:
	(1,1) 47
	[0,0] 0
n1085_4[n1101]:
	(1,1) 51
	[0,0] 0
n1085_5[n1102]:
	(1,1) 40
	[0,0] 0
n1085_6[n1116]:
	(1,1) 88
	[0,0] 0
n1085_7[n1125]:
	(1,1) 54
	[0,0] 0
n1085_8[n1135]:
	(1,1) 43
	[0,0] 0
n599_1[N4028]:
	(1,1) 2
	[0,0] 0
n599_2[n935]:
	(1,1) 60
	[0,0] 0
n599_3[n1575]:
	(1,1) ∞
	[0,0] ∞
n810_1[n809]:
	(1,1) 17
	[0,0] 0
n810_2[n1495]:
	(1,1) 24
	[0,0] 0
n810_3[n1523]:
	(1,1) 20
	[0,0] 0
n810_4[n1537]:
	(1,1) 13
	[0,0] 0
n810_5[n1560]:
	(1,1) 8
	[0,0] 0
n810_6[n1589]:
	(1,1) 23
	[0,0] 0
n1107_1[n583]:
	(1,1) 44
	[0,0] 0
n1107_2[n1007]:
	(1,1) 28
	[0,0] 0
n1107_3[n1631]:
	(1,1) ∞
	[0,0] ∞
n1649_1[n1648]:
	(1,1) ∞
	[0,0] ∞
n1649_2[n1018]:
	(1,1) 12
	[0,0] 0
n793_1[n792]:
	(1,1) 27
	[0,0] 0
n793_2[n807]:
	(1,1) 28
	[0,0] 0
n793_3[n819]:
	(1,1) 27
	[0,0] 0
n1653_1[n1652]:
	(1,1) ∞
	[0,0] ∞
n1653_2[n1021]:
	(1,1) 28
	[0,0] 0
n748_1[n747]:
	(1,1) 17
	[0,0] 0
n748_2[n1532]:
	(1,1) 23
	[0,0] 0
n748_3[n1577]:
	(1,1) 20
	[0,0] 0
n1668_1[n1031]:
	(1,1) 7
	[0,0] 0
n1668_2[n1669]:
	(1,1) ∞
	[0,0] ∞

-----------------------------------
Sum of T(sa0)s: ∞
Sum of T(sa1)s: ∞
Testability index: ∞