0:
	(1,1) ∞
	[0,0] ∞
1:
	(1,1) 6
	[0,0] 1
x:
	(1,1) ∞
	[0,0] ∞
n0:
	(1,1) 20
	[0,0] 2
n1:
	(1,1) 33
	[0,0] 2
n299:
	(10,10) 323
	[1,0] 33
n3[1]+1:
	(2,2) 325
	[0,0] 34
n3[1]+2:
	(2,2) 295
	[0,0] 31
n3[1]+3:
	(4,28) 293
	[1,3] 30
n3[1]:
	(7,3) 290
	[1,0] 30
n3[0]+1:
	(2,2) 330
	[0,0] 34
n3[0]+2:
	(2,2) 300
	[0,0] 31
n3[0]+3:
	(4,28) 298
	[1,3] 30
n3[0]:
	(7,3) 295
	[1,0] 30
n3[2]+1:
	(2,2) 325
	[0,0] 34
n3[2]+2:
	(2,2) 295
	[0,0] 31
n3[2]+3:
	(4,28) 293
	[1,3] 30
n3[2]:
	(7,3) 290
	[1,0] 30
n3[3]+1:
	(2,2) 315
	[0,0] 34
n3[3]+2:
	(2,2) 285
	[0,0] 31
n3[3]+3:
	(4,28) 283
	[1,3] 30
n3[3]:
	(7,3) 280
	[1,0] 30
n298:
	(9,24) 302
	[0,2] 31
n2+1:
	(2,2) 20
	[0,0] 2
n2+2:
	(2,2) 5
	[0,0] 1
n2+3:
	(4,13) 3
	[1,1] 0
n2:
	(7,3) 0
	[1,0] 0
n297:
	(10,24) 297
	[0,2] 31
n296:
	(10,24) 297
	[0,2] 31
n295:
	(10,24) 287
	[0,2] 31
n4[1]+1:
	(2,2) 178
	[0,0] 8
n4[1]+2:
	(2,2) 139
	[0,0] 5
n4[1]+3:
	(4,37) 137
	[1,3] 4
n4[1]:
	(7,3) 134
	[1,0] 4
n4[25]+1:
	(2,2) 285
	[0,0] 8
n4[25]+2:
	(2,2) 247
	[0,0] 5
n4[25]+3:
	(4,36) 245
	[1,3] 4
n4[25]:
	(7,3) 242
	[1,0] 4
n4[26]+1:
	(2,2) 286
	[0,0] 8
n4[26]+2:
	(2,2) 247
	[0,0] 5
n4[26]+3:
	(4,37) 245
	[1,3] 4
n4[26]:
	(7,3) 242
	[1,0] 4
n4[27]+1:
	(2,2) 285
	[0,0] 8
n4[27]+2:
	(2,2) 247
	[0,0] 5
n4[27]+3:
	(4,36) 245
	[1,3] 4
n4[27]:
	(7,3) 242
	[1,0] 4
n4[28]+1:
	(2,2) 286
	[0,0] 8
n4[28]+2:
	(2,2) 247
	[0,0] 5
n4[28]+3:
	(4,37) 245
	[1,3] 4
n4[28]:
	(7,3) 242
	[1,0] 4
n4[29]+1:
	(2,2) 285
	[0,0] 8
n4[29]+2:
	(2,2) 247
	[0,0] 5
n4[29]+3:
	(4,36) 245
	[1,3] 4
n4[29]:
	(7,3) 242
	[1,0] 4
n4[30]+1:
	(2,2) 286
	[0,0] 8
n4[30]+2:
	(2,2) 247
	[0,0] 5
n4[30]+3:
	(4,37) 245
	[1,3] 4
n4[30]:
	(7,3) 242
	[1,0] 4
n4[8]+1:
	(2,2) 286
	[0,0] 8
n4[8]+2:
	(2,2) 247
	[0,0] 5
n4[8]+3:
	(4,37) 245
	[1,3] 4
n4[8]:
	(7,3) 242
	[1,0] 4
n4[31]+1:
	(2,2) 88
	[0,0] 6
n4[31]+2:
	(2,2) 50
	[0,0] 3
n4[31]+3:
	(4,36) 48
	[1,3] 2
n4[31]:
	(7,3) 45
	[1,0] 2
n4[24]+1:
	(2,2) 286
	[0,0] 8
n4[24]+2:
	(2,2) 247
	[0,0] 5
n4[24]+3:
	(4,37) 245
	[1,3] 4
n4[24]:
	(7,3) 242
	[1,0] 4
n4[23]+1:
	(2,2) 285
	[0,0] 8
n4[23]+2:
	(2,2) 247
	[0,0] 5
n4[23]+3:
	(4,36) 245
	[1,3] 4
n4[23]:
	(7,3) 242
	[1,0] 4
n4[2]+1:
	(2,2) 182
	[0,0] 8
n4[2]+2:
	(2,2) 143
	[0,0] 5
n4[2]+3:
	(4,37) 141
	[1,3] 4
n4[2]:
	(7,3) 138
	[1,0] 4
n4[3]+1:
	(2,2) 177
	[0,0] 8
n4[3]+2:
	(2,2) 139
	[0,0] 5
n4[3]+3:
	(4,36) 137
	[1,3] 4
n4[3]:
	(7,3) 134
	[1,0] 4
n4[4]+1:
	(2,2) 182
	[0,0] 8
n4[4]+2:
	(2,2) 143
	[0,0] 5
n4[4]+3:
	(4,37) 141
	[1,3] 4
n4[4]:
	(7,3) 138
	[1,0] 4
n4[5]+1:
	(2,2) 177
	[0,0] 8
n4[5]+2:
	(2,2) 139
	[0,0] 5
n4[5]+3:
	(4,36) 137
	[1,3] 4
n4[5]:
	(7,3) 134
	[1,0] 4
n4[6]+1:
	(2,2) 182
	[0,0] 8
n4[6]+2:
	(2,2) 143
	[0,0] 5
n4[6]+3:
	(4,37) 141
	[1,3] 4
n4[6]:
	(7,3) 138
	[1,0] 4
n4[7]+1:
	(2,2) 177
	[0,0] 8
n4[7]+2:
	(2,2) 139
	[0,0] 5
n4[7]+3:
	(4,36) 137
	[1,3] 4
n4[7]:
	(7,3) 134
	[1,0] 4
n4[0]+1:
	(2,2) 174
	[0,0] 8
n4[0]+2:
	(2,2) 143
	[0,0] 5
n4[0]+3:
	(4,29) 141
	[1,3] 4
n4[0]:
	(7,3) 138
	[1,0] 4
n4[18]+1:
	(2,2) 286
	[0,0] 8
n4[18]+2:
	(2,2) 247
	[0,0] 5
n4[18]+3:
	(4,37) 245
	[1,3] 4
n4[18]:
	(7,3) 242
	[1,0] 4
n4[10]+1:
	(2,2) 286
	[0,0] 8
n4[10]+2:
	(2,2) 247
	[0,0] 5
n4[10]+3:
	(4,37) 245
	[1,3] 4
n4[10]:
	(7,3) 242
	[1,0] 4
n4[11]+1:
	(2,2) 285
	[0,0] 8
n4[11]+2:
	(2,2) 247
	[0,0] 5
n4[11]+3:
	(4,36) 245
	[1,3] 4
n4[11]:
	(7,3) 242
	[1,0] 4
n4[12]+1:
	(2,2) 286
	[0,0] 8
n4[12]+2:
	(2,2) 247
	[0,0] 5
n4[12]+3:
	(4,37) 245
	[1,3] 4
n4[12]:
	(7,3) 242
	[1,0] 4
n4[13]+1:
	(2,2) 285
	[0,0] 8
n4[13]+2:
	(2,2) 247
	[0,0] 5
n4[13]+3:
	(4,36) 245
	[1,3] 4
n4[13]:
	(7,3) 242
	[1,0] 4
n4[14]+1:
	(2,2) 286
	[0,0] 8
n4[14]+2:
	(2,2) 247
	[0,0] 5
n4[14]+3:
	(4,37) 245
	[1,3] 4
n4[14]:
	(7,3) 242
	[1,0] 4
n4[15]+1:
	(2,2) 285
	[0,0] 8
n4[15]+2:
	(2,2) 247
	[0,0] 5
n4[15]+3:
	(4,36) 245
	[1,3] 4
n4[15]:
	(7,3) 242
	[1,0] 4
n4[16]+1:
	(2,2) 286
	[0,0] 8
n4[16]+2:
	(2,2) 247
	[0,0] 5
n4[16]+3:
	(4,37) 245
	[1,3] 4
n4[16]:
	(7,3) 242
	[1,0] 4
n4[17]+1:
	(2,2) 285
	[0,0] 8
n4[17]+2:
	(2,2) 247
	[0,0] 5
n4[17]+3:
	(4,36) 245
	[1,3] 4
n4[17]:
	(7,3) 242
	[1,0] 4
n4[9]+1:
	(2,2) 285
	[0,0] 8
n4[9]+2:
	(2,2) 247
	[0,0] 5
n4[9]+3:
	(4,36) 245
	[1,3] 4
n4[9]:
	(7,3) 242
	[1,0] 4
n4[19]+1:
	(2,2) 285
	[0,0] 8
n4[19]+2:
	(2,2) 247
	[0,0] 5
n4[19]+3:
	(4,36) 245
	[1,3] 4
n4[19]:
	(7,3) 242
	[1,0] 4
n4[20]+1:
	(2,2) 286
	[0,0] 8
n4[20]+2:
	(2,2) 247
	[0,0] 5
n4[20]+3:
	(4,37) 245
	[1,3] 4
n4[20]:
	(7,3) 242
	[1,0] 4
n4[21]+1:
	(2,2) 285
	[0,0] 8
n4[21]+2:
	(2,2) 247
	[0,0] 5
n4[21]+3:
	(4,36) 245
	[1,3] 4
n4[21]:
	(7,3) 242
	[1,0] 4
n4[22]+1:
	(2,2) 286
	[0,0] 8
n4[22]+2:
	(2,2) 247
	[0,0] 5
n4[22]+3:
	(4,37) 245
	[1,3] 4
n4[22]:
	(7,3) 242
	[1,0] 4
n294:
	(5,42) 302
	[0,3] 31
n293:
	(5,42) 302
	[0,3] 31
n292:
	(5,41) 292
	[0,3] 31
n291:
	(4,34) 307
	[0,3] 31
n290:
	(15,9) 7
	[1,0] 1
n288:
	(5,32) 249
	[0,2] 5
n287:
	(5,33) 145
	[0,2] 5
n286:
	(4,23) 303
	[0,2] 31
n285:
	(4,23) 303
	[0,2] 31
n284:
	(4,23) 293
	[0,2] 31
n283:
	(5,33) 249
	[0,2] 5
n282:
	(5,32) 249
	[0,2] 5
n281:
	(5,32) 249
	[0,2] 5
n280:
	(5,33) 249
	[0,2] 5
n279:
	(4,23) 307
	[0,2] 31
n278:
	(5,33) 249
	[0,2] 5
n277:
	(5,32) 249
	[0,2] 5
n276:
	(5,33) 249
	[0,2] 5
n275:
	(5,32) 52
	[0,2] 3
n274:
	(5,23) 17
	[0,1] 2
n273:
	(5,33) 141
	[0,2] 5
n272:
	(5,33) 145
	[0,2] 5
n271:
	(5,32) 141
	[0,2] 5
n337+1:
	(2,2) 357
	[0,0] 36
n337+2:
	(2,2) 314
	[0,0] 33
n337+3:
	(4,41) 312
	[1,3] 32
n337:
	(7,3) 309
	[1,0] 32
n289:
	(26,4) 307
	[2,0] 32
n270:
	(5,32) 141
	[0,2] 5
n269:
	(5,33) 145
	[0,2] 5
n268:
	(5,33) 249
	[0,2] 5
n267:
	(5,32) 249
	[0,2] 5
n266:
	(5,32) 141
	[0,2] 5
n265:
	(5,33) 249
	[0,2] 5
n264:
	(5,32) 249
	[0,2] 5
n263:
	(5,33) 249
	[0,2] 5
n262:
	(5,32) 249
	[0,2] 5
n261:
	(5,33) 249
	[0,2] 5
n260:
	(5,32) 249
	[0,2] 5
n259:
	(5,33) 249
	[0,2] 5
n258:
	(5,32) 249
	[0,2] 5
n257:
	(5,33) 249
	[0,2] 5
n256:
	(5,32) 249
	[0,2] 5
n255:
	(5,33) 249
	[0,2] 5
n254:
	(5,32) 249
	[0,2] 5
n253:
	(5,33) 249
	[0,2] 5
n252:
	(9,8) 13
	[1,0] 1
n251:
	(4,25) 145
	[0,2] 5
n250:
	(15,3) 318
	[1,0] 33
n249:
	(3,37) 316
	[0,2] 33
n247:
	(17,4) 23
	[1,0] 2
n248:
	(18,3) 298
	[2,0] 31
n246:
	(3,16) 18
	[0,1] 1
n245:
	(10,2) 24
	[1,0] 1
n244:
	(26,6) 327
	[1,0] 34
n243:
	(5,25) 29
	[0,1] 2
n242:
	(14,18) 267
	[1,0] 6
n241:
	(4,8) 17
	[0,1] 1
n240:
	(4,8) 312
	[0,1] 33
n239:
	(4,8) 329
	[0,1] 34
n238:
	(4,8) 322
	[0,1] 33
n237:
	(4,8) 322
	[0,1] 33
n236:
	(4,8) 326
	[0,1] 33
n235:
	(14,18) 267
	[1,0] 6
n234:
	(14,18) 267
	[1,0] 6
n233:
	(14,18) 267
	[1,0] 6
n232:
	(14,18) 267
	[1,0] 6
n231:
	(14,18) 267
	[1,0] 6
n230:
	(15,20) 267
	[1,0] 6
n229:
	(15,20) 267
	[1,0] 6
n228:
	(15,20) 267
	[1,0] 6
n227:
	(15,20) 267
	[1,0] 6
n226:
	(15,19) 267
	[1,0] 6
n225:
	(14,18) 159
	[1,0] 6
n224:
	(15,20) 267
	[1,0] 6
n223:
	(15,20) 267
	[1,0] 6
n222:
	(14,18) 267
	[1,0] 6
n221:
	(14,18) 267
	[1,0] 6
n220:
	(15,19) 267
	[1,0] 6
n219:
	(15,17) 163
	[1,0] 6
n218:
	(15,17) 329
	[1,0] 33
n217:
	(15,19) 163
	[1,0] 6
n216:
	(14,18) 267
	[1,0] 6
n215:
	(15,11) 329
	[1,0] 33
n214:
	(14,18) 267
	[1,0] 6
n213:
	(14,18) 159
	[1,0] 6
n212:
	(15,19) 267
	[1,0] 6
n211:
	(14,18) 267
	[1,0] 6
n210:
	(15,20) 267
	[1,0] 6
n209:
	(15,11) 159
	[1,0] 6
n208:
	(15,20) 163
	[1,0] 6
n207:
	(14,18) 319
	[1,0] 33
n206:
	(14,18) 159
	[1,0] 6
n205:
	(15,19) 267
	[1,0] 6
n204:
	(14,18) 70
	[1,0] 4
n203:
	(15,19) 267
	[1,0] 6
n202:
	(5,17) 35
	[0,1] 3
n326:
	(17,13) 71
	[0,1] 4
n325:
	(18,14) 268
	[0,1] 6
n114:
	(9,170) 75
	[1,0] 4
n113:
	(4,17) 278
	[0,2] 7
n331:
	(17,13) 268
	[0,1] 6
n112:
	(165,10) 80
	[0,1] 4
n111:
	(9,164) 81
	[1,0] 4
n330:
	(18,14) 268
	[0,1] 6
n110:
	(159,10) 86
	[0,1] 4
n109:
	(9,158) 87
	[1,0] 4
n108:
	(4,17) 278
	[0,2] 7
n329:
	(17,13) 268
	[0,1] 6
n107:
	(153,10) 92
	[0,1] 4
n106:
	(9,152) 93
	[1,0] 4
n328:
	(19,14) 268
	[0,1] 6
n324:
	(17,13) 268
	[0,1] 6
n105:
	(147,10) 98
	[0,1] 4
n104:
	(9,146) 99
	[1,0] 4
n103:
	(4,18) 278
	[0,2] 7
n323:
	(18,14) 268
	[0,1] 6
n102:
	(9,135) 272
	[1,0] 6
n101:
	(141,11) 104
	[0,1] 4
n100:
	(10,140) 105
	[1,0] 4
n99:
	(4,17) 278
	[0,2] 7
n322:
	(17,13) 268
	[0,1] 6
n98:
	(130,10) 115
	[0,1] 4
n97:
	(9,129) 116
	[1,0] 4
n321:
	(19,14) 268
	[0,1] 6
n320:
	(17,13) 268
	[0,1] 6
n318:
	(17,13) 268
	[0,1] 6
n96:
	(124,10) 121
	[0,1] 4
n95:
	(9,123) 122
	[1,0] 4
n94:
	(4,18) 278
	[0,2] 7
n319:
	(19,14) 268
	[0,1] 6
n317:
	(19,14) 268
	[0,1] 6
n316:
	(17,13) 268
	[0,1] 6
n93:
	(9,112) 272
	[1,0] 6
n92:
	(9,102) 272
	[1,0] 6
n91:
	(118,11) 127
	[0,1] 4
n90:
	(10,117) 128
	[1,0] 4
n89:
	(4,18) 278
	[0,2] 7
n88:
	(4,18) 278
	[0,2] 7
n315:
	(18,14) 268
	[0,1] 6
n87:
	(9,91) 272
	[1,0] 6
n86:
	(97,11) 277
	[0,1] 6
n85:
	(10,96) 278
	[1,0] 6
n84:
	(107,11) 138
	[0,1] 4
n83:
	(10,106) 139
	[1,0] 4
n82:
	(4,17) 278
	[0,2] 7
n314:
	(17,13) 268
	[0,1] 6
n81:
	(86,10) 159
	[0,1] 4
n80:
	(9,85) 160
	[1,0] 4
n313:
	(19,14) 268
	[0,1] 6
n312:
	(17,13) 268
	[0,1] 6
n310:
	(17,13) 268
	[0,1] 6
n79:
	(80,9) 165
	[0,1] 4
n78:
	(9,80) 272
	[1,0] 6
n77:
	(4,18) 278
	[0,2] 7
n311:
	(19,14) 268
	[0,1] 6
n309:
	(19,14) 268
	[0,1] 6
n308:
	(17,13) 268
	[0,1] 6
n76:
	(9,69) 272
	[1,0] 6
n75:
	(9,59) 272
	[1,0] 6
n74:
	(75,11) 170
	[0,1] 4
n73:
	(10,74) 171
	[1,0] 4
n72:
	(4,18) 278
	[0,2] 7
n71:
	(4,18) 278
	[0,2] 7
n307:
	(18,14) 268
	[0,1] 6
n70:
	(9,48) 272
	[1,0] 6
n69:
	(64,11) 181
	[0,1] 4
n68:
	(10,63) 182
	[1,0] 4
n67:
	(54,11) 277
	[0,1] 6
n66:
	(10,53) 278
	[1,0] 6
n65:
	(4,17) 278
	[0,2] 7
n306:
	(17,13) 160
	[0,1] 6
n64:
	(43,10) 202
	[0,1] 4
n63:
	(9,42) 203
	[1,0] 4
n305:
	(19,14) 164
	[0,1] 6
n304:
	(17,13) 160
	[0,1] 6
n62:
	(9,37) 164
	[1,0] 6
n61:
	(37,9) 208
	[0,1] 4
n60:
	(4,18) 174
	[0,2] 7
n303:
	(18,14) 164
	[0,1] 6
n59:
	(9,26) 164
	[1,0] 6
n58:
	(32,11) 169
	[0,1] 4
n57:
	(10,31) 170
	[1,0] 4
n56:
	(4,17) 174
	[0,2] 7
n302:
	(17,13) 160
	[0,1] 6
n55:
	(19,9) 226
	[0,1] 4
n54:
	(19,9) 226
	[0,1] 4
n53:
	(21,10) 169
	[0,1] 4
n52:
	(9,20) 170
	[1,0] 4
n301:
	(16,14) 164
	[0,1] 6
n51:
	(14,9) 231
	[0,1] 4
n50:
	(9,15) 164
	[1,0] 6
n49:
	(15,9) 175
	[0,1] 4
n48:
	(14,9) 231
	[0,1] 4
n47:
	(4,17) 174
	[0,2] 7
n300:
	(10,14) 160
	[0,1] 6
n46:
	(9,9) 236
	[0,1] 4
n45:
	(9,9) 236
	[0,1] 4
n44:
	(9,9) 236
	[0,1] 4
n43:
	(9,9) 236
	[0,1] 4
n42:
	(9,9) 236
	[0,1] 4
n41:
	(9,9) 192
	[0,1] 4
n40:
	(10,10) 169
	[0,1] 4
n39:
	(9,9) 165
	[1,0] 4
n38:
	(4,15) 170
	[0,2] 7
n37:
	(4,8) 241
	[0,1] 4
n36:
	(4,8) 241
	[0,1] 4
n35:
	(4,8) 241
	[0,1] 4
n34:
	(4,8) 170
	[0,1] 4
n33:
	(4,8) 241
	[0,1] 4
n32:
	(4,8) 175
	[0,1] 4
n31:
	(4,8) 241
	[0,1] 4
n30:
	(4,8) 241
	[0,1] 4
n29:
	(4,8) 197
	[0,1] 4
n28:
	(4,8) 241
	[0,1] 4
n27:
	(4,8) 197
	[0,1] 4
n26:
	(4,8) 241
	[0,1] 4
n25:
	(4,8) 241
	[0,1] 4
n24:
	(4,8) 241
	[0,1] 4
n23:
	(4,8) 241
	[0,1] 4
n22:
	(4,8) 241
	[0,1] 4
n21:
	(4,8) 170
	[0,1] 4
n20:
	(4,8) 241
	[0,1] 4
n19:
	(4,8) 241
	[0,1] 4
n18:
	(4,8) 241
	[0,1] 4
n17:
	(4,8) 241
	[0,1] 4
n16:
	(4,8) 241
	[0,1] 4
n15:
	(4,8) 241
	[0,1] 4
n14:
	(4,8) 241
	[0,1] 4
n13:
	(4,8) 241
	[0,1] 4
n12:
	(4,8) 186
	[0,1] 4
n11:
	(4,8) 241
	[0,1] 4
n10:
	(4,8) 241
	[0,1] 4
n9:
	(4,8) 241
	[0,1] 4
n8:
	(4,8) 241
	[0,1] 4
n7:
	(4,8) 186
	[0,1] 4
n334:
	(17,13) 320
	[0,1] 33
n333:
	(16,14) 330
	[0,1] 33
n122:
	(9,15) 324
	[1,0] 33
n121:
	(4,17) 340
	[0,2] 34
n332:
	(10,14) 330
	[0,1] 33
n120:
	(10,10) 329
	[0,1] 33
n119:
	(9,9) 330
	[1,0] 33
n118:
	(4,15) 340
	[0,2] 34
n117:
	(4,8) 335
	[0,1] 33
n116:
	(4,8) 335
	[0,1] 33
n115:
	(4,8) 335
	[0,1] 33
n152:
	(7,225) 47
	[0,28] 3
n151:
	(161,6) 111
	[20,0] 11
n150:
	(33,5) 239
	[4,0] 27
n149:
	(127,7) 145
	[16,0] 15
n148:
	(63,6) 209
	[8,0] 23
n147:
	(63,6) 209
	[8,0] 23
n146:
	(63,6) 209
	[8,0] 23
n145:
	(17,4) 255
	[2,0] 29
n144:
	(9,9) 263
	[1,0] 30
n143:
	(31,5) 241
	[4,0] 27
n142:
	(31,5) 241
	[4,0] 27
n141:
	(31,5) 241
	[4,0] 27
n140:
	(31,5) 241
	[4,0] 27
n139:
	(31,5) 241
	[4,0] 27
n138:
	(31,5) 241
	[4,0] 27
n137:
	(15,4) 257
	[2,0] 29
n136:
	(15,4) 257
	[2,0] 29
n135:
	(15,4) 257
	[2,0] 29
n134:
	(15,4) 257
	[2,0] 29
n133:
	(15,4) 257
	[2,0] 29
n132:
	(15,4) 257
	[2,0] 29
n131:
	(15,4) 257
	[2,0] 29
n130:
	(4,15) 268
	[0,2] 30
n129:
	(15,4) 257
	[2,0] 29
n128:
	(15,4) 257
	[2,0] 29
n127:
	(15,4) 257
	[2,0] 29
n126:
	(15,4) 257
	[2,0] 29
n125:
	(15,4) 257
	[2,0] 29
n124:
	(15,4) 257
	[2,0] 29
n123:
	(4,8) 268
	[0,1] 30
n335:
	(9,9) 324
	[0,1] 33
n154:
	(4,15) 329
	[0,2] 33
n153:
	(4,8) 329
	[0,1] 33
n336:
	(16,4) 36
	[1,0] 2
n201:
	(8,235) 44
	[0,27] 3
n200:
	(220,7) 59
	[27,0] 3
n199:
	(156,6) 123
	[19,0] 11
n198:
	(100,6) 179
	[12,0] 18
n197:
	(14,23) 265
	[0,1] 30
n196:
	(68,6) 211
	[8,0] 22
n195:
	(63,5) 216
	[8,0] 22
n194:
	(13,14) 275
	[1,0] 30
n193:
	(55,5) 224
	[7,0] 23
n192:
	(47,4) 232
	[6,0] 24
n191:
	(9,13) 280
	[0,1] 30
n190:
	(63,6) 216
	[8,0] 22
n189:
	(39,4) 240
	[5,0] 25
n188:
	(4,17) 285
	[0,1] 30
n187:
	(39,4) 240
	[5,0] 25
n186:
	(9,9) 293
	[0,1] 31
n185:
	(31,5) 248
	[4,0] 26
n184:
	(31,5) 248
	[4,0] 26
n183:
	(31,5) 248
	[4,0] 26
n182:
	(31,5) 248
	[4,0] 26
n181:
	(31,5) 248
	[4,0] 26
n180:
	(9,13) 279
	[0,1] 31
n179:
	(15,4) 264
	[2,0] 28
n178:
	(4,12) 298
	[0,1] 31
n177:
	(4,12) 284
	[0,1] 31
n176:
	(4,12) 285
	[0,1] 30
n175:
	(4,12) 285
	[0,1] 30
n174:
	(4,12) 275
	[0,1] 30
n173:
	(15,4) 264
	[2,0] 28
n172:
	(15,4) 264
	[2,0] 28
n171:
	(4,12) 284
	[0,1] 31
n170:
	(15,4) 264
	[2,0] 28
n169:
	(15,4) 264
	[2,0] 28
n168:
	(15,4) 264
	[2,0] 28
n167:
	(15,4) 264
	[2,0] 28
n166:
	(15,4) 264
	[2,0] 28
n165:
	(15,4) 264
	[2,0] 28
n164:
	(15,4) 264
	[2,0] 28
n163:
	(15,4) 264
	[2,0] 28
n162:
	(15,4) 264
	[2,0] 28
n161:
	(4,8) 298
	[0,1] 31
n160:
	(4,8) 292
	[0,1] 32
n159:
	(4,8) 306
	[0,1] 32
n158:
	(4,8) 293
	[0,1] 31
n157:
	(4,8) 292
	[0,1] 32
n156:
	(4,8) 293
	[0,1] 31
n155:
	(4,8) 283
	[0,1] 31
n327:
	(8,226) 46
	[0,28] 3
n6+1:
	(3,3) 146
	[0,0] 11
n6+2:
	(2,2) 32
	[0,0] 2
n6+3:
	(5,112) 29
	[1,9] 1
n6:
	(8,3) 26
	[1,0] 1
n361:
	(7,107) 34
	[0,8] 2
n360:
	(39,11) 102
	[0,1] 10
n359:
	(67,6) 74
	[8,0] 2
n358:
	(19,10) 122
	[0,1] 10
n357:
	(31,5) 110
	[4,0] 6
n356:
	(35,5) 106
	[4,0] 6
n355:
	(19,11) 122
	[0,1] 10
n5[4]+1:
	(3,3) 149
	[0,0] 11
n5[4]+2:
	(2,2) 139
	[0,0] 10
n5[4]+3:
	(5,8) 136
	[1,1] 9
n5[4]:
	(8,3) 133
	[1,0] 9
n5[1]+1:
	(3,3) 154
	[0,0] 12
n5[1]+2:
	(2,2) 144
	[0,0] 11
n5[1]+3:
	(5,8) 141
	[1,1] 10
n5[1]:
	(8,3) 138
	[1,0] 10
n5[2]+1:
	(3,3) 149
	[0,0] 11
n5[2]+2:
	(2,2) 139
	[0,0] 10
n5[2]+3:
	(5,8) 136
	[1,1] 9
n5[2]:
	(8,3) 133
	[1,0] 9
n5[3]+1:
	(3,3) 154
	[0,0] 12
n5[3]+2:
	(2,2) 144
	[0,0] 11
n5[3]+3:
	(5,8) 141
	[1,1] 10
n5[3]:
	(8,3) 138
	[1,0] 10
n5[0]+1:
	(3,3) 149
	[0,0] 11
n5[0]+2:
	(2,2) 139
	[0,0] 10
n5[0]+3:
	(5,8) 136
	[1,1] 9
n5[0]:
	(8,3) 133
	[1,0] 9
n5[5]+1:
	(3,3) 154
	[0,0] 12
n5[5]+2:
	(2,2) 144
	[0,0] 11
n5[5]+3:
	(5,8) 141
	[1,1] 10
n5[5]:
	(8,3) 138
	[1,0] 10
n5[7]+1:
	(3,3) 154
	[0,0] 12
n5[7]+2:
	(2,2) 144
	[0,0] 11
n5[7]+3:
	(5,8) 141
	[1,1] 10
n5[7]:
	(8,3) 138
	[1,0] 10
n5[6]+1:
	(3,3) 149
	[0,0] 11
n5[6]+2:
	(2,2) 139
	[0,0] 10
n5[6]+3:
	(5,8) 136
	[1,1] 9
n5[6]:
	(8,3) 133
	[1,0] 9
n354:
	(15,4) 126
	[2,0] 8
n353:
	(9,9) 132
	[0,1] 10
n352:
	(9,9) 132
	[0,1] 10
n351:
	(9,10) 132
	[0,1] 10
n350:
	(9,10) 132
	[0,1] 10
n349:
	(15,4) 126
	[2,0] 8
n348:
	(17,4) 124
	[2,0] 8
n347:
	(17,4) 124
	[2,0] 8
n346:
	(4,9) 137
	[0,1] 10
n345:
	(4,9) 137
	[0,1] 10
n344:
	(4,9) 137
	[0,1] 10
n343:
	(4,9) 137
	[0,1] 10
n342:
	(4,8) 137
	[0,1] 10
n341:
	(4,8) 137
	[0,1] 10
n340:
	(4,8) 137
	[0,1] 10
n339:
	(4,8) 137
	[0,1] 10
n338:
	(2,2) 147
	[0,0] 11

-----------------------------------
Sum of T(sa0)s: ∞
Sum of T(sa1)s: ∞
Testability index: ∞