0:
	(1,1) ∞
	[0,0] ∞
1:
	(1,1) 0
	[0,0] 0
x:
	(1,1) ∞
	[0,0] ∞
N1:
	(1,1) 2
	[0,0] 0
N4:
	(1,1) 34
	[0,0] 0
N11:
	(1,1) 15
	[0,0] 0
N14:
	(1,1) 15
	[0,0] 0
N17:
	(1,1) 16
	[0,0] 0
N20:
	(1,1) 16
	[0,0] 0
N23:
	(1,1) 18
	[0,0] 0
N24:
	(1,1) 17
	[0,0] 0
N25:
	(1,1) 18
	[0,0] 0
N26:
	(1,1) 17
	[0,0] 0
N27:
	(1,1) 4
	[0,0] 0
N31:
	(1,1) 4
	[0,0] 0
N34:
	(1,1) ∞
	[0,0] ∞
N37:
	(1,1) 16
	[0,0] 0
N40:
	(1,1) 16
	[0,0] 0
N43:
	(1,1) 15
	[0,0] 0
N46:
	(1,1) 15
	[0,0] 0
N49:
	(1,1) 16
	[0,0] 0
N52:
	(1,1) 26
	[0,0] 0
N53:
	(1,1) 27
	[0,0] 0
N54:
	(1,1) 33
	[0,0] 0
N61:
	(1,1) 16
	[0,0] 0
N64:
	(1,1) 16
	[0,0] 0
N67:
	(1,1) 15
	[0,0] 0
N70:
	(1,1) 16
	[0,0] 0
N73:
	(1,1) 15
	[0,0] 0
N76:
	(1,1) 15
	[0,0] 0
N79:
	(1,1) 17
	[0,0] 0
N80:
	(1,1) 18
	[0,0] 0
N81:
	(1,1) 18
	[0,0] 0
N82:
	(1,1) 17
	[0,0] 0
N83:
	(1,1) ∞
	[0,0] ∞
N86:
	(1,1) ∞
	[0,0] ∞
N87:
	(1,1) ∞
	[0,0] ∞
N88:
	(1,1) ∞
	[0,0] ∞
N91:
	(1,1) 15
	[0,0] 0
N94:
	(1,1) 21
	[0,0] 0
N97:
	(1,1) 22
	[0,0] 0
N100:
	(1,1) 15
	[0,0] 0
N103:
	(1,1) 16
	[0,0] 0
N106:
	(1,1) 16
	[0,0] 0
N109:
	(1,1) 15
	[0,0] 0
N112:
	(1,1) 26
	[0,0] 0
N113:
	(1,1) 27
	[0,0] 0
N114:
	(1,1) 27
	[0,0] 0
N115:
	(1,1) 27
	[0,0] 0
N116:
	(1,1) 26
	[0,0] 0
N117:
	(1,1) 27
	[0,0] 0
N118:
	(1,1) 15
	[0,0] 0
N119:
	(1,1) 26
	[0,0] 0
N120:
	(1,1) 15
	[0,0] 0
N121:
	(1,1) 26
	[0,0] 0
N122:
	(1,1) 27
	[0,0] 0
N123:
	(1,1) 15
	[0,0] 0
N126:
	(1,1) 27
	[0,0] 0
N127:
	(1,1) 27
	[0,0] 0
N128:
	(1,1) 27
	[0,0] 0
N129:
	(1,1) 26
	[0,0] 0
N130:
	(1,1) 26
	[0,0] 0
N131:
	(1,1) 26
	[0,0] 0
N132:
	(1,1) 24
	[0,0] 0
N135:
	(1,1) ∞
	[0,0] ∞
N136:
	(1,1) 2
	[0,0] 0
N137:
	(1,1) 2
	[0,0] 0
N140:
	(1,1) 4
	[0,0] 0
N141:
	(1,1) 1
	[0,0] 0
N145:
	(1,1) 2
	[0,0] 0
N146:
	(1,1) 20
	[0,0] 0
N149:
	(1,1) 19
	[0,0] 0
N152:
	(1,1) 20
	[0,0] 0
N155:
	(1,1) 19
	[0,0] 0
N158:
	(1,1) 20
	[0,0] 0
N161:
	(1,1) 20
	[0,0] 0
N164:
	(1,1) 20
	[0,0] 0
N167:
	(1,1) 20
	[0,0] 0
N170:
	(1,1) 20
	[0,0] 0
N173:
	(1,1) 20
	[0,0] 0
N176:
	(1,1) ∞
	[0,0] ∞
N179:
	(1,1) ∞
	[0,0] ∞
N182:
	(1,1) 19
	[0,0] 0
N185:
	(1,1) 20
	[0,0] 0
N188:
	(1,1) 19
	[0,0] 0
N191:
	(1,1) 19
	[0,0] 0
N194:
	(1,1) 19
	[0,0] 0
N197:
	(1,1) 19
	[0,0] 0
N200:
	(1,1) 19
	[0,0] 0
N203:
	(1,1) 19
	[0,0] 0
N206:
	(1,1) 18
	[0,0] 0
N209:
	(1,1) 30
	[0,0] 0
N210:
	(1,1) 17
	[0,0] 0
N217:
	(1,1) 35
	[0,0] 0
N218:
	(1,1) 17
	[0,0] 0
N225:
	(1,1) 37
	[0,0] 0
N226:
	(1,1) 17
	[0,0] 0
N233:
	(1,1) 37
	[0,0] 0
N234:
	(1,1) 31
	[0,0] 0
N241:
	(1,1) 37
	[0,0] 0
N242:
	(1,1) 23
	[0,0] 0
N245:
	(1,1) 17
	[0,0] 0
N248:
	(1,1) ∞
	[0,0] ∞
N251:
	(1,1) ∞
	[0,0] ∞
N254:
	(1,1) 23
	[0,0] 0
N257:
	(1,1) 22
	[0,0] 0
N264:
	(1,1) 23
	[0,0] 0
N265:
	(1,1) 22
	[0,0] 0
N272:
	(1,1) 23
	[0,0] 0
N273:
	(1,1) 22
	[0,0] 0
N280:
	(1,1) 23
	[0,0] 0
N281:
	(1,1) 22
	[0,0] 0
N288:
	(1,1) 23
	[0,0] 0
N289:
	(1,1) 31
	[0,0] 0
N292:
	(1,1) 36
	[0,0] 0
N293:
	(1,1) 1
	[0,0] 0
N299:
	(1,1) 2
	[0,0] 0
N302:
	(1,1) 17
	[0,0] 0
N307:
	(1,1) 23
	[0,0] 0
N308:
	(1,1) 17
	[0,0] 0
N315:
	(1,1) 23
	[0,0] 0
N316:
	(1,1) 17
	[0,0] 0
N323:
	(1,1) 23
	[0,0] 0
N324:
	(1,1) 36
	[0,0] 0
N331:
	(1,1) 37
	[0,0] 0
N332:
	(1,1) 22
	[0,0] 0
N335:
	(1,1) 23
	[0,0] 0
N338:
	(1,1) 36
	[0,0] 0
N341:
	(1,1) 27
	[0,0] 0
N348:
	(1,1) 37
	[0,0] 0
N351:
	(1,1) 27
	[0,0] 0
N358:
	(1,1) 37
	[0,0] 0
N361:
	(1,1) 27
	[0,0] 0
N366:
	(1,1) 37
	[0,0] 0
N369:
	(1,1) 27
	[0,0] 0
N372:
	(1,1) 36
	[0,0] 0
N373:
	(1,1) ∞
	[0,0] ∞
N374:
	(1,1) 35
	[0,0] 0
N386:
	(1,1) 17
	[0,0] 0
N389:
	(1,1) 35
	[0,0] 0
N400:
	(1,1) 35
	[0,0] 0
N411:
	(1,1) 35
	[0,0] 0
N422:
	(1,1) 35
	[0,0] 0
N435:
	(1,1) 35
	[0,0] 0
N446:
	(1,1) 27
	[0,0] 0
N457:
	(1,1) 32
	[0,0] 0
N468:
	(1,1) 35
	[0,0] 0
N479:
	(1,1) 27
	[0,0] 0
N490:
	(1,1) 33
	[0,0] 0
N503:
	(1,1) 34
	[0,0] 0
N514:
	(1,1) 30
	[0,0] 0
N523:
	(1,1) 34
	[0,0] 0
N534:
	(1,1) 34
	[0,0] 0
N545:
	(1,1) ∞
	[0,0] ∞
N549:
	(1,1) 2
	[0,0] 0
N552:
	(1,1) 2
	[0,0] 0
N556:
	(1,1) 17
	[0,0] 0
N559:
	(1,1) 17
	[0,0] 0
N562:
	(1,1) 2
	[0,0] 0
N566:
	(1,1) 38
	[0,0] 0
N571:
	(1,1) 20
	[0,0] 0
N574:
	(1,1) 19
	[0,0] 0
N577:
	(1,1) 20
	[0,0] 0
N580:
	(1,1) 19
	[0,0] 0
N583:
	(1,1) 34
	[0,0] 0
N588:
	(1,1) 16
	[0,0] 0
N591:
	(1,1) ∞
	[0,0] ∞
N592:
	(1,1) 1
	[0,0] 0
N595:
	(1,1) ∞
	[0,0] ∞
N596:
	(1,1) ∞
	[0,0] ∞
N597:
	(1,1) ∞
	[0,0] ∞
N598:
	(1,1) ∞
	[0,0] ∞
N599:
	(1,1) 15
	[0,0] 0
N603:
	(1,1) 18
	[0,0] 0
N607:
	(1,1) 15
	[0,0] 0
N610:
	(1,1) 16
	[0,0] 0
N613:
	(1,1) 16
	[0,0] 0
N616:
	(1,1) 15
	[0,0] 0
N619:
	(1,1) 14
	[0,0] 0
N625:
	(1,1) 14
	[0,0] 0
N631:
	(1,1) ∞
	[0,0] ∞
N709:
	(2,2) 0
	[0,0] 0
N816:
	(2,2) 0
	[0,0] 0
N1042:
	(2,3) ∞
	[0,0] ∞
N1043:
	(1,1) ∞
	[0,0] ∞
N1066:
	(2,2) 0
	[0,0] 0
N1067:
	(1,1) 30
	[0,0] 0
N1080:
	(1,1) 35
	[0,0] 0
N1092:
	(1,1) ∞
	[0,0] ∞
N1104:
	(1,1) ∞
	[0,0] ∞
N1137:
	(1,1) 0
	[0,0] 0
N1138:
	(1,1) 0
	[0,0] 0
N1139:
	(1,1) 0
	[0,0] 0
N1140:
	(2,3) 0
	[0,0] 0
N1141:
	(1,1) 0
	[0,0] 0
N1142:
	(1,1) 0
	[0,0] 0
N1143:
	(1,1) 0
	[0,0] 0
N1144:
	(1,1) 0
	[0,0] 0
N1145:
	(1,1) 0
	[0,0] 0
N1146:
	(3,2) ∞
	[0,0] ∞
N1147:
	(2,3) 0
	[0,0] 0
N1148:
	(1,1) 2
	[0,0] 0
N1149:
	(1,1) 8
	[0,0] 0
N1150:
	(2,3) ∞
	[0,0] ∞
N1151:
	(2,3) ∞
	[0,0] ∞
N1152:
	(1,1) 0
	[0,0] 0
N1153:
	(1,1) 0
	[0,0] 0
N1154:
	(1,1) 0
	[0,0] 0
N1155:
	(1,1) 0
	[0,0] 0
N1156+1:
	(2,3) 15
	[0,0] 0
N1156+2:
	(2,3) 15
	[0,0] 0
N1156:
	(3,7) 11
	[0,0] 0
N1157:
	(1,1) 30
	[0,0] 0
N1161:
	(2,2) 19
	[0,0] 0
N1173:
	(2,2) 18
	[0,0] 0
N1185:
	(2,2) 19
	[0,0] 0
N1197:
	(2,2) 18
	[0,0] 0
N1209:
	(2,2) 1
	[0,0] 0
N1213:
	(2,2) 10
	[0,0] 0
N1216:
	(2,2) 1
	[0,0] 0
N1219:
	(1,1) 26
	[0,0] 0
N1223:
	(2,2) 19
	[0,0] 0
N1235:
	(2,2) 18
	[0,0] 0
N1247:
	(2,2) 19
	[0,0] 0
N1259:
	(2,2) 18
	[0,0] 0
N1271:
	(2,2) 37
	[0,0] 0
N1280:
	(2,2) ∞
	[0,0] ∞
N1292:
	(2,2) ∞
	[0,0] ∞
N1303:
	(2,2) ∞
	[0,0] ∞
N1315:
	(2,2) ∞
	[0,0] ∞
N1327:
	(2,2) 15
	[0,0] 0
N1339:
	(2,2) 14
	[0,0] 0
N1351:
	(2,2) 15
	[0,0] 0
N1363:
	(2,2) 14
	[0,0] 0
N1375:
	(2,2) 36
	[0,0] 0
N1378:
	(2,2) ∞
	[0,0] ∞
N1381:
	(2,2) 36
	[0,0] 0
N1384:
	(2,2) ∞
	[0,0] ∞
N1387:
	(2,2) 36
	[0,0] 0
N1390:
	(2,2) ∞
	[0,0] ∞
N1393:
	(2,2) 36
	[0,0] 0
N1396:
	(2,2) ∞
	[0,0] ∞
N1415:
	(2,2) 36
	[0,0] 0
N1418:
	(2,2) ∞
	[0,0] ∞
N1421:
	(2,2) 36
	[0,0] 0
N1424:
	(2,2) ∞
	[0,0] ∞
N1427:
	(2,2) 36
	[0,0] 0
N1430:
	(2,2) ∞
	[0,0] ∞
N1433:
	(2,2) 36
	[0,0] 0
N1436:
	(2,2) ∞
	[0,0] ∞
N1455:
	(2,2) 22
	[0,0] 0
N1462:
	(2,2) 29
	[0,0] 0
N1469:
	(2,2) 17
	[0,0] 0
N1475:
	(2,3) 2
	[0,0] 0
N1479:
	(2,2) 1
	[0,0] 0
N1482:
	(2,2) 15
	[0,0] 0
N1492:
	(2,2) 22
	[0,0] 0
N1495:
	(2,2) ∞
	[0,0] ∞
N1498:
	(2,2) 36
	[0,0] 0
N1501:
	(2,2) ∞
	[0,0] ∞
N1504:
	(2,2) 36
	[0,0] 0
N1507:
	(2,2) ∞
	[0,0] ∞
N1510:
	(2,2) 35
	[0,0] 0
N1513:
	(2,2) ∞
	[0,0] ∞
N1516:
	(2,2) 35
	[0,0] 0
N1519:
	(2,2) ∞
	[0,0] ∞
N1522:
	(2,2) 35
	[0,0] 0
N1525:
	(2,2) ∞
	[0,0] ∞
N1542:
	(2,2) 61
	[0,0] 0
N1545:
	(2,2) ∞
	[0,0] ∞
N1548:
	(2,2) 61
	[0,0] 0
N1551:
	(2,2) ∞
	[0,0] ∞
N1554:
	(2,2) 61
	[0,0] 0
N1557:
	(2,2) ∞
	[0,0] ∞
N1560:
	(2,2) ∞
	[0,0] ∞
N1563:
	(2,2) ∞
	[0,0] ∞
N1566:
	(2,2) 35
	[0,0] 0
N1573:
	(2,2) 21
	[0,0] 0
N1580:
	(2,2) 1
	[0,0] 0
N1583:
	(2,3) ∞
	[0,0] ∞
N1588:
	(1,1) ∞
	[0,0] ∞
N1594:
	(2,2) 60
	[0,0] 0
N1597:
	(2,2) ∞
	[0,0] ∞
N1600:
	(2,2) 60
	[0,0] 0
N1603:
	(2,2) ∞
	[0,0] ∞
N1606:
	(2,2) 60
	[0,0] 0
N1609:
	(2,2) ∞
	[0,0] ∞
N1612:
	(2,2) 46
	[0,0] 0
N1615:
	(2,2) ∞
	[0,0] ∞
N1618:
	(2,2) 50
	[0,0] 0
N1621:
	(2,2) ∞
	[0,0] ∞
N1624:
	(2,2) 50
	[0,0] 0
N1627:
	(2,2) ∞
	[0,0] ∞
N1630:
	(2,2) ∞
	[0,0] ∞
N1633:
	(2,2) ∞
	[0,0] ∞
N1636:
	(2,2) 51
	[0,0] 0
N1639:
	(2,2) ∞
	[0,0] ∞
N1642:
	(2,2) 51
	[0,0] 0
N1645:
	(2,2) ∞
	[0,0] ∞
N1648:
	(2,2) 51
	[0,0] 0
N1651:
	(2,2) ∞
	[0,0] ∞
N1654:
	(2,2) 61
	[0,0] 0
N1657:
	(2,2) ∞
	[0,0] ∞
N1660:
	(1,1) 21
	[0,0] 0
N1663:
	(2,2) 22
	[0,0] 0
N1675:
	(2,2) 38
	[0,0] 0
N1685:
	(2,2) 22
	[0,0] 0
N1697:
	(2,2) 15
	[0,0] 0
N1709:
	(2,2) 14
	[0,0] 0
N1721:
	(2,2) 20
	[0,0] 0
N1727:
	(2,2) 25
	[0,0] 0
N1731:
	(2,2) 15
	[0,0] 0
N1743:
	(2,2) 14
	[0,0] 0
N1755:
	(1,1) 19
	[0,0] 0
N1758:
	(1,1) 15
	[0,0] 0
N1761:
	(2,2) 13
	[0,0] 0
N1769:
	(2,2) 13
	[0,0] 0
N1777:
	(2,2) 13
	[0,0] 0
N1785:
	(2,2) 13
	[0,0] 0
N1793:
	(2,2) 30
	[0,0] 0
N1800:
	(2,2) 26
	[0,0] 0
N1807:
	(2,2) 29
	[0,0] 0
N1814:
	(2,2) 25
	[0,0] 0
N1821:
	(2,2) 1
	[0,0] 0
N1824:
	(2,2) 33
	[0,0] 0
N1827:
	(2,2) 39
	[0,0] 0
N1830:
	(2,2) 44
	[0,0] 0
N1833:
	(2,2) 38
	[0,0] 0
N1836:
	(2,2) 39
	[0,0] 0
N1839:
	(2,2) 39
	[0,0] 0
N1842:
	(2,2) 39
	[0,0] 0
N1845:
	(2,2) 39
	[0,0] 0
N1848:
	(2,2) 39
	[0,0] 0
N1851:
	(2,2) 33
	[0,0] 0
N1854:
	(2,2) 33
	[0,0] 0
N1857:
	(2,2) 39
	[0,0] 0
N1860:
	(2,2) 44
	[0,0] 0
N1863:
	(2,2) 51
	[0,0] 0
N1866:
	(2,2) 41
	[0,0] 0
N1869:
	(2,2) 46
	[0,0] 0
N1872:
	(2,2) 52
	[0,0] 0
N1875:
	(2,2) 48
	[0,0] 0
N1878:
	(2,2) 52
	[0,0] 0
N1881:
	(2,2) 34
	[0,0] 0
N1884:
	(2,2) 37
	[0,0] 0
N1887:
	(2,2) 38
	[0,0] 0
N1890:
	(2,2) 38
	[0,0] 0
N1893:
	(2,2) 38
	[0,0] 0
N1896:
	(2,2) 38
	[0,0] 0
N1899:
	(2,2) 32
	[0,0] 0
N1902:
	(2,2) 34
	[0,0] 0
N1905:
	(2,2) 40
	[0,0] 0
N1908:
	(2,2) 37
	[0,0] 0
N1911:
	(2,2) 40
	[0,0] 0
N1914:
	(2,2) 40
	[0,0] 0
N1917:
	(2,2) 40
	[0,0] 0
N1920:
	(2,2) 26
	[0,0] 0
N1923:
	(2,2) 26
	[0,0] 0
N1926:
	(2,2) 26
	[0,0] 0
N1929:
	(2,2) 26
	[0,0] 0
N1932:
	(2,2) 16
	[0,0] 0
N1935:
	(2,2) 16
	[0,0] 0
N1938:
	(2,2) 16
	[0,0] 0
N1941:
	(2,2) 16
	[0,0] 0
N1944:
	(2,2) 30
	[0,0] 0
N1947:
	(2,2) 30
	[0,0] 0
N1950:
	(2,2) 30
	[0,0] 0
N1953:
	(2,2) 30
	[0,0] 0
N1956:
	(2,2) 30
	[0,0] 0
N1959:
	(2,2) 30
	[0,0] 0
N1962:
	(2,2) 16
	[0,0] 0
N1965:
	(2,2) 16
	[0,0] 0
N1968:
	(2,2) 16
	[0,0] 0
N1972:
	(1,1) 0
	[0,0] 0
N2054:
	(2,3) 0
	[0,0] 0
N2060:
	(1,1) 0
	[0,0] 0
N2061:
	(1,1) 0
	[0,0] 0
N2139:
	(3,3) 0
	[0,0] 0
N2142:
	(3,3) 0
	[0,0] 0
N2309:
	(3,3) 0
	[0,0] 0
N2349:
	(2,3) ∞
	[0,0] ∞
N2350:
	(3,2) 28
	[0,0] 0
N2387:
	(3,3) 0
	[0,0] 0
N2527:
	(3,3) 0
	[0,0] 0
N2584:
	(1,1) 0
	[0,0] 0
N2585+1:
	(2,4) 17
	[0,0] 0
N2585:
	(3,7) 14
	[0,0] 0
N2586+1:
	(2,4) 17
	[0,0] 0
N2586:
	(3,7) 14
	[0,0] 0
N2587+1:
	(2,4) 17
	[0,0] 0
N2587:
	(3,7) 14
	[0,0] 0
N2588+1:
	(2,4) 17
	[0,0] 0
N2588:
	(3,7) 14
	[0,0] 0
N2589+1:
	(2,4) 17
	[0,0] 0
N2589:
	(3,7) 14
	[0,0] 0
N2590:
	(5,2) 0
	[0,0] 0
N2591+1:
	(2,4) 17
	[0,0] 0
N2591:
	(3,7) 14
	[0,0] 0
N2592+1:
	(2,4) 17
	[0,0] 0
N2592:
	(3,7) 14
	[0,0] 0
N2593+1:
	(2,4) 17
	[0,0] 0
N2593:
	(3,7) 14
	[0,0] 0
N2594+1:
	(2,4) 17
	[0,0] 0
N2594:
	(3,7) 14
	[0,0] 0
N2595+1:
	(2,4) 17
	[0,0] 0
N2595:
	(3,7) 14
	[0,0] 0
N2596+1:
	(2,4) 17
	[0,0] 0
N2596:
	(3,7) 14
	[0,0] 0
N2597+1:
	(2,4) 17
	[0,0] 0
N2597:
	(3,7) 14
	[0,0] 0
N2598+1:
	(2,4) 17
	[0,0] 0
N2598:
	(3,7) 14
	[0,0] 0
N2599+1:
	(2,4) 17
	[0,0] 0
N2599:
	(3,7) 14
	[0,0] 0
N2600+1:
	(2,4) 17
	[0,0] 0
N2600:
	(3,7) 14
	[0,0] 0
N2601+1:
	(2,4) 17
	[0,0] 0
N2601:
	(3,7) 14
	[0,0] 0
N2602+1:
	(2,4) 17
	[0,0] 0
N2602:
	(3,7) 14
	[0,0] 0
N2603+1:
	(2,4) 17
	[0,0] 0
N2603:
	(3,7) 14
	[0,0] 0
N2604+1:
	(2,4) 13
	[0,0] 0
N2604:
	(3,7) 10
	[0,0] 0
N2605+1:
	(2,4) 13
	[0,0] 0
N2605:
	(3,7) 10
	[0,0] 0
N2606+1:
	(2,4) 13
	[0,0] 0
N2606:
	(3,7) 10
	[0,0] 0
N2607+1:
	(2,4) 13
	[0,0] 0
N2607:
	(3,7) 10
	[0,0] 0
N2608+1:
	(2,4) 13
	[0,0] 0
N2608:
	(3,7) 10
	[0,0] 0
N2609+1:
	(2,4) 13
	[0,0] 0
N2609:
	(3,7) 10
	[0,0] 0
N2610+1:
	(2,4) 13
	[0,0] 0
N2610:
	(3,7) 10
	[0,0] 0
N2611+1:
	(2,4) 13
	[0,0] 0
N2611:
	(3,7) 10
	[0,0] 0
N2612+1:
	(2,4) 13
	[0,0] 0
N2612:
	(3,7) 10
	[0,0] 0
N2613+1:
	(2,4) 13
	[0,0] 0
N2613:
	(3,7) 10
	[0,0] 0
N2614+1:
	(2,4) 13
	[0,0] 0
N2614:
	(3,7) 10
	[0,0] 0
N2615+1:
	(2,4) 13
	[0,0] 0
N2615:
	(3,7) 10
	[0,0] 0
N2616+1:
	(2,4) 13
	[0,0] 0
N2616:
	(3,7) 10
	[0,0] 0
N2617+1:
	(2,4) 13
	[0,0] 0
N2617:
	(3,7) 10
	[0,0] 0
N2618+1:
	(2,4) 13
	[0,0] 0
N2618:
	(3,7) 10
	[0,0] 0
N2619+1:
	(2,4) 13
	[0,0] 0
N2619:
	(3,7) 10
	[0,0] 0
N2620+1:
	(2,4) 13
	[0,0] 0
N2620:
	(3,7) 10
	[0,0] 0
N2621+1:
	(2,4) 13
	[0,0] 0
N2621:
	(3,7) 10
	[0,0] 0
N2622+1:
	(2,4) 13
	[0,0] 0
N2622:
	(3,7) 10
	[0,0] 0
N2623:
	(1,1) 0
	[0,0] 0
N2624+1:
	(2,3) 13
	[0,0] 0
N2624:
	(2,5) 11
	[0,0] 0
N2625:
	(3,5) 10
	[0,0] 0
N2626+1:
	(2,4) 13
	[0,0] 0
N2626:
	(3,7) 10
	[0,0] 0
N2627:
	(3,5) 10
	[0,0] 0
N2628:
	(1,1) 37
	[0,0] 0
N2629:
	(1,1) 43
	[0,0] 0
N2630:
	(1,1) 48
	[0,0] 0
N2631:
	(1,1) 42
	[0,0] 0
N2632:
	(1,1) 43
	[0,0] 0
N2633:
	(1,1) 43
	[0,0] 0
N2634:
	(1,1) 43
	[0,0] 0
N2635:
	(1,1) 43
	[0,0] 0
N2636:
	(1,1) 43
	[0,0] 0
N2637:
	(1,1) 38
	[0,0] 0
N2638:
	(1,1) 37
	[0,0] 0
N2639:
	(1,1) 43
	[0,0] 0
N2640:
	(1,1) 48
	[0,0] 0
N2641:
	(1,1) 55
	[0,0] 0
N2642:
	(1,1) 45
	[0,0] 0
N2643:
	(1,1) 50
	[0,0] 0
N2644:
	(1,1) 56
	[0,0] 0
N2645:
	(1,1) 52
	[0,0] 0
N2646:
	(1,1) 56
	[0,0] 0
N2647:
	(3,3) 9
	[0,0] 0
N2653:
	(1,1) 19
	[0,0] 0
N2664:
	(1,1) 25
	[0,0] 0
N2675:
	(3,3) 9
	[0,0] 0
N2681:
	(1,1) 19
	[0,0] 0
N2692:
	(1,1) 25
	[0,0] 0
N2703+1:
	(2,4) ∞
	[0,0] ∞
N2703:
	(3,7) ∞
	[0,0] ∞
N2704:
	(3,3) 1
	[0,0] 0
N2709:
	(1,1) 38
	[0,0] 0
N2710:
	(1,1) 41
	[0,0] 0
N2711:
	(1,1) 42
	[0,0] 0
N2712:
	(1,1) 40
	[0,0] 0
N2713:
	(1,1) 42
	[0,0] 0
N2714:
	(1,1) 42
	[0,0] 0
N2715:
	(1,1) 33
	[0,0] 0
N2716:
	(1,1) 38
	[0,0] 0
N2717:
	(1,1) 44
	[0,0] 0
N2718:
	(1,1) 39
	[0,0] 0
N2719:
	(1,1) 44
	[0,0] 0
N2720:
	(1,1) 44
	[0,0] 0
N2721:
	(1,1) 44
	[0,0] 0
N2722:
	(3,3) 9
	[0,0] 0
N2728:
	(1,1) 19
	[0,0] 0
N2739:
	(1,1) 25
	[0,0] 0
N2750:
	(3,3) 9
	[0,0] 0
N2756:
	(1,1) 19
	[0,0] 0
N2767:
	(1,1) 25
	[0,0] 0
N2778+1:
	(2,4) ∞
	[0,0] ∞
N2778:
	(3,7) ∞
	[0,0] ∞
N2779:
	(1,1) 15
	[0,0] 0
N2790:
	(1,1) 19
	[0,0] 0
N2801:
	(1,1) 15
	[0,0] 0
N2812:
	(1,1) 19
	[0,0] 0
N2823:
	(1,1) 36
	[0,0] 0
N2824:
	(1,1) ∞
	[0,0] ∞
N2825:
	(1,1) 36
	[0,0] 0
N2826:
	(1,1) ∞
	[0,0] ∞
N2827:
	(1,1) 36
	[0,0] 0
N2828:
	(1,1) ∞
	[0,0] ∞
N2829:
	(1,1) 36
	[0,0] 0
N2830:
	(1,1) ∞
	[0,0] ∞
N2831+1:
	(2,3) ∞
	[0,0] ∞
N2831:
	(3,6) ∞
	[0,0] ∞
N2832+1:
	(2,3) ∞
	[0,0] ∞
N2832:
	(3,6) ∞
	[0,0] ∞
N2833+1:
	(2,3) ∞
	[0,0] ∞
N2833:
	(3,6) ∞
	[0,0] ∞
N2834+1:
	(2,3) ∞
	[0,0] ∞
N2834:
	(3,6) ∞
	[0,0] ∞
N2835:
	(2,4) 34
	[0,0] 0
N2836:
	(2,4) 34
	[0,0] 0
N2837:
	(2,4) 34
	[0,0] 0
N2838:
	(2,4) 34
	[0,0] 0
N2839:
	(1,1) 36
	[0,0] 0
N2840:
	(1,1) 96
	[0,0] 0
N2841:
	(1,1) 36
	[0,0] 0
N2842:
	(1,1) ∞
	[0,0] ∞
N2843:
	(1,1) 36
	[0,0] 0
N2844:
	(1,1) ∞
	[0,0] ∞
N2845:
	(1,1) 36
	[0,0] 0
N2846:
	(1,1) ∞
	[0,0] ∞
N2847+1:
	(2,3) ∞
	[0,0] ∞
N2847:
	(3,6) ∞
	[0,0] ∞
N2848+1:
	(2,3) ∞
	[0,0] ∞
N2848:
	(3,6) ∞
	[0,0] ∞
N2849+1:
	(2,3) ∞
	[0,0] ∞
N2849:
	(3,6) ∞
	[0,0] ∞
N2850+1:
	(2,3) ∞
	[0,0] ∞
N2850:
	(3,6) ∞
	[0,0] ∞
N2851:
	(2,4) 34
	[0,0] 0
N2852:
	(2,4) 34
	[0,0] 0
N2853:
	(2,4) 34
	[0,0] 0
N2854:
	(2,4) 34
	[0,0] 0
N2855:
	(1,1) 22
	[0,0] 0
N2861:
	(1,1) 29
	[0,0] 0
N2867:
	(2,4) 33
	[0,0] 0
N2868:
	(2,4) 20
	[0,0] 0
N2869:
	(2,4) 20
	[0,0] 0
N2870:
	(2,4) 20
	[0,0] 0
N2871:
	(2,4) 20
	[0,0] 0
N2872:
	(2,4) 34
	[0,0] 0
N2873:
	(2,4) 34
	[0,0] 0
N2874:
	(2,4) 34
	[0,0] 0
N2875:
	(2,4) 32
	[0,0] 0
N2876:
	(2,4) 27
	[0,0] 0
N2877:
	(3,3) 6
	[0,0] 0
N2882:
	(1,1) 15
	[0,0] 0
N2891:
	(1,1) 15
	[0,0] 0
N2901:
	(1,1) 23
	[0,0] 0
N2902:
	(1,1) ∞
	[0,0] ∞
N2903:
	(1,1) 37
	[0,0] 0
N2904:
	(1,1) ∞
	[0,0] ∞
N2905:
	(1,1) 37
	[0,0] 0
N2906:
	(1,1) ∞
	[0,0] ∞
N2907:
	(3,5) ∞
	[0,0] ∞
N2908+1:
	(2,4) ∞
	[0,0] ∞
N2908:
	(3,7) ∞
	[0,0] ∞
N2909+1:
	(2,4) ∞
	[0,0] ∞
N2909:
	(3,7) ∞
	[0,0] ∞
N2910:
	(3,5) 19
	[0,0] 0
N2911:
	(3,5) 33
	[0,0] 0
N2912:
	(3,5) 33
	[0,0] 0
N2913:
	(1,1) 35
	[0,0] 0
N2914:
	(1,1) ∞
	[0,0] ∞
N2915:
	(1,1) 35
	[0,0] 0
N2916:
	(1,1) ∞
	[0,0] ∞
N2917:
	(1,1) 35
	[0,0] 0
N2918:
	(1,1) ∞
	[0,0] ∞
N2919+1:
	(2,3) ∞
	[0,0] ∞
N2919:
	(3,6) ∞
	[0,0] ∞
N2920:
	(1,1) 29
	[0,0] 0
N2921+1:
	(2,3) ∞
	[0,0] ∞
N2921:
	(3,6) ∞
	[0,0] ∞
N2922+1:
	(2,3) ∞
	[0,0] ∞
N2922:
	(3,6) ∞
	[0,0] ∞
N2923:
	(2,4) 33
	[0,0] 0
N2924:
	(2,4) 33
	[0,0] 0
N2925:
	(2,4) 33
	[0,0] 0
N2926:
	(1,1) 62
	[0,0] 0
N2927:
	(1,1) ∞
	[0,0] ∞
N2928:
	(1,1) 62
	[0,0] 0
N2929:
	(1,1) ∞
	[0,0] ∞
N2930:
	(1,1) 62
	[0,0] 0
N2931:
	(1,1) ∞
	[0,0] ∞
N2932:
	(1,1) ∞
	[0,0] ∞
N2933:
	(1,1) ∞
	[0,0] ∞
N2934+1:
	(2,4) ∞
	[0,0] ∞
N2934:
	(3,7) ∞
	[0,0] ∞
N2935+1:
	(2,4) ∞
	[0,0] ∞
N2935:
	(3,7) ∞
	[0,0] ∞
N2936+1:
	(2,4) ∞
	[0,0] ∞
N2936:
	(3,7) ∞
	[0,0] ∞
N2937+1:
	(2,4) ∞
	[0,0] ∞
N2937:
	(3,7) ∞
	[0,0] ∞
N2938:
	(3,5) 58
	[0,0] 0
N2939:
	(3,5) 58
	[0,0] 0
N2940:
	(3,5) 58
	[0,0] 0
N2941:
	(3,5) ∞
	[0,0] ∞
N2942:
	(1,1) 34
	[0,0] 0
N2948:
	(1,1) 21
	[0,0] 0
N2954:
	(2,4) 33
	[0,0] 0
N2955:
	(2,4) 34
	[0,0] 0
N2956:
	(2,4) 34
	[0,0] 0
N2957:
	(2,4) 34
	[0,0] 0
N2958:
	(2,4) 33
	[0,0] 0
N2959:
	(2,4) 34
	[0,0] 0
N2960:
	(2,4) 20
	[0,0] 0
N2961:
	(2,4) 20
	[0,0] 0
N2962:
	(2,4) 20
	[0,0] 0
N2963:
	(2,4) 19
	[0,0] 0
N2964:
	(1,1) ∞
	[0,0] ∞
N2969:
	(2,3) ∞
	[0,0] ∞
N2970:
	(2,3) ∞
	[0,0] ∞
N2971:
	(2,3) ∞
	[0,0] ∞
N2972:
	(2,3) ∞
	[0,0] ∞
N2973:
	(1,1) 61
	[0,0] 0
N2974:
	(1,1) ∞
	[0,0] ∞
N2975:
	(1,1) 61
	[0,0] 0
N2976:
	(1,1) ∞
	[0,0] ∞
N2977:
	(1,1) 61
	[0,0] 0
N2978:
	(1,1) ∞
	[0,0] ∞
N2979+1:
	(2,4) ∞
	[0,0] ∞
N2979:
	(3,7) ∞
	[0,0] ∞
N2980:
	(2,4) ∞
	[0,0] ∞
N2981+1:
	(2,4) ∞
	[0,0] ∞
N2981:
	(3,7) ∞
	[0,0] ∞
N2982+1:
	(2,4) ∞
	[0,0] ∞
N2982:
	(3,7) ∞
	[0,0] ∞
N2983:
	(3,5) 57
	[0,0] 0
N2984:
	(4,2) 52
	[0,0] 0
N2985:
	(3,5) 57
	[0,0] 0
N2986:
	(3,5) 57
	[0,0] 0
N2987:
	(1,1) 47
	[0,0] 0
N2988:
	(1,1) ∞
	[0,0] ∞
N2989:
	(1,1) 51
	[0,0] 0
N2990:
	(1,1) ∞
	[0,0] ∞
N2991:
	(1,1) 51
	[0,0] 0
N2992:
	(1,1) ∞
	[0,0] ∞
N2993:
	(3,5) ∞
	[0,0] ∞
N2994+1:
	(2,4) ∞
	[0,0] ∞
N2994:
	(3,7) ∞
	[0,0] ∞
N2995+1:
	(2,4) ∞
	[0,0] ∞
N2995:
	(3,7) ∞
	[0,0] ∞
N2996:
	(3,5) 43
	[0,0] 0
N2997:
	(3,5) 47
	[0,0] 0
N2998:
	(3,5) 47
	[0,0] 0
N2999:
	(1,1) ∞
	[0,0] ∞
N3000:
	(3,3) 52
	[0,0] 0
N3003:
	(3,3) ∞
	[0,0] ∞
N3006:
	(1,1) ∞
	[0,0] ∞
N3007:
	(3,3) 37
	[0,0] 0
N3010:
	(3,3) ∞
	[0,0] ∞
N3013:
	(3,5) ∞
	[0,0] ∞
N3014:
	(3,5) ∞
	[0,0] ∞
N3015:
	(1,1) 52
	[0,0] 0
N3016:
	(1,1) ∞
	[0,0] ∞
N3017:
	(1,1) 52
	[0,0] 0
N3018:
	(1,1) ∞
	[0,0] ∞
N3019:
	(1,1) 52
	[0,0] 0
N3020:
	(1,1) ∞
	[0,0] ∞
N3021:
	(1,1) 62
	[0,0] 0
N3022:
	(1,1) ∞
	[0,0] ∞
N3023+1:
	(2,4) ∞
	[0,0] ∞
N3023:
	(3,7) ∞
	[0,0] ∞
N3024+1:
	(2,4) ∞
	[0,0] ∞
N3024:
	(3,7) ∞
	[0,0] ∞
N3025+1:
	(2,4) ∞
	[0,0] ∞
N3025:
	(3,7) ∞
	[0,0] ∞
N3026+1:
	(2,4) ∞
	[0,0] ∞
N3026:
	(3,7) ∞
	[0,0] ∞
N3027:
	(3,5) 48
	[0,0] 0
N3028:
	(3,5) 48
	[0,0] 0
N3029:
	(3,5) 48
	[0,0] 0
N3030:
	(3,5) 58
	[0,0] 0
N3031:
	(1,1) 27
	[0,0] 0
N3032:
	(1,1) 27
	[0,0] 0
N3033:
	(1,1) 27
	[0,0] 0
N3034:
	(1,1) 27
	[0,0] 0
N3035:
	(2,2) 28
	[0,0] 0
N3038:
	(2,2) 20
	[0,0] 0
N3041:
	(1,1) 15
	[0,0] 0
N3052:
	(1,1) 21
	[0,0] 0
N3063:
	(1,1) 24
	[0,0] 0
N3068:
	(1,1) 34
	[0,0] 0
N3071:
	(2,4) ∞
	[0,0] ∞
N3072:
	(2,4) ∞
	[0,0] ∞
N3073:
	(2,4) 19
	[0,0] 0
N3074:
	(2,4) 18
	[0,0] 0
N3075:
	(1,1) 15
	[0,0] 0
N3086:
	(1,1) 21
	[0,0] 0
N3097:
	(1,1) 15
	[0,0] 0
N3108:
	(1,1) 15
	[0,0] 0
N3119:
	(1,1) 15
	[0,0] 0
N3130:
	(1,1) 15
	[0,0] 0
N3141:
	(1,1) 31
	[0,0] 0
N3142:
	(1,1) 31
	[0,0] 0
N3143:
	(1,1) 31
	[0,0] 0
N3144:
	(1,1) 31
	[0,0] 0
N3145:
	(1,1) 31
	[0,0] 0
N3146:
	(1,1) 31
	[0,0] 0
N3147:
	(1,1) 27
	[0,0] 0
N3158:
	(1,1) 30
	[0,0] 0
N3169:
	(1,1) 26
	[0,0] 0
N3180:
	(1,1) 26
	[0,0] 0
N3191:
	(3,3) 1
	[0,0] 0
N3194:
	(1,1) 17
	[0,0] 0
N3195:
	(1,1) 17
	[0,0] 0
N3196:
	(1,1) 17
	[0,0] 0
N3197:
	(1,1) 17
	[0,0] 0
N3198:
	(1,1) 17
	[0,0] 0
N3199:
	(1,1) 17
	[0,0] 0
N3200:
	(3,3) 16
	[0,0] 0
N3203:
	(1,1) 18
	[0,0] 0
N3357:
	(4,4) 0
	[0,0] 0
N3358:
	(4,4) 0
	[0,0] 0
N3359:
	(4,4) 0
	[0,0] 0
N3360:
	(4,4) 0
	[0,0] 0
N3401+1:
	(2,3) ∞
	[0,0] ∞
N3401:
	(2,5) ∞
	[0,0] ∞
N3402+1:
	(2,3) ∞
	[0,0] ∞
N3402:
	(2,5) ∞
	[0,0] ∞
N3403+1:
	(2,3) ∞
	[0,0] ∞
N3403:
	(2,5) ∞
	[0,0] ∞
N3404+1:
	(2,3) ∞
	[0,0] ∞
N3404:
	(2,5) ∞
	[0,0] ∞
N3405:
	(2,3) 34
	[0,0] 0
N3406:
	(2,3) 34
	[0,0] 0
N3407:
	(2,3) 34
	[0,0] 0
N3408:
	(2,3) 34
	[0,0] 0
N3409+1:
	(2,3) ∞
	[0,0] ∞
N3409:
	(2,5) ∞
	[0,0] ∞
N3410+1:
	(2,3) ∞
	[0,0] ∞
N3410:
	(2,5) ∞
	[0,0] ∞
N3411+1:
	(2,3) ∞
	[0,0] ∞
N3411:
	(2,5) ∞
	[0,0] ∞
N3412+1:
	(2,3) ∞
	[0,0] ∞
N3412:
	(2,5) ∞
	[0,0] ∞
N3413:
	(2,3) 34
	[0,0] 0
N3414:
	(2,3) 34
	[0,0] 0
N3415:
	(2,3) 34
	[0,0] 0
N3416:
	(2,3) 34
	[0,0] 0
N3444:
	(2,4) ∞
	[0,0] ∞
N3445+1:
	(2,4) ∞
	[0,0] ∞
N3445:
	(2,6) ∞
	[0,0] ∞
N3446+1:
	(2,4) ∞
	[0,0] ∞
N3446:
	(2,6) ∞
	[0,0] ∞
N3447:
	(2,4) 20
	[0,0] 0
N3448:
	(2,4) 34
	[0,0] 0
N3449:
	(2,4) 34
	[0,0] 0
N3450+1:
	(2,3) ∞
	[0,0] ∞
N3450:
	(2,5) ∞
	[0,0] ∞
N3451+1:
	(2,3) ∞
	[0,0] ∞
N3451:
	(2,5) ∞
	[0,0] ∞
N3452+1:
	(2,3) ∞
	[0,0] ∞
N3452:
	(2,5) ∞
	[0,0] ∞
N3453:
	(2,3) 33
	[0,0] 0
N3454:
	(2,3) 33
	[0,0] 0
N3455:
	(2,3) 33
	[0,0] 0
N3456:
	(2,4) 26
	[0,0] 0
N3459+1:
	(2,4) ∞
	[0,0] ∞
N3459:
	(2,6) ∞
	[0,0] ∞
N3460+1:
	(2,4) ∞
	[0,0] ∞
N3460:
	(2,6) ∞
	[0,0] ∞
N3461+1:
	(2,4) ∞
	[0,0] ∞
N3461:
	(2,6) ∞
	[0,0] ∞
N3462+1:
	(2,4) ∞
	[0,0] ∞
N3462:
	(2,6) ∞
	[0,0] ∞
N3463:
	(2,4) 59
	[0,0] 0
N3464:
	(2,4) 59
	[0,0] 0
N3465:
	(2,4) 59
	[0,0] 0
N3466:
	(2,4) ∞
	[0,0] ∞
N3481+1:
	(2,4) ∞
	[0,0] ∞
N3481:
	(2,6) ∞
	[0,0] ∞
N3482:
	(1,1) 53
	[0,0] 0
N3483+1:
	(2,4) ∞
	[0,0] ∞
N3483:
	(2,6) ∞
	[0,0] ∞
N3484+1:
	(2,4) ∞
	[0,0] ∞
N3484:
	(2,6) ∞
	[0,0] ∞
N3485:
	(2,4) 58
	[0,0] 0
N3486:
	(2,4) 58
	[0,0] 0
N3487:
	(2,4) 58
	[0,0] 0
N3488:
	(2,4) ∞
	[0,0] ∞
N3489+1:
	(2,4) ∞
	[0,0] ∞
N3489:
	(2,6) ∞
	[0,0] ∞
N3490+1:
	(2,4) ∞
	[0,0] ∞
N3490:
	(2,6) ∞
	[0,0] ∞
N3491:
	(2,4) 44
	[0,0] 0
N3492:
	(2,4) 48
	[0,0] 0
N3493:
	(2,4) 48
	[0,0] 0
N3502:
	(2,4) ∞
	[0,0] ∞
N3503:
	(2,4) ∞
	[0,0] ∞
N3504+1:
	(2,4) ∞
	[0,0] ∞
N3504:
	(2,6) ∞
	[0,0] ∞
N3505+1:
	(2,4) ∞
	[0,0] ∞
N3505:
	(2,6) ∞
	[0,0] ∞
N3506+1:
	(2,4) ∞
	[0,0] ∞
N3506:
	(2,6) ∞
	[0,0] ∞
N3507+1:
	(2,4) ∞
	[0,0] ∞
N3507:
	(2,6) ∞
	[0,0] ∞
N3508:
	(2,4) 49
	[0,0] 0
N3509:
	(2,4) 49
	[0,0] 0
N3510:
	(2,4) 49
	[0,0] 0
N3511:
	(2,4) 59
	[0,0] 0
N3512:
	(4,2) 24
	[0,0] 0
N3513:
	(4,2) 24
	[0,0] 0
N3514:
	(4,2) 24
	[0,0] 0
N3515:
	(4,2) 24
	[0,0] 0
N3558:
	(4,2) 28
	[0,0] 0
N3559:
	(4,2) 28
	[0,0] 0
N3560:
	(4,2) 28
	[0,0] 0
N3561:
	(4,2) 28
	[0,0] 0
N3562:
	(4,2) 28
	[0,0] 0
N3563:
	(4,2) 28
	[0,0] 0
N3604:
	(4,4) 0
	[0,0] 0
N3605:
	(4,2) 14
	[0,0] 0
N3606:
	(4,2) 14
	[0,0] 0
N3607:
	(4,2) 14
	[0,0] 0
N3608:
	(4,2) 14
	[0,0] 0
N3609:
	(4,2) 14
	[0,0] 0
N3610:
	(4,2) 14
	[0,0] 0
N3613:
	(1,1) 0
	[0,0] 0
N3614:
	(2,3) 13
	[0,0] 0
N3615:
	(2,4) 13
	[0,0] 0
N3616+1:
	(2,3) 17
	[0,0] 0
N3616:
	(3,6) 14
	[0,0] 0
N3617+1:
	(2,3) 17
	[0,0] 0
N3617:
	(3,6) 14
	[0,0] 0
N3618+1:
	(2,3) 17
	[0,0] 0
N3618:
	(3,6) 14
	[0,0] 0
N3619+1:
	(2,3) 17
	[0,0] 0
N3619:
	(3,6) 14
	[0,0] 0
N3620+1:
	(2,3) 17
	[0,0] 0
N3620:
	(3,6) 14
	[0,0] 0
N3621+1:
	(2,3) 17
	[0,0] 0
N3621:
	(3,6) 14
	[0,0] 0
N3622+1:
	(2,3) 17
	[0,0] 0
N3622:
	(3,6) 14
	[0,0] 0
N3623+1:
	(2,3) 17
	[0,0] 0
N3623:
	(3,6) 14
	[0,0] 0
N3624+1:
	(2,3) 17
	[0,0] 0
N3624:
	(3,6) 14
	[0,0] 0
N3625:
	(2,3) 13
	[0,0] 0
N3626:
	(2,4) 13
	[0,0] 0
N3627+1:
	(2,3) 17
	[0,0] 0
N3627:
	(3,6) 14
	[0,0] 0
N3628+1:
	(2,3) 17
	[0,0] 0
N3628:
	(3,6) 14
	[0,0] 0
N3629+1:
	(2,3) 17
	[0,0] 0
N3629:
	(3,6) 14
	[0,0] 0
N3630+1:
	(2,3) 17
	[0,0] 0
N3630:
	(3,6) 14
	[0,0] 0
N3631+1:
	(2,3) 17
	[0,0] 0
N3631:
	(3,6) 14
	[0,0] 0
N3632+1:
	(2,3) 17
	[0,0] 0
N3632:
	(3,6) 14
	[0,0] 0
N3633+1:
	(2,3) 17
	[0,0] 0
N3633:
	(3,6) 14
	[0,0] 0
N3634+1:
	(2,3) 17
	[0,0] 0
N3634:
	(3,6) 14
	[0,0] 0
N3635+1:
	(2,3) 17
	[0,0] 0
N3635:
	(3,6) 14
	[0,0] 0
N3636:
	(2,3) 13
	[0,0] 0
N3637:
	(2,4) 13
	[0,0] 0
N3638+1:
	(2,3) 13
	[0,0] 0
N3638:
	(3,6) 10
	[0,0] 0
N3639:
	(2,3) 13
	[0,0] 0
N3640:
	(2,4) 13
	[0,0] 0
N3641+1:
	(2,3) 13
	[0,0] 0
N3641:
	(3,6) 10
	[0,0] 0
N3642+1:
	(2,3) 13
	[0,0] 0
N3642:
	(3,6) 10
	[0,0] 0
N3643+1:
	(2,3) 13
	[0,0] 0
N3643:
	(3,6) 10
	[0,0] 0
N3644+1:
	(2,3) 13
	[0,0] 0
N3644:
	(3,6) 10
	[0,0] 0
N3645+1:
	(2,3) 13
	[0,0] 0
N3645:
	(3,6) 10
	[0,0] 0
N3646+1:
	(2,3) 13
	[0,0] 0
N3646:
	(3,6) 10
	[0,0] 0
N3647+1:
	(2,3) 13
	[0,0] 0
N3647:
	(3,6) 10
	[0,0] 0
N3648+1:
	(2,3) 13
	[0,0] 0
N3648:
	(3,6) 10
	[0,0] 0
N3649+1:
	(2,3) 13
	[0,0] 0
N3649:
	(3,6) 10
	[0,0] 0
N3650+1:
	(2,3) 13
	[0,0] 0
N3650:
	(3,6) 10
	[0,0] 0
N3651+1:
	(2,3) 13
	[0,0] 0
N3651:
	(3,6) 10
	[0,0] 0
N3652+1:
	(2,3) 13
	[0,0] 0
N3652:
	(3,6) 10
	[0,0] 0
N3653+1:
	(2,3) 13
	[0,0] 0
N3653:
	(3,6) 10
	[0,0] 0
N3654+1:
	(2,3) 13
	[0,0] 0
N3654:
	(3,6) 10
	[0,0] 0
N3655+1:
	(2,3) 13
	[0,0] 0
N3655:
	(3,6) 10
	[0,0] 0
N3656+1:
	(2,3) 13
	[0,0] 0
N3656:
	(3,6) 10
	[0,0] 0
N3657+1:
	(2,3) 13
	[0,0] 0
N3657:
	(3,6) 10
	[0,0] 0
N3658+1:
	(2,3) 13
	[0,0] 0
N3658:
	(3,6) 10
	[0,0] 0
N3659+1:
	(2,3) 13
	[0,0] 0
N3659:
	(3,6) 10
	[0,0] 0
N3660+1:
	(2,3) 13
	[0,0] 0
N3660:
	(3,6) 10
	[0,0] 0
N3661+1:
	(2,3) 13
	[0,0] 0
N3661:
	(3,6) 10
	[0,0] 0
N3662+1:
	(2,3) ∞
	[0,0] ∞
N3662:
	(3,6) ∞
	[0,0] ∞
N3663+1:
	(2,3) ∞
	[0,0] ∞
N3663:
	(3,6) ∞
	[0,0] ∞
N3664:
	(6,6) ∞
	[0,0] ∞
N3665:
	(6,6) ∞
	[0,0] ∞
N3666:
	(6,6) ∞
	[0,0] ∞
N3667:
	(6,6) ∞
	[0,0] ∞
N3668+1:
	(5,4) 31
	[0,0] 0
N3668:
	(7,2) 29
	[0,0] 0
N3669+1:
	(5,4) 31
	[0,0] 0
N3669:
	(7,2) 29
	[0,0] 0
N3670+1:
	(5,4) 31
	[0,0] 0
N3670:
	(7,2) 29
	[0,0] 0
N3671+1:
	(5,4) 31
	[0,0] 0
N3671:
	(7,2) 29
	[0,0] 0
N3672:
	(6,6) ∞
	[0,0] ∞
N3673:
	(6,6) ∞
	[0,0] ∞
N3674:
	(6,6) ∞
	[0,0] ∞
N3675:
	(6,6) ∞
	[0,0] ∞
N3676+1:
	(5,4) 31
	[0,0] 0
N3676:
	(7,2) 29
	[0,0] 0
N3677+1:
	(5,4) 31
	[0,0] 0
N3677:
	(7,2) 29
	[0,0] 0
N3678+1:
	(5,4) 31
	[0,0] 0
N3678:
	(7,2) 29
	[0,0] 0
N3679+1:
	(5,4) 31
	[0,0] 0
N3679:
	(7,2) 29
	[0,0] 0
N3680:
	(2,3) 33
	[0,0] 0
N3681:
	(2,3) 20
	[0,0] 0
N3682:
	(2,3) 20
	[0,0] 0
N3683:
	(2,3) 20
	[0,0] 0
N3684:
	(2,3) 20
	[0,0] 0
N3685:
	(2,3) 34
	[0,0] 0
N3686:
	(2,3) 34
	[0,0] 0
N3687:
	(2,3) 34
	[0,0] 0
N3688:
	(2,3) 32
	[0,0] 0
N3689:
	(2,3) 27
	[0,0] 0
N3691:
	(1,1) 17
	[0,0] 0
N3700:
	(6,5) ∞
	[0,0] ∞
N3701:
	(6,7) ∞
	[0,0] ∞
N3702:
	(6,7) ∞
	[0,0] ∞
N3703+1:
	(6,5) 30
	[0,0] 0
N3703:
	(8,2) 28
	[0,0] 0
N3704+1:
	(6,5) 30
	[0,0] 0
N3704:
	(8,2) 28
	[0,0] 0
N3705:
	(6,5) 16
	[0,0] 0
N3708:
	(6,6) ∞
	[0,0] ∞
N3709:
	(6,6) ∞
	[0,0] ∞
N3710:
	(6,6) ∞
	[0,0] ∞
N3711+1:
	(5,4) 30
	[0,0] 0
N3711:
	(7,2) 28
	[0,0] 0
N3712+1:
	(5,4) 30
	[0,0] 0
N3712:
	(7,2) 28
	[0,0] 0
N3713+1:
	(5,4) 30
	[0,0] 0
N3713:
	(7,2) 28
	[0,0] 0
N3715:
	(6,7) ∞
	[0,0] ∞
N3716:
	(6,7) ∞
	[0,0] ∞
N3717:
	(6,7) ∞
	[0,0] ∞
N3718:
	(6,7) ∞
	[0,0] ∞
N3719+1:
	(6,5) 55
	[0,0] 0
N3719:
	(8,2) 53
	[0,0] 0
N3720+1:
	(6,5) 55
	[0,0] 0
N3720:
	(8,2) 53
	[0,0] 0
N3721+1:
	(6,5) 55
	[0,0] 0
N3721:
	(8,2) 53
	[0,0] 0
N3722+1:
	(6,5) ∞
	[0,0] ∞
N3722:
	(8,2) ∞
	[0,0] ∞
N3723:
	(2,3) 33
	[0,0] 0
N3724:
	(2,3) 34
	[0,0] 0
N3725:
	(2,3) 34
	[0,0] 0
N3726:
	(2,3) 34
	[0,0] 0
N3727:
	(2,3) 34
	[0,0] 0
N3728:
	(2,3) 20
	[0,0] 0
N3729:
	(2,3) 20
	[0,0] 0
N3730:
	(2,3) 20
	[0,0] 0
N3731:
	(2,3) 19
	[0,0] 0
N3732:
	(4,2) 31
	[0,0] 0
N3738:
	(2,3) ∞
	[0,0] ∞
N3739:
	(2,3) ∞
	[0,0] ∞
N3740:
	(2,3) ∞
	[0,0] ∞
N3741:
	(2,3) ∞
	[0,0] ∞
N3742:
	(6,7) ∞
	[0,0] ∞
N3743:
	(6,7) ∞
	[0,0] ∞
N3744:
	(6,7) ∞
	[0,0] ∞
N3745+1:
	(6,5) 54
	[0,0] 0
N3745:
	(8,2) 52
	[0,0] 0
N3746+1:
	(6,5) 54
	[0,0] 0
N3746:
	(8,2) 52
	[0,0] 0
N3747+1:
	(6,5) 54
	[0,0] 0
N3747:
	(8,2) 52
	[0,0] 0
N3748:
	(6,5) ∞
	[0,0] ∞
N3749:
	(6,7) ∞
	[0,0] ∞
N3750:
	(6,7) ∞
	[0,0] ∞
N3751+1:
	(6,5) 44
	[0,0] 0
N3751:
	(8,2) 42
	[0,0] 0
N3752+1:
	(6,5) 44
	[0,0] 0
N3752:
	(8,2) 42
	[0,0] 0
N3753:
	(1,1) 53
	[0,0] 0
N3754:
	(1,1) ∞
	[0,0] ∞
N3755:
	(1,1) 38
	[0,0] 0
N3756:
	(1,1) ∞
	[0,0] ∞
N3757:
	(6,5) ∞
	[0,0] ∞
N3758+1:
	(2,4) ∞
	[0,0] ∞
N3758:
	(3,8) ∞
	[0,0] ∞
N3759:
	(6,5) ∞
	[0,0] ∞
N3760+1:
	(2,4) ∞
	[0,0] ∞
N3760:
	(3,8) ∞
	[0,0] ∞
N3761:
	(3,6) 49
	[0,0] 0
N3762:
	(3,6) 34
	[0,0] 0
N3763:
	(6,7) ∞
	[0,0] ∞
N3764:
	(6,7) ∞
	[0,0] ∞
N3765:
	(6,7) ∞
	[0,0] ∞
N3766:
	(6,7) ∞
	[0,0] ∞
N3767+1:
	(6,5) 45
	[0,0] 0
N3767:
	(8,2) 43
	[0,0] 0
N3768+1:
	(6,5) 45
	[0,0] 0
N3768:
	(8,2) 43
	[0,0] 0
N3769+1:
	(6,5) 45
	[0,0] 0
N3769:
	(8,2) 43
	[0,0] 0
N3770+1:
	(6,5) 55
	[0,0] 0
N3770:
	(8,2) 53
	[0,0] 0
N3771:
	(5,5) 21
	[0,0] 0
N3775:
	(5,5) 21
	[0,0] 0
N3779:
	(1,1) 25
	[0,0] 0
N3780:
	(1,1) 25
	[0,0] 0
N3781+1:
	(2,3) 25
	[0,0] 0
N3781:
	(3,6) 22
	[0,0] 0
N3782+1:
	(2,3) 25
	[0,0] 0
N3782:
	(3,6) 22
	[0,0] 0
N3783+1:
	(2,3) 25
	[0,0] 0
N3783:
	(3,6) 22
	[0,0] 0
N3784+1:
	(2,3) 25
	[0,0] 0
N3784:
	(3,6) 22
	[0,0] 0
N3785+1:
	(2,3) 24
	[0,0] 0
N3785:
	(3,6) 21
	[0,0] 0
N3786+1:
	(2,3) 24
	[0,0] 0
N3786:
	(3,6) 21
	[0,0] 0
N3787+1:
	(2,3) 24
	[0,0] 0
N3787:
	(3,6) 21
	[0,0] 0
N3788+1:
	(2,3) 24
	[0,0] 0
N3788:
	(3,6) 21
	[0,0] 0
N3789:
	(5,5) 25
	[0,0] 0
N3793:
	(5,5) 25
	[0,0] 0
N3797:
	(5,5) 25
	[0,0] 0
N3800+1:
	(2,3) 25
	[0,0] 0
N3800:
	(3,6) 22
	[0,0] 0
N3801+1:
	(2,3) 25
	[0,0] 0
N3801:
	(3,6) 22
	[0,0] 0
N3802+1:
	(2,3) 25
	[0,0] 0
N3802:
	(3,6) 22
	[0,0] 0
N3803+1:
	(2,3) 25
	[0,0] 0
N3803:
	(3,6) 22
	[0,0] 0
N3804+1:
	(2,3) 25
	[0,0] 0
N3804:
	(3,6) 22
	[0,0] 0
N3805+1:
	(2,3) 24
	[0,0] 0
N3805:
	(3,6) 21
	[0,0] 0
N3806+1:
	(2,3) 24
	[0,0] 0
N3806:
	(3,6) 21
	[0,0] 0
N3807+1:
	(2,3) 24
	[0,0] 0
N3807:
	(3,6) 21
	[0,0] 0
N3808+1:
	(2,3) 24
	[0,0] 0
N3808:
	(3,6) 21
	[0,0] 0
N3809+1:
	(2,3) 24
	[0,0] 0
N3809:
	(3,6) 21
	[0,0] 0
N3810:
	(5,5) 11
	[0,0] 0
N3813:
	(5,5) 11
	[0,0] 0
N3816:
	(2,4) 50
	[0,0] 0
N3819:
	(6,5) 40
	[0,0] 0
N3822:
	(1,1) 17
	[0,0] 0
N3823:
	(5,2) 14
	[0,0] 0
N3824:
	(5,5) 11
	[0,0] 0
N3827:
	(1,1) 16
	[0,0] 0
N3828:
	(5,4) ∞
	[0,0] ∞
N3829:
	(5,4) ∞
	[0,0] ∞
N3830:
	(5,4) ∞
	[0,0] ∞
N3831:
	(5,4) ∞
	[0,0] ∞
N3834:
	(1,1) 30
	[0,0] 0
N3835:
	(1,1) 30
	[0,0] 0
N3836:
	(1,1) 30
	[0,0] 0
N3837:
	(1,1) 30
	[0,0] 0
N3838:
	(1,1) 30
	[0,0] 0
N3839:
	(1,1) 30
	[0,0] 0
N3840:
	(1,1) 30
	[0,0] 0
N3841:
	(1,1) 30
	[0,0] 0
N3842:
	(5,4) 17
	[0,0] 0
N3849:
	(5,4) 17
	[0,0] 0
N3855:
	(5,4) 17
	[0,0] 0
N3861:
	(5,4) 17
	[0,0] 0
N3867:
	(5,4) 31
	[0,0] 0
N3873:
	(5,4) 31
	[0,0] 0
N3881:
	(5,4) 31
	[0,0] 0
N3887:
	(5,4) 29
	[0,0] 0
N3893:
	(5,4) 24
	[0,0] 0
N3908:
	(1,1) 29
	[0,0] 0
N3909:
	(1,1) 29
	[0,0] 0
N3911:
	(1,1) 26
	[0,0] 0
N3914:
	(1,1) 29
	[0,0] 0
N3915:
	(1,1) 29
	[0,0] 0
N3916:
	(1,1) 29
	[0,0] 0
N3917:
	(1,1) 54
	[0,0] 0
N3918:
	(1,1) 54
	[0,0] 0
N3919:
	(1,1) 54
	[0,0] 0
N3920:
	(1,1) ∞
	[0,0] ∞
N3921:
	(5,4) 31
	[0,0] 0
N3927:
	(5,4) 31
	[0,0] 0
N3933:
	(5,4) 31
	[0,0] 0
N3942:
	(5,4) 31
	[0,0] 0
N3948:
	(5,4) 17
	[0,0] 0
N3956:
	(5,4) 17
	[0,0] 0
N3962:
	(5,4) 17
	[0,0] 0
N3968:
	(5,4) 16
	[0,0] 0
N3975:
	(1,1) 53
	[0,0] 0
N3976:
	(1,1) 53
	[0,0] 0
N3977:
	(1,1) 53
	[0,0] 0
N3978:
	(1,1) 43
	[0,0] 0
N3979:
	(1,1) 43
	[0,0] 0
N3980+1:
	(2,4) ∞
	[0,0] ∞
N3980:
	(2,6) ∞
	[0,0] ∞
N3981+1:
	(2,4) ∞
	[0,0] ∞
N3981:
	(2,6) ∞
	[0,0] ∞
N3982:
	(2,4) 50
	[0,0] 0
N3983:
	(2,4) 35
	[0,0] 0
N3984:
	(1,1) ∞
	[0,0] ∞
N3987:
	(1,1) 26
	[0,0] 0
N3988:
	(1,1) 44
	[0,0] 0
N3989:
	(1,1) 44
	[0,0] 0
N3990:
	(1,1) 44
	[0,0] 0
N3991:
	(1,1) 54
	[0,0] 0
N3998+1:
	(2,6) 24
	[0,0] 0
N3998:
	(2,8) 22
	[0,0] 0
N4008:
	(5,4) 30
	[0,0] 0
N4011:
	(5,4) 30
	[0,0] 0
N4021:
	(1,1) 40
	[0,0] 0
N4024:
	(4,2) 14
	[0,0] 0
N4027:
	(1,1) 16
	[0,0] 0
N4031:
	(3,8) ∞
	[0,0] ∞
N4032+1:
	(2,3) 15
	[0,0] 0
N4032:
	(2,5) 13
	[0,0] 0
N4033+1:
	(2,4) 15
	[0,0] 0
N4033:
	(2,6) 13
	[0,0] 0
N4034+1:
	(2,3) 15
	[0,0] 0
N4034:
	(2,5) 13
	[0,0] 0
N4035+1:
	(2,4) 15
	[0,0] 0
N4035:
	(2,6) 13
	[0,0] 0
N4036:
	(3,8) ∞
	[0,0] ∞
N4037+1:
	(2,3) 15
	[0,0] 0
N4037:
	(2,5) 13
	[0,0] 0
N4038+1:
	(2,4) 15
	[0,0] 0
N4038:
	(2,6) 13
	[0,0] 0
N4039+1:
	(2,3) 15
	[0,0] 0
N4039:
	(2,5) 13
	[0,0] 0
N4040+1:
	(2,4) 15
	[0,0] 0
N4040:
	(2,6) 13
	[0,0] 0
N4041:
	(3,8) ∞
	[0,0] ∞
N4042:
	(3,8) ∞
	[0,0] ∞
N4067:
	(2,4) 52
	[0,0] 0
N4080:
	(2,4) 58
	[0,0] 0
N4088:
	(2,4) 27
	[0,0] 0
N4091:
	(2,4) 27
	[0,0] 0
N4094:
	(2,4) 27
	[0,0] 0
N4097:
	(2,4) 27
	[0,0] 0
N4100:
	(2,4) 27
	[0,0] 0
N4103:
	(2,4) 27
	[0,0] 0
N4106:
	(2,4) 27
	[0,0] 0
N4109:
	(2,4) 27
	[0,0] 0
N4144:
	(2,4) 26
	[0,0] 0
N4147:
	(2,4) 26
	[0,0] 0
N4150:
	(7,6) 15
	[0,0] 0
N4153:
	(2,4) 26
	[0,0] 0
N4156:
	(2,4) 26
	[0,0] 0
N4159:
	(2,4) 26
	[0,0] 0
N4183:
	(6,7) ∞
	[0,0] ∞
N4184:
	(6,7) ∞
	[0,0] ∞
N4185+1:
	(6,5) 46
	[0,0] 0
N4185:
	(8,2) 44
	[0,0] 0
N4186+1:
	(6,5) 31
	[0,0] 0
N4186:
	(8,2) 29
	[0,0] 0
N4188:
	(1,1) 21
	[0,0] 0
N4191:
	(1,1) 21
	[0,0] 0
N4196+1:
	(6,11) 19
	[0,0] 0
N4196:
	(3,14) 16
	[0,0] 0
N4197+1:
	(2,3) 24
	[0,0] 0
N4197:
	(2,5) 22
	[0,0] 0
N4198:
	(2,4) ∞
	[0,0] ∞
N4199:
	(1,1) 53
	[0,0] 0
N4200:
	(1,1) 29
	[0,0] 0
N4203:
	(1,1) 29
	[0,0] 0
N4206:
	(6,6) 28
	[0,0] 0
N4209:
	(6,6) 24
	[0,0] 0
N4212:
	(5,3) 38
	[0,0] 0
N4215:
	(5,3) 37
	[0,0] 0
N4219:
	(5,3) 30
	[0,0] 0
N4223:
	(1,1) 15
	[0,0] 0
N4224:
	(1,1) 15
	[0,0] 0
N4225:
	(2,4) 51
	[0,0] 0
N4228:
	(2,4) 51
	[0,0] 0
N4231:
	(2,4) 51
	[0,0] 0
N4234:
	(2,4) 51
	[0,0] 0
N4237:
	(2,4) 41
	[0,0] 0
N4240:
	(2,4) 41
	[0,0] 0
N4243:
	(2,4) 41
	[0,0] 0
N4246:
	(2,4) 50
	[0,0] 0
N4249:
	(2,4) 50
	[0,0] 0
N4252:
	(2,4) 50
	[0,0] 0
N4255:
	(2,4) 40
	[0,0] 0
N4258:
	(2,4) 40
	[0,0] 0
N4263:
	(1,1) 40
	[0,0] 0
N4264:
	(5,5) 11
	[0,0] 0
N4267:
	(1,1) 15
	[0,0] 0
N4268:
	(2,6) 22
	[0,0] 0
N4269:
	(1,1) 16
	[0,0] 0
N4270:
	(1,1) 16
	[0,0] 0
N4271:
	(2,6) 22
	[0,0] 0
N4272:
	(1,1) 0
	[0,0] 0
N4273+1:
	(5,6) 10
	[0,0] 0
N4273+2:
	(5,4) 10
	[0,0] 0
N4273:
	(11,5) 4
	[0,0] 0
N4274+1:
	(5,6) 10
	[0,0] 0
N4274+2:
	(5,4) 10
	[0,0] 0
N4274:
	(11,5) 4
	[0,0] 0
N4275:
	(1,1) 0
	[0,0] 0
N4276+1:
	(5,6) 10
	[0,0] 0
N4276+2:
	(5,4) 10
	[0,0] 0
N4276:
	(11,5) 4
	[0,0] 0
N4277+1:
	(5,6) 10
	[0,0] 0
N4277+2:
	(5,4) 10
	[0,0] 0
N4277:
	(11,5) 4
	[0,0] 0
N4278:
	(1,1) 0
	[0,0] 0
N4279:
	(1,1) 0
	[0,0] 0
N4280:
	(2,6) 27
	[0,0] 0
N4284:
	(2,6) 33
	[0,0] 0
N4290:
	(2,6) 38
	[0,0] 0
N4297:
	(2,6) 53
	[0,0] 0
N4298:
	(2,6) 50
	[0,0] 0
N4301:
	(2,6) 45
	[0,0] 0
N4305:
	(2,6) 41
	[0,0] 0
N4310:
	(2,6) 36
	[0,0] 0
N4316:
	(2,6) 27
	[0,0] 0
N4320:
	(2,6) 33
	[0,0] 0
N4325:
	(2,6) 38
	[0,0] 0
N4331:
	(2,6) 57
	[0,0] 0
N4332:
	(2,6) 62
	[0,0] 0
N4336:
	(2,6) 68
	[0,0] 0
N4342:
	(2,6) 73
	[0,0] 0
N4349:
	(2,6) 78
	[0,0] 0
N4357:
	(1,1) 25
	[0,0] 0
N4364:
	(1,1) 27
	[0,0] 0
N4375:
	(6,5) 21
	[0,0] 0
N4379:
	(2,6) 22
	[0,0] 0
N4385:
	(2,6) 28
	[0,0] 0
N4392:
	(2,6) 47
	[0,0] 0
N4396:
	(2,6) 48
	[0,0] 0
N4400:
	(2,6) 43
	[0,0] 0
N4405:
	(1,1) 33
	[0,0] 0
N4412:
	(6,5) 35
	[0,0] 0
N4418:
	(1,1) 25
	[0,0] 0
N4425:
	(1,1) 27
	[0,0] 0
N4436:
	(6,5) 21
	[0,0] 0
N4440:
	(2,6) 22
	[0,0] 0
N4445:
	(2,6) 28
	[0,0] 0
N4451:
	(2,6) 53
	[0,0] 0
N4456:
	(2,6) 64
	[0,0] 0
N4462:
	(2,6) 69
	[0,0] 0
N4469:
	(6,5) 71
	[0,0] 0
N4477:
	(1,1) 39
	[0,0] 0
N4512:
	(6,5) 25
	[0,0] 0
N4515:
	(1,1) 45
	[0,0] 0
N4516:
	(1,1) 30
	[0,0] 0
N4521:
	(1,1) 34
	[0,0] 0
N4523:
	(1,1) 34
	[0,0] 0
N4524:
	(1,1) 46
	[0,0] 0
N4532:
	(1,1) 45
	[0,0] 0
N4547+1:
	(2,3) 24
	[0,0] 0
N4547:
	(2,5) 22
	[0,0] 0
N4548:
	(6,5) 33
	[0,0] 0
N4551:
	(6,5) 39
	[0,0] 0
N4554:
	(6,5) 44
	[0,0] 0
N4557:
	(6,5) 38
	[0,0] 0
N4560:
	(6,5) 39
	[0,0] 0
N4563:
	(6,5) 39
	[0,0] 0
N4566:
	(6,5) 39
	[0,0] 0
N4569:
	(6,5) 39
	[0,0] 0
N4572:
	(6,5) 39
	[0,0] 0
N4575:
	(2,7) ∞
	[0,0] ∞
N4578:
	(6,5) 33
	[0,0] 0
N4581:
	(6,5) 39
	[0,0] 0
N4584:
	(6,5) 44
	[0,0] 0
N4587:
	(6,5) 51
	[0,0] 0
N4590:
	(6,5) 41
	[0,0] 0
N4593:
	(6,5) 46
	[0,0] 0
N4596:
	(6,5) 52
	[0,0] 0
N4599:
	(6,5) 48
	[0,0] 0
N4602:
	(6,5) 52
	[0,0] 0
N4605:
	(2,7) 64
	[0,0] 0
N4608:
	(2,7) 70
	[0,0] 0
N4611:
	(6,5) 34
	[0,0] 0
N4614:
	(6,5) 37
	[0,0] 0
N4617:
	(6,5) 38
	[0,0] 0
N4621:
	(6,5) 38
	[0,0] 0
N4624:
	(6,5) 38
	[0,0] 0
N4627:
	(2,7) ∞
	[0,0] ∞
N4630:
	(6,5) 34
	[0,0] 0
N4633:
	(6,5) 40
	[0,0] 0
N4637:
	(6,5) 40
	[0,0] 0
N4640:
	(6,5) 40
	[0,0] 0
N4643:
	(6,5) 40
	[0,0] 0
N4646:
	(2,7) 64
	[0,0] 0
N4649:
	(6,5) 30
	[0,0] 0
N4652:
	(6,5) 30
	[0,0] 0
N4655:
	(6,5) 30
	[0,0] 0
N4658:
	(6,5) 30
	[0,0] 0
N4662:
	(6,5) 16
	[0,0] 0
N4665:
	(6,5) 16
	[0,0] 0
N4668:
	(6,5) 16
	[0,0] 0
N4671:
	(6,5) 16
	[0,0] 0
N4674:
	(6,5) 30
	[0,0] 0
N4677:
	(6,5) 30
	[0,0] 0
N4680:
	(6,5) 30
	[0,0] 0
N4683:
	(6,5) 30
	[0,0] 0
N4686:
	(6,5) 30
	[0,0] 0
N4689:
	(6,5) 16
	[0,0] 0
N4692:
	(6,5) 16
	[0,0] 0
N4695:
	(6,5) 16
	[0,0] 0
N4698:
	(6,5) 16
	[0,0] 0
N4701:
	(7,2) 9
	[0,0] 0
N4702:
	(7,2) 9
	[0,0] 0
N4720:
	(1,1) 44
	[0,0] 0
N4721:
	(3,2) 38
	[0,0] 0
N4724:
	(1,1) 16
	[0,0] 0
N4725:
	(1,1) 16
	[0,0] 0
N4726:
	(1,1) 16
	[0,0] 0
N4727:
	(1,1) 16
	[0,0] 0
N4728:
	(1,1) 16
	[0,0] 0
N4729:
	(1,1) 16
	[0,0] 0
N4730:
	(1,1) 16
	[0,0] 0
N4731:
	(1,1) 16
	[0,0] 0
N4732:
	(1,1) 16
	[0,0] 0
N4733:
	(1,1) 16
	[0,0] 0
N4734:
	(1,1) 16
	[0,0] 0
N4735:
	(1,1) 16
	[0,0] 0
N4736:
	(1,1) 16
	[0,0] 0
N4737:
	(4,9) 0
	[0,0] 0
N4738:
	(4,9) 0
	[0,0] 0
N4739:
	(4,9) 0
	[0,0] 0
N4740:
	(4,9) 0
	[0,0] 0
N4741+1:
	(2,8) 13
	[0,0] 0
N4741:
	(2,10) 11
	[0,0] 0
N4855:
	(1,1) 39
	[0,0] 0
N4856:
	(5,2) 36
	[0,0] 0
N4908:
	(5,2) 35
	[0,0] 0
N4909:
	(1,1) 38
	[0,0] 0
N4939:
	(2,4) 42
	[0,0] 0
N4942:
	(2,4) 27
	[0,0] 0
N4947:
	(1,1) 34
	[0,0] 0
N4953+1:
	(2,7) 19
	[0,0] 0
N4953:
	(2,9) 17
	[0,0] 0
N4954+1:
	(2,7) 19
	[0,0] 0
N4954:
	(2,9) 17
	[0,0] 0
N4955+1:
	(2,3) 19
	[0,0] 0
N4955:
	(3,6) 16
	[0,0] 0
N4956+1:
	(2,6) 25
	[0,0] 0
N4956:
	(2,8) 23
	[0,0] 0
N4957+1:
	(2,6) 25
	[0,0] 0
N4957:
	(2,8) 23
	[0,0] 0
N4958+1:
	(2,6) 25
	[0,0] 0
N4958:
	(2,8) 23
	[0,0] 0
N4959+1:
	(2,6) 25
	[0,0] 0
N4959:
	(2,8) 23
	[0,0] 0
N4960+1:
	(2,6) 24
	[0,0] 0
N4960:
	(2,8) 22
	[0,0] 0
N4961+1:
	(2,6) 24
	[0,0] 0
N4961:
	(2,8) 22
	[0,0] 0
N4965:
	(1,1) 54
	[0,0] 0
N4966:
	(1,1) 54
	[0,0] 0
N4967:
	(1,1) 54
	[0,0] 0
N4968:
	(1,1) 54
	[0,0] 0
N4972:
	(1,1) 53
	[0,0] 0
N4973:
	(1,1) 53
	[0,0] 0
N4974:
	(1,1) 53
	[0,0] 0
N4975:
	(6,2) 48
	[0,0] 0
N4976:
	(1,1) 29
	[0,0] 0
N4977:
	(1,1) 29
	[0,0] 0
N4978+1:
	(6,11) 23
	[0,0] 0
N4978:
	(7,18) 16
	[0,0] 0
N4979+1:
	(2,3) 27
	[0,0] 0
N4979:
	(3,10) 20
	[0,0] 0
N4980+1:
	(2,6) 25
	[0,0] 0
N4980:
	(2,8) 23
	[0,0] 0
N4981+1:
	(2,6) 25
	[0,0] 0
N4981:
	(2,8) 23
	[0,0] 0
N4982+1:
	(2,6) 25
	[0,0] 0
N4982:
	(2,8) 23
	[0,0] 0
N4983+1:
	(2,6) 25
	[0,0] 0
N4983:
	(2,8) 23
	[0,0] 0
N4984+1:
	(2,6) 24
	[0,0] 0
N4984:
	(2,8) 22
	[0,0] 0
N4985+1:
	(2,6) 24
	[0,0] 0
N4985:
	(2,8) 22
	[0,0] 0
N4986+1:
	(2,6) 24
	[0,0] 0
N4986:
	(2,8) 22
	[0,0] 0
N4987+1:
	(2,8) 24
	[0,0] 0
N4987:
	(2,10) 22
	[0,0] 0
N5049:
	(5,8) 6
	[0,0] 0
N5052:
	(1,1) 44
	[0,0] 0
N5053:
	(1,1) 44
	[0,0] 0
N5054:
	(1,1) 45
	[0,0] 0
N5055:
	(1,1) 43
	[0,0] 0
N5056:
	(1,1) 43
	[0,0] 0
N5057:
	(7,2) 38
	[0,0] 0
N5058:
	(1,1) 15
	[0,0] 0
N5059:
	(7,2) 9
	[0,0] 0
N5060+1:
	(2,3) 14
	[0,0] 0
N5060+2:
	(2,3) 14
	[0,0] 0
N5060:
	(3,7) 10
	[0,0] 0
N5061+1:
	(2,3) 14
	[0,0] 0
N5061+2:
	(2,3) 14
	[0,0] 0
N5061:
	(3,7) 10
	[0,0] 0
N5062+1:
	(2,3) 14
	[0,0] 0
N5062+2:
	(2,3) 14
	[0,0] 0
N5062:
	(3,7) 10
	[0,0] 0
N5063+1:
	(2,3) 14
	[0,0] 0
N5063+2:
	(2,3) 14
	[0,0] 0
N5063:
	(3,7) 10
	[0,0] 0
N5065:
	(2,7) 19
	[0,0] 0
N5066+1:
	(2,3) 25
	[0,0] 0
N5066:
	(3,10) 18
	[0,0] 0
N5067:
	(2,7) 19
	[0,0] 0
N5068+1:
	(2,3) 25
	[0,0] 0
N5068:
	(3,10) 18
	[0,0] 0
N5069:
	(1,1) 34
	[0,0] 0
N5070:
	(7,2) 31
	[0,0] 0
N5071:
	(1,1) 40
	[0,0] 0
N5072:
	(7,2) 37
	[0,0] 0
N5073:
	(1,1) 45
	[0,0] 0
N5074:
	(7,2) 42
	[0,0] 0
N5075:
	(1,1) 39
	[0,0] 0
N5076:
	(7,2) 36
	[0,0] 0
N5077:
	(1,1) 40
	[0,0] 0
N5078:
	(7,2) 37
	[0,0] 0
N5079:
	(1,1) 40
	[0,0] 0
N5080:
	(7,2) 37
	[0,0] 0
N5081:
	(1,1) 40
	[0,0] 0
N5082:
	(7,2) 37
	[0,0] 0
N5083:
	(1,1) 40
	[0,0] 0
N5084:
	(7,2) 37
	[0,0] 0
N5085:
	(1,1) 40
	[0,0] 0
N5086:
	(7,2) 37
	[0,0] 0
N5087:
	(1,1) ∞
	[0,0] ∞
N5088:
	(7,2) 31
	[0,0] 0
N5089:
	(1,1) 34
	[0,0] 0
N5090:
	(7,2) 37
	[0,0] 0
N5091:
	(1,1) 40
	[0,0] 0
N5092:
	(7,2) 42
	[0,0] 0
N5093:
	(1,1) 45
	[0,0] 0
N5094:
	(7,2) 49
	[0,0] 0
N5095:
	(1,1) 52
	[0,0] 0
N5096:
	(7,2) 39
	[0,0] 0
N5097:
	(1,1) 42
	[0,0] 0
N5098:
	(7,2) 44
	[0,0] 0
N5099:
	(1,1) 47
	[0,0] 0
N5100:
	(7,2) 50
	[0,0] 0
N5101:
	(1,1) 53
	[0,0] 0
N5102:
	(7,2) 46
	[0,0] 0
N5103:
	(1,1) 49
	[0,0] 0
N5104:
	(7,2) 50
	[0,0] 0
N5105:
	(1,1) 53
	[0,0] 0
N5106:
	(1,1) 35
	[0,0] 0
N5107:
	(7,2) 32
	[0,0] 0
N5108:
	(1,1) 38
	[0,0] 0
N5109:
	(7,2) 35
	[0,0] 0
N5110:
	(1,1) 39
	[0,0] 0
N5111:
	(7,2) 36
	[0,0] 0
N5112:
	(4,2) 36
	[0,0] 0
N5113:
	(1,1) 39
	[0,0] 0
N5114:
	(7,2) 36
	[0,0] 0
N5115:
	(1,1) 39
	[0,0] 0
N5116:
	(7,2) 36
	[0,0] 0
N5117:
	(2,8) 46
	[0,0] 0
N5118:
	(2,8) ∞
	[0,0] ∞
N5119:
	(2,3) 39
	[0,0] 0
N5120:
	(1,1) ∞
	[0,0] ∞
N5121:
	(7,2) 32
	[0,0] 0
N5122:
	(1,1) 35
	[0,0] 0
N5123:
	(7,2) 38
	[0,0] 0
N5124:
	(1,1) 41
	[0,0] 0
N5125:
	(4,2) 35
	[0,0] 0
N5126:
	(7,2) 38
	[0,0] 0
N5127:
	(1,1) 41
	[0,0] 0
N5128:
	(7,2) 38
	[0,0] 0
N5129:
	(1,1) 41
	[0,0] 0
N5130:
	(7,2) 38
	[0,0] 0
N5131:
	(1,1) 41
	[0,0] 0
N5132:
	(2,8) 72
	[0,0] 0
N5133:
	(2,8) 69
	[0,0] 0
N5135:
	(1,1) 34
	[0,0] 0
N5136:
	(1,1) 34
	[0,0] 0
N5137:
	(7,2) 28
	[0,0] 0
N5138:
	(1,1) 33
	[0,0] 0
N5139:
	(1,1) 32
	[0,0] 0
N5140:
	(7,2) 28
	[0,0] 0
N5141:
	(1,1) 34
	[0,0] 0
N5142:
	(1,1) 34
	[0,0] 0
N5143:
	(1,1) 34
	[0,0] 0
N5144:
	(1,1) 34
	[0,0] 0
N5145:
	(7,2) 28
	[0,0] 0
N5146:
	(1,1) 33
	[0,0] 0
N5147:
	(10,6) 13
	[0,0] 0
N5148:
	(7,6) 13
	[0,0] 0
N5150:
	(1,1) 52
	[0,0] 0
N5153:
	(6,2) 49
	[0,0] 0
N5154:
	(6,2) 49
	[0,0] 0
N5155:
	(6,2) 49
	[0,0] 0
N5156:
	(6,2) 49
	[0,0] 0
N5157:
	(1,1) 51
	[0,0] 0
N5160:
	(6,2) 48
	[0,0] 0
N5161:
	(6,2) 48
	[0,0] 0
N5162:
	(6,2) 48
	[0,0] 0
N5163+1:
	(2,7) 23
	[0,0] 0
N5163:
	(2,9) 21
	[0,0] 0
N5164+1:
	(2,7) 23
	[0,0] 0
N5164:
	(2,9) 21
	[0,0] 0
N5165+1:
	(2,6) 25
	[0,0] 0
N5165:
	(2,8) 23
	[0,0] 0
N5166:
	(1,1) 24
	[0,0] 0
N5169:
	(3,7) 38
	[0,0] 0
N5172:
	(1,1) 71
	[0,0] 0
N5173:
	(3,7) 64
	[0,0] 0
N5176:
	(1,1) 77
	[0,0] 0
N5177:
	(3,7) ∞
	[0,0] ∞
N5180:
	(2,2) 32
	[0,0] 0
N5183:
	(2,2) 33
	[0,0] 0
N5186:
	(2,2) ∞
	[0,0] ∞
N5189:
	(2,2) 45
	[0,0] 0
N5192:
	(2,2) ∞
	[0,0] ∞
N5195:
	(3,7) 37
	[0,0] 0
N5198:
	(1,1) 71
	[0,0] 0
N5199:
	(2,2) 44
	[0,0] 0
N5202:
	(2,2) 39
	[0,0] 0
N5205:
	(3,7) 64
	[0,0] 0
N5208:
	(2,2) 44
	[0,0] 0
N5211:
	(2,2) 39
	[0,0] 0
N5214:
	(2,2) 51
	[0,0] 0
N5217:
	(7,6) ∞
	[0,0] ∞
N5220:
	(2,2) ∞
	[0,0] ∞
N5223:
	(1,1) 20
	[0,0] 0
N5224:
	(1,1) 20
	[0,0] 0
N5225:
	(1,1) 20
	[0,0] 0
N5226:
	(1,1) 20
	[0,0] 0
N5227:
	(1,1) 20
	[0,0] 0
N5228:
	(1,1) 20
	[0,0] 0
N5229:
	(1,1) 20
	[0,0] 0
N5230:
	(1,1) 20
	[0,0] 0
N5232:
	(6,2) 39
	[0,0] 0
N5233:
	(6,2) 39
	[0,0] 0
N5234:
	(6,2) 38
	[0,0] 0
N5235:
	(6,2) 38
	[0,0] 0
N5236:
	(5,4) 35
	[0,0] 0
N5239:
	(7,2) 9
	[0,0] 0
N5240+1:
	(4,15) 2
	[0,0] 0
N5240:
	(2,17) 0
	[0,0] 0
N5241:
	(1,1) 16
	[0,0] 0
N5242:
	(4,2) 31
	[0,0] 0
N5243:
	(4,2) 37
	[0,0] 0
N5244:
	(4,2) 42
	[0,0] 0
N5245:
	(4,2) 36
	[0,0] 0
N5246:
	(4,2) 37
	[0,0] 0
N5247:
	(4,2) 37
	[0,0] 0
N5248:
	(4,2) 37
	[0,0] 0
N5249:
	(4,2) 37
	[0,0] 0
N5250:
	(4,2) 37
	[0,0] 0
N5252:
	(4,2) 31
	[0,0] 0
N5253:
	(4,2) 37
	[0,0] 0
N5254:
	(4,2) 42
	[0,0] 0
N5255:
	(4,2) 49
	[0,0] 0
N5256:
	(4,2) 39
	[0,0] 0
N5257:
	(4,2) 44
	[0,0] 0
N5258:
	(4,2) 50
	[0,0] 0
N5259:
	(4,2) 46
	[0,0] 0
N5260:
	(4,2) 50
	[0,0] 0
N5261:
	(4,2) 32
	[0,0] 0
N5262:
	(4,2) 35
	[0,0] 0
N5263:
	(4,2) 36
	[0,0] 0
N5264:
	(5,5) 33
	[0,0] 0
N5274:
	(4,2) 36
	[0,0] 0
N5275:
	(4,2) 36
	[0,0] 0
N5282:
	(4,2) 32
	[0,0] 0
N5283:
	(4,2) 38
	[0,0] 0
N5284:
	(5,5) 32
	[0,0] 0
N5298:
	(4,2) 38
	[0,0] 0
N5299:
	(4,2) 38
	[0,0] 0
N5300:
	(4,2) 38
	[0,0] 0
N5303:
	(7,2) 28
	[0,0] 0
N5304:
	(7,2) 28
	[0,0] 0
N5305:
	(6,2) 28
	[0,0] 0
N5306:
	(5,2) 28
	[0,0] 0
N5307:
	(7,2) 28
	[0,0] 0
N5308:
	(7,2) 28
	[0,0] 0
N5309:
	(7,2) 28
	[0,0] 0
N5310:
	(7,2) 28
	[0,0] 0
N5311:
	(6,2) 28
	[0,0] 0
N5312:
	(1,1) 13
	[0,0] 0
N5315:
	(5,7) 46
	[0,0] 0
N5319:
	(5,7) 46
	[0,0] 0
N5324:
	(5,7) 45
	[0,0] 0
N5328:
	(5,7) 45
	[0,0] 0
N5331:
	(10,10) 13
	[0,0] 0
N5332:
	(10,6) 17
	[0,0] 0
N5346:
	(9,4) 32
	[0,0] 0
N5363:
	(7,2) 14
	[0,0] 0
N5364:
	(7,2) 14
	[0,0] 0
N5365:
	(7,2) 14
	[0,0] 0
N5366:
	(7,2) 14
	[0,0] 0
N5367:
	(7,2) 14
	[0,0] 0
N5368:
	(7,2) 14
	[0,0] 0
N5369:
	(7,2) 14
	[0,0] 0
N5370:
	(7,2) 14
	[0,0] 0
N5371:
	(13,8) 6
	[0,0] 0
N5374:
	(3,5) 41
	[0,0] 0
N5377:
	(5,7) 36
	[0,0] 0
N5382:
	(5,7) 35
	[0,0] 0
N5385:
	(5,8) 6
	[0,0] 0
N5388+1:
	(4,15) 2
	[0,0] 0
N5388:
	(2,17) 0
	[0,0] 0
N5389:
	(5,5) 28
	[0,0] 0
N5396:
	(5,5) 34
	[0,0] 0
N5407:
	(5,5) 39
	[0,0] 0
N5418:
	(5,5) 33
	[0,0] 0
N5424:
	(5,5) 34
	[0,0] 0
N5431:
	(5,5) 34
	[0,0] 0
N5441:
	(5,5) 34
	[0,0] 0
N5452:
	(5,5) 34
	[0,0] 0
N5462:
	(5,5) 34
	[0,0] 0
N5469:
	(1,1) 43
	[0,0] 0
N5470:
	(5,5) 28
	[0,0] 0
N5477:
	(5,5) 34
	[0,0] 0
N5488:
	(5,5) 39
	[0,0] 0
N5498:
	(5,5) 46
	[0,0] 0
N5506:
	(5,5) 36
	[0,0] 0
N5520:
	(5,5) 41
	[0,0] 0
N5536:
	(5,5) 47
	[0,0] 0
N5549:
	(5,5) 43
	[0,0] 0
N5555:
	(5,5) 47
	[0,0] 0
N5562:
	(5,5) 29
	[0,0] 0
N5573:
	(5,5) 32
	[0,0] 0
N5579:
	(5,5) 33
	[0,0] 0
N5595:
	(5,5) 33
	[0,0] 0
N5606:
	(5,5) 33
	[0,0] 0
N5616:
	(4,2) 30
	[0,0] 0
N5617:
	(1,1) 33
	[0,0] 0
N5618:
	(1,1) 39
	[0,0] 0
N5619:
	(1,1) ∞
	[0,0] ∞
N5620:
	(1,1) 52
	[0,0] 0
N5621:
	(1,1) ∞
	[0,0] ∞
N5622:
	(1,1) 42
	[0,0] 0
N5624:
	(5,5) 29
	[0,0] 0
N5634:
	(5,5) 35
	[0,0] 0
N5655:
	(5,5) 35
	[0,0] 0
N5671:
	(5,5) 35
	[0,0] 0
N5684:
	(5,5) 35
	[0,0] 0
N5690:
	(1,1) 43
	[0,0] 0
N5691:
	(1,1) 43
	[0,0] 0
N5692:
	(5,8) 25
	[0,0] 0
N5696:
	(5,7) 25
	[0,0] 0
N5700:
	(5,6) 25
	[0,0] 0
N5703:
	(5,8) 25
	[0,0] 0
N5707:
	(5,8) 25
	[0,0] 0
N5711:
	(5,7) 25
	[0,0] 0
N5726:
	(2,7) 23
	[0,0] 0
N5727:
	(1,1) 64
	[0,0] 0
N5728:
	(1,1) ∞
	[0,0] ∞
N5730:
	(1,1) 52
	[0,0] 0
N5731:
	(1,1) 64
	[0,0] 0
N5732:
	(1,1) 52
	[0,0] 0
N5733:
	(1,1) 59
	[0,0] 0
N5734:
	(1,1) ∞
	[0,0] ∞
N5735:
	(1,1) ∞
	[0,0] ∞
N5736:
	(5,8) 11
	[0,0] 0
N5739:
	(5,8) 11
	[0,0] 0
N5742:
	(5,8) 11
	[0,0] 0
N5745:
	(5,8) 11
	[0,0] 0
N5755:
	(1,1) 41
	[0,0] 0
N5756:
	(17,11) 6
	[0,0] 0
N5954:
	(3,12) 51
	[0,0] 0
N5955:
	(4,2) 30
	[0,0] 0
N5956:
	(1,1) 37
	[0,0] 0
N6005:
	(3,12) 75
	[0,0] 0
N6006:
	(3,12) ∞
	[0,0] ∞
N6023:
	(1,1) 13
	[0,0] 0
N6024:
	(10,2) 4
	[0,0] 0
N6025:
	(1,1) 46
	[0,0] 0
N6028:
	(1,1) 45
	[0,0] 0
N6031:
	(6,8) 51
	[0,0] 0
N6034:
	(6,8) 45
	[0,0] 0
N6037:
	(6,8) 50
	[0,0] 0
N6040:
	(6,8) 44
	[0,0] 0
N6044:
	(1,1) 16
	[0,0] 0
N6045:
	(4,2) 21
	[0,0] 0
N6048:
	(6,6) 32
	[0,0] 0
N6051:
	(6,6) 31
	[0,0] 0
N6054:
	(6,6) ∞
	[0,0] ∞
N6065:
	(1,1) 44
	[0,0] 0
N6066:
	(7,2) 39
	[0,0] 0
N6067:
	(1,1) 42
	[0,0] 0
N6068:
	(1,1) 38
	[0,0] 0
N6069:
	(9,2) 33
	[0,0] 0
N6071:
	(3,12) 21
	[0,0] 0
N6072+1:
	(6,11) 28
	[0,0] 0
N6072:
	(3,18) 21
	[0,0] 0
N6073+1:
	(6,11) 33
	[0,0] 0
N6073+2:
	(3,12) 32
	[0,0] 0
N6073:
	(4,24) 20
	[0,0] 0
N6074+1:
	(2,7) 27
	[0,0] 0
N6074+2:
	(2,8) 26
	[0,0] 0
N6074:
	(3,16) 18
	[0,0] 0
N6075:
	(3,12) 21
	[0,0] 0
N6076+1:
	(6,11) 28
	[0,0] 0
N6076:
	(3,18) 21
	[0,0] 0
N6077+1:
	(6,11) 33
	[0,0] 0
N6077+2:
	(3,12) 32
	[0,0] 0
N6077:
	(4,24) 20
	[0,0] 0
N6078+1:
	(2,7) 27
	[0,0] 0
N6078+2:
	(2,8) 26
	[0,0] 0
N6078:
	(3,16) 18
	[0,0] 0
N6079:
	(1,1) 41
	[0,0] 0
N6080+1:
	(6,11) 37
	[0,0] 0
N6080+2:
	(6,11) 37
	[0,0] 0
N6080:
	(7,23) 25
	[0,0] 0
N6083:
	(3,12) 61
	[0,0] 0
N6084+1:
	(3,12) 66
	[0,0] 0
N6084:
	(4,18) 60
	[0,0] 0
N6085+1:
	(6,11) 64
	[0,0] 0
N6085:
	(6,17) 58
	[0,0] 0
N6086:
	(3,12) ∞
	[0,0] ∞
N6087+1:
	(3,12) ∞
	[0,0] ∞
N6087:
	(4,18) ∞
	[0,0] ∞
N6088:
	(3,12) 56
	[0,0] 0
N6089:
	(6,11) 53
	[0,0] 0
N6090:
	(3,12) ∞
	[0,0] ∞
N6091+1:
	(6,11) 41
	[0,0] 0
N6091+2:
	(6,16) 36
	[0,0] 0
N6091:
	(7,28) 24
	[0,0] 0
N6094:
	(3,12) 52
	[0,0] 0
N6095+1:
	(6,11) 59
	[0,0] 0
N6095:
	(3,18) 52
	[0,0] 0
N6096+1:
	(6,11) 64
	[0,0] 0
N6096+2:
	(3,12) 63
	[0,0] 0
N6096:
	(4,24) 51
	[0,0] 0
N6097+1:
	(6,11) 69
	[0,0] 0
N6097+2:
	(3,17) 63
	[0,0] 0
N6097:
	(4,29) 51
	[0,0] 0
N6098:
	(3,12) 49
	[0,0] 0
N6099+1:
	(3,12) 54
	[0,0] 0
N6099:
	(4,18) 48
	[0,0] 0
N6100+1:
	(6,11) 61
	[0,0] 0
N6100+2:
	(3,12) 60
	[0,0] 0
N6100:
	(4,24) 48
	[0,0] 0
N6101+1:
	(2,7) 66
	[0,0] 0
N6101+2:
	(6,16) 57
	[0,0] 0
N6101:
	(3,24) 49
	[0,0] 0
N6102:
	(3,12) 44
	[0,0] 0
N6103+1:
	(6,11) 51
	[0,0] 0
N6103:
	(3,18) 44
	[0,0] 0
N6104+1:
	(2,7) 56
	[0,0] 0
N6104+2:
	(6,11) 52
	[0,0] 0
N6104:
	(3,19) 44
	[0,0] 0
N6105:
	(3,12) 40
	[0,0] 0
N6106+1:
	(2,7) 46
	[0,0] 0
N6106:
	(3,13) 40
	[0,0] 0
N6107:
	(2,7) 36
	[0,0] 0
N6108+1:
	(6,11) 37
	[0,0] 0
N6108+2:
	(6,11) 37
	[0,0] 0
N6108:
	(7,23) 25
	[0,0] 0
N6111:
	(3,12) 74
	[0,0] 0
N6112+1:
	(3,12) 79
	[0,0] 0
N6112:
	(4,18) 73
	[0,0] 0
N6113+1:
	(6,11) 77
	[0,0] 0
N6113:
	(6,17) 71
	[0,0] 0
N6114:
	(3,12) 67
	[0,0] 0
N6115+1:
	(3,12) 73
	[0,0] 0
N6115:
	(4,18) 67
	[0,0] 0
N6116:
	(3,12) 74
	[0,0] 0
N6117+1:
	(6,11) 41
	[0,0] 0
N6117+2:
	(6,16) 36
	[0,0] 0
N6117:
	(7,28) 24
	[0,0] 0
N6120:
	(3,12) 56
	[0,0] 0
N6121+1:
	(6,11) 63
	[0,0] 0
N6121:
	(3,18) 56
	[0,0] 0
N6122+1:
	(6,11) 68
	[0,0] 0
N6122+2:
	(3,12) 67
	[0,0] 0
N6122:
	(4,24) 55
	[0,0] 0
N6123+1:
	(6,11) 73
	[0,0] 0
N6123+2:
	(3,17) 67
	[0,0] 0
N6123:
	(4,29) 55
	[0,0] 0
N6124:
	(3,12) 80
	[0,0] 0
N6125+1:
	(3,12) 85
	[0,0] 0
N6125:
	(4,18) 79
	[0,0] 0
N6126+1:
	(6,11) 92
	[0,0] 0
N6126+2:
	(3,12) 91
	[0,0] 0
N6126:
	(4,24) 79
	[0,0] 0
N6127+1:
	(6,11) 88
	[0,0] 0
N6127+2:
	(6,11) 88
	[0,0] 0
N6127:
	(7,23) 76
	[0,0] 0
N6128:
	(3,12) ∞
	[0,0] ∞
N6129+1:
	(3,12) ∞
	[0,0] ∞
N6129:
	(4,18) ∞
	[0,0] ∞
N6130+1:
	(6,11) ∞
	[0,0] ∞
N6130+2:
	(3,12) ∞
	[0,0] ∞
N6130:
	(4,24) ∞
	[0,0] ∞
N6131:
	(3,12) 84
	[0,0] 0
N6132+1:
	(6,11) 91
	[0,0] 0
N6132:
	(3,18) 84
	[0,0] 0
N6133+1:
	(6,11) 87
	[0,0] 0
N6133:
	(6,17) 81
	[0,0] 0
N6134:
	(3,12) ∞
	[0,0] ∞
N6135+1:
	(6,11) ∞
	[0,0] ∞
N6135:
	(3,18) ∞
	[0,0] ∞
N6136:
	(3,12) 75
	[0,0] 0
N6137:
	(6,11) 71
	[0,0] 0
N6138:
	(6,11) 72
	[0,0] 0
N6139:
	(1,1) 40
	[0,0] 0
N6140+1:
	(2,7) 33
	[0,0] 0
N6140+2:
	(2,7) 33
	[0,0] 0
N6140:
	(3,15) 25
	[0,0] 0
N6143+1:
	(3,12) 48
	[0,0] 0
N6143:
	(2,14) 46
	[0,0] 0
N6144+1:
	(6,11) 48
	[0,0] 0
N6144:
	(2,13) 46
	[0,0] 0
N6145+1:
	(3,12) ∞
	[0,0] ∞
N6145:
	(2,14) ∞
	[0,0] ∞
N6146:
	(3,12) 55
	[0,0] 0
N6147:
	(6,11) 52
	[0,0] 0
N6148:
	(3,12) ∞
	[0,0] ∞
N6149+1:
	(2,7) 33
	[0,0] 0
N6149+2:
	(6,16) 24
	[0,0] 0
N6149:
	(3,24) 16
	[0,0] 0
N6152:
	(3,10) 46
	[0,0] 0
N6153+1:
	(6,11) 53
	[0,0] 0
N6153:
	(3,18) 46
	[0,0] 0
N6154+1:
	(6,11) 58
	[0,0] 0
N6154+2:
	(3,12) 57
	[0,0] 0
N6154:
	(4,24) 45
	[0,0] 0
N6155+1:
	(6,11) 59
	[0,0] 0
N6155+2:
	(6,16) 54
	[0,0] 0
N6155:
	(7,28) 42
	[0,0] 0
N6156+1:
	(3,12) 56
	[0,0] 0
N6156:
	(4,18) 50
	[0,0] 0
N6157+1:
	(6,11) 59
	[0,0] 0
N6157+2:
	(6,11) 59
	[0,0] 0
N6157:
	(7,23) 47
	[0,0] 0
N6158+1:
	(2,3) 68
	[0,0] 0
N6158+2:
	(6,16) 55
	[0,0] 0
N6158:
	(3,20) 51
	[0,0] 0
N6159:
	(3,12) 47
	[0,0] 0
N6160+1:
	(6,11) 49
	[0,0] 0
N6160:
	(7,17) 43
	[0,0] 0
N6161+1:
	(2,3) 59
	[0,0] 0
N6161+2:
	(6,11) 51
	[0,0] 0
N6161:
	(3,15) 47
	[0,0] 0
N6162:
	(6,11) 39
	[0,0] 0
N6163+1:
	(2,3) 48
	[0,0] 0
N6163:
	(3,9) 42
	[0,0] 0
N6164:
	(5,5) 27
	[0,0] 0
N6168+1:
	(6,11) 29
	[0,0] 0
N6168+2:
	(2,3) 37
	[0,0] 0
N6168:
	(3,15) 25
	[0,0] 0
N6171+1:
	(3,12) 74
	[0,0] 0
N6171:
	(2,14) 72
	[0,0] 0
N6172+1:
	(6,11) 74
	[0,0] 0
N6172:
	(2,13) 72
	[0,0] 0
N6173+1:
	(3,12) 68
	[0,0] 0
N6173:
	(2,14) 66
	[0,0] 0
N6174:
	(3,12) 74
	[0,0] 0
N6175+1:
	(2,7) 33
	[0,0] 0
N6175+2:
	(6,16) 24
	[0,0] 0
N6175:
	(3,24) 16
	[0,0] 0
N6178:
	(3,10) 52
	[0,0] 0
N6179+1:
	(6,11) 59
	[0,0] 0
N6179:
	(3,18) 52
	[0,0] 0
N6180+1:
	(6,11) 64
	[0,0] 0
N6180+2:
	(3,12) 63
	[0,0] 0
N6180:
	(4,24) 51
	[0,0] 0
N6181+1:
	(6,11) 65
	[0,0] 0
N6181+2:
	(6,16) 60
	[0,0] 0
N6181:
	(7,28) 48
	[0,0] 0
N6182+1:
	(3,12) 80
	[0,0] 0
N6182:
	(4,18) 74
	[0,0] 0
N6183+1:
	(6,11) 83
	[0,0] 0
N6183+2:
	(6,11) 83
	[0,0] 0
N6183:
	(7,23) 71
	[0,0] 0
N6184+1:
	(2,7) 87
	[0,0] 0
N6184+2:
	(6,11) 83
	[0,0] 0
N6184:
	(3,19) 75
	[0,0] 0
N6185+1:
	(3,12) ∞
	[0,0] ∞
N6185:
	(4,18) ∞
	[0,0] ∞
N6186+1:
	(6,11) ∞
	[0,0] ∞
N6186+2:
	(6,11) ∞
	[0,0] ∞
N6186:
	(7,23) ∞
	[0,0] ∞
N6187:
	(3,12) 76
	[0,0] 0
N6188+1:
	(6,11) 78
	[0,0] 0
N6188:
	(7,17) 72
	[0,0] 0
N6189+1:
	(2,7) 82
	[0,0] 0
N6189:
	(3,13) 76
	[0,0] 0
N6190:
	(3,12) ∞
	[0,0] ∞
N6191+1:
	(6,11) ∞
	[0,0] ∞
N6191:
	(7,17) ∞
	[0,0] ∞
N6192:
	(6,11) 67
	[0,0] 0
N6193:
	(6,11) 71
	[0,0] 0
N6194:
	(2,7) 71
	[0,0] 0
N6197:
	(1,1) 30
	[0,0] 0
N6200:
	(1,1) 30
	[0,0] 0
N6203:
	(1,1) 31
	[0,0] 0
N6206:
	(1,1) 31
	[0,0] 0
N6209:
	(6,7) 33
	[0,0] 0
N6212:
	(6,7) 24
	[0,0] 0
N6215:
	(6,8) 34
	[0,0] 0
N6218:
	(6,8) 24
	[0,0] 0
N6221:
	(10,2) 4
	[0,0] 0
N6234:
	(1,1) 13
	[0,0] 0
N6235:
	(13,2) 4
	[0,0] 0
N6238:
	(6,6) 33
	[0,0] 0
N6241:
	(6,6) 46
	[0,0] 0
N6244:
	(6,6) ∞
	[0,0] ∞
N6247:
	(6,6) 46
	[0,0] 0
N6250:
	(6,6) ∞
	[0,0] ∞
N6253:
	(6,6) ∞
	[0,0] ∞
N6256:
	(6,6) 38
	[0,0] 0
N6259:
	(6,6) 33
	[0,0] 0
N6262:
	(6,6) 33
	[0,0] 0
N6265:
	(6,6) 33
	[0,0] 0
N6268:
	(6,6) 33
	[0,0] 0
N6271:
	(6,6) 54
	[0,0] 0
N6274:
	(6,6) 49
	[0,0] 0
N6277:
	(6,6) 44
	[0,0] 0
N6280:
	(6,6) 39
	[0,0] 0
N6283:
	(6,6) 54
	[0,0] 0
N6286:
	(6,6) 49
	[0,0] 0
N6289:
	(6,6) 44
	[0,0] 0
N6292:
	(6,6) 39
	[0,0] 0
N6295:
	(6,6) 55
	[0,0] 0
N6298:
	(6,6) 50
	[0,0] 0
N6301:
	(6,6) 45
	[0,0] 0
N6304:
	(6,6) 40
	[0,0] 0
N6307:
	(6,6) 35
	[0,0] 0
N6310:
	(6,6) ∞
	[0,0] ∞
N6313:
	(6,6) ∞
	[0,0] ∞
N6316:
	(6,6) ∞
	[0,0] ∞
N6319:
	(6,6) ∞
	[0,0] ∞
N6322:
	(6,6) ∞
	[0,0] ∞
N6325:
	(6,6) ∞
	[0,0] ∞
N6328:
	(6,6) 37
	[0,0] 0
N6331:
	(6,6) 32
	[0,0] 0
N6335:
	(6,6) 32
	[0,0] 0
N6338:
	(6,6) 32
	[0,0] 0
N6341:
	(6,6) 54
	[0,0] 0
N6344:
	(6,6) 49
	[0,0] 0
N6347:
	(6,6) 54
	[0,0] 0
N6350:
	(6,6) 49
	[0,0] 0
N6353:
	(6,6) 46
	[0,0] 0
N6356:
	(6,6) 41
	[0,0] 0
N6359:
	(6,6) 36
	[0,0] 0
N6364:
	(6,6) ∞
	[0,0] ∞
N6367:
	(6,6) ∞
	[0,0] ∞
N6370:
	(6,6) ∞
	[0,0] ∞
N6373:
	(1,1) 18
	[0,0] 0
N6374:
	(1,1) 18
	[0,0] 0
N6375:
	(1,1) 18
	[0,0] 0
N6376:
	(1,1) 18
	[0,0] 0
N6377:
	(6,2) 39
	[0,0] 0
N6378:
	(6,2) 33
	[0,0] 0
N6382+1:
	(6,7) 18
	[0,0] 0
N6382+2:
	(8,19) 16
	[0,0] 0
N6382:
	(15,8) 9
	[0,0] 0
N6386+1:
	(8,5) 13
	[0,0] 0
N6386+2:
	(7,11) 14
	[0,0] 0
N6386:
	(16,6) 5
	[0,0] 0
N6388+1:
	(6,7) 18
	[0,0] 0
N6388+2:
	(8,19) 16
	[0,0] 0
N6388:
	(15,8) 9
	[0,0] 0
N6392+1:
	(8,5) 13
	[0,0] 0
N6392+2:
	(7,11) 14
	[0,0] 0
N6392:
	(16,6) 5
	[0,0] 0
N6397+1:
	(6,7) 49
	[0,0] 0
N6397+2:
	(12,19) 43
	[0,0] 0
N6397:
	(19,8) 36
	[0,0] 0
N6411:
	(6,7) 71
	[0,0] 0
N6415+1:
	(6,7) 53
	[0,0] 0
N6415+2:
	(12,19) 47
	[0,0] 0
N6415:
	(19,8) 40
	[0,0] 0
N6419:
	(6,7) 72
	[0,0] 0
N6427+1:
	(6,7) 43
	[0,0] 0
N6427+2:
	(15,19) 34
	[0,0] 0
N6427:
	(22,8) 27
	[0,0] 0
N6434:
	(1,1) 39
	[0,0] 0
N6437:
	(6,7) 71
	[0,0] 0
N6441+1:
	(6,7) 49
	[0,0] 0
N6441+2:
	(15,19) 40
	[0,0] 0
N6441:
	(22,8) 33
	[0,0] 0
N6445:
	(9,7) 64
	[0,0] 0
N6448:
	(1,1) 39
	[0,0] 0
N6449:
	(1,1) ∞
	[0,0] ∞
N6466:
	(5,11) 1
	[0,0] 0
N6469:
	(1,1) 52
	[0,0] 0
N6470:
	(1,1) 46
	[0,0] 0
N6471:
	(1,1) 51
	[0,0] 0
N6472:
	(1,1) 45
	[0,0] 0
N6473+1:
	(2,9) 50
	[0,0] 0
N6473:
	(3,18) 41
	[0,0] 0
N6474+1:
	(2,3) 50
	[0,0] 0
N6474:
	(3,12) 41
	[0,0] 0
N6475+1:
	(2,9) 49
	[0,0] 0
N6475:
	(3,18) 40
	[0,0] 0
N6476+1:
	(2,3) 49
	[0,0] 0
N6476:
	(3,12) 40
	[0,0] 0
N6477:
	(10,2) 4
	[0,0] 0
N6478:
	(4,2) 21
	[0,0] 0
N6482+1:
	(6,7) 58
	[0,0] 0
N6482+2:
	(11,18) 53
	[0,0] 0
N6482:
	(18,8) 46
	[0,0] 0
N6486+1:
	(7,6) ∞
	[0,0] ∞
N6486:
	(7,12) ∞
	[0,0] ∞
N6490+1:
	(6,7) 53
	[0,0] 0
N6490:
	(13,8) 46
	[0,0] 0
N6494:
	(7,6) ∞
	[0,0] ∞
N6500+1:
	(6,7) 46
	[0,0] 0
N6500+2:
	(12,19) 40
	[0,0] 0
N6500:
	(19,8) 33
	[0,0] 0
N6504+1:
	(6,7) 41
	[0,0] 0
N6504+2:
	(7,19) 40
	[0,0] 0
N6504:
	(14,8) 33
	[0,0] 0
N6508+1:
	(6,7) 37
	[0,0] 0
N6508:
	(10,8) 33
	[0,0] 0
N6512:
	(5,7) 33
	[0,0] 0
N6516+1:
	(6,7) 71
	[0,0] 0
N6516+2:
	(11,18) 66
	[0,0] 0
N6516:
	(18,8) 59
	[0,0] 0
N6526+1:
	(7,6) 64
	[0,0] 0
N6526:
	(7,12) 59
	[0,0] 0
N6536+1:
	(6,7) 81
	[0,0] 0
N6536+2:
	(10,18) 77
	[0,0] 0
N6536:
	(17,8) 70
	[0,0] 0
N6539+1:
	(6,7) 77
	[0,0] 0
N6539+2:
	(16,19) 67
	[0,0] 0
N6539:
	(23,8) 60
	[0,0] 0
N6553+1:
	(7,6) ∞
	[0,0] ∞
N6553:
	(7,11) ∞
	[0,0] ∞
N6556+1:
	(7,6) ∞
	[0,0] ∞
N6556+2:
	(19,9) ∞
	[0,0] ∞
N6556:
	(7,27) ∞
	[0,0] ∞
N6566+1:
	(9,6) 39
	[0,0] 0
N6566+2:
	(5,14) 43
	[0,0] 0
N6566:
	(15,7) 33
	[0,0] 0
N6569+1:
	(6,9) ∞
	[0,0] ∞
N6569:
	(10,9) ∞
	[0,0] ∞
N6572+1:
	(6,7) 52
	[0,0] 0
N6572:
	(13,8) 45
	[0,0] 0
N6575:
	(7,6) ∞
	[0,0] ∞
N6580+1:
	(6,5) 48
	[0,0] 0
N6580+2:
	(15,19) 39
	[0,0] 0
N6580:
	(22,6) 32
	[0,0] 0
N6584+1:
	(6,7) 44
	[0,0] 0
N6584+2:
	(11,16) 39
	[0,0] 0
N6584:
	(18,8) 32
	[0,0] 0
N6587+1:
	(9,7) 36
	[0,0] 0
N6587:
	(13,8) 32
	[0,0] 0
N6592+1:
	(9,6) 65
	[0,0] 0
N6592+2:
	(5,14) 69
	[0,0] 0
N6592:
	(15,7) 59
	[0,0] 0
N6599+1:
	(6,9) 62
	[0,0] 0
N6599:
	(10,9) 59
	[0,0] 0
N6606+1:
	(6,7) 73
	[0,0] 0
N6606+2:
	(11,14) 68
	[0,0] 0
N6606:
	(18,8) 61
	[0,0] 0
N6609+1:
	(6,5) 72
	[0,0] 0
N6609+2:
	(15,19) 63
	[0,0] 0
N6609:
	(22,6) 56
	[0,0] 0
N6619+1:
	(7,6) ∞
	[0,0] ∞
N6619:
	(7,15) ∞
	[0,0] ∞
N6622+1:
	(5,6) ∞
	[0,0] ∞
N6622+2:
	(19,12) ∞
	[0,0] ∞
N6622:
	(7,25) ∞
	[0,0] ∞
N6630:
	(10,2) 9
	[0,0] 0
N6631:
	(10,2) 9
	[0,0] 0
N6632:
	(10,2) 9
	[0,0] 0
N6633:
	(10,2) 9
	[0,0] 0
N6634:
	(5,7) 36
	[0,0] 0
N6637:
	(5,7) 30
	[0,0] 0
N6640:
	(1,1) ∞
	[0,0] ∞
N6641:
	(8,52) 0
	[0,0] 0
N6643:
	(4,40) 0
	[0,0] 0
N6646:
	(4,40) 0
	[0,0] 0
N6648:
	(8,52) 0
	[0,0] 0
N6650:
	(8,2) 31
	[0,0] 0
N6651:
	(1,1) 34
	[0,0] 0
N6653:
	(1,1) 53
	[0,0] 0
N6655:
	(1,1) ∞
	[0,0] ∞
N6657:
	(1,1) 53
	[0,0] 0
N6659:
	(1,1) ∞
	[0,0] ∞
N6660:
	(8,2) ∞
	[0,0] ∞
N6661:
	(1,1) ∞
	[0,0] ∞
N6662:
	(8,2) 36
	[0,0] 0
N6663:
	(1,1) 44
	[0,0] 0
N6664:
	(2,30) 53
	[0,0] 0
N6666:
	(1,1) 40
	[0,0] 0
N6668:
	(1,1) 40
	[0,0] 0
N6670:
	(1,1) 40
	[0,0] 0
N6672:
	(1,1) 39
	[0,0] 0
N6675:
	(1,1) 44
	[0,0] 0
N6680:
	(1,1) 47
	[0,0] 0
N6681:
	(1,1) 47
	[0,0] 0
N6682:
	(1,1) 43
	[0,0] 0
N6683:
	(1,1) ∞
	[0,0] ∞
N6689:
	(8,2) ∞
	[0,0] ∞
N6690:
	(1,1) ∞
	[0,0] ∞
N6691:
	(8,2) 35
	[0,0] 0
N6692:
	(1,1) 43
	[0,0] 0
N6693:
	(2,26) 47
	[0,0] 0
N6695:
	(1,1) 37
	[0,0] 0
N6698:
	(1,1) 39
	[0,0] 0
N6699:
	(8,2) 30
	[0,0] 0
N6700:
	(1,1) 35
	[0,0] 0
N6703:
	(1,1) 40
	[0,0] 0
N6708:
	(1,1) 31
	[0,0] 0
N6709:
	(1,1) 32
	[0,0] 0
N6710:
	(1,1) 32
	[0,0] 0
N6711:
	(1,1) 32
	[0,0] 0
N6712+1:
	(6,16) 24
	[0,0] 0
N6712:
	(7,24) 16
	[0,0] 0
N6713+1:
	(2,3) 28
	[0,0] 0
N6713:
	(3,11) 20
	[0,0] 0
N6714+1:
	(6,17) 25
	[0,0] 0
N6714:
	(7,26) 16
	[0,0] 0
N6715+1:
	(2,3) 29
	[0,0] 0
N6715:
	(3,12) 20
	[0,0] 0
N6716:
	(6,12) 0
	[0,0] 0
N6718+1:
	(3,8) 24
	[0,0] 0
N6718:
	(2,10) 22
	[0,0] 0
N6719+1:
	(2,9) 44
	[0,0] 0
N6719:
	(2,11) 42
	[0,0] 0
N6720+1:
	(2,3) 44
	[0,0] 0
N6720:
	(2,5) 42
	[0,0] 0
N6721+1:
	(2,9) 43
	[0,0] 0
N6721:
	(2,11) 41
	[0,0] 0
N6722+1:
	(2,3) 43
	[0,0] 0
N6722:
	(2,5) 41
	[0,0] 0
N6724:
	(5,11) 1
	[0,0] 0
N6739:
	(1,1) 64
	[0,0] 0
N6740:
	(1,1) 57
	[0,0] 0
N6741:
	(1,1) 52
	[0,0] 0
N6744:
	(1,1) 60
	[0,0] 0
N6745:
	(1,1) 57
	[0,0] 0
N6746:
	(1,1) 52
	[0,0] 0
N6751:
	(1,1) 65
	[0,0] 0
N6752:
	(1,1) 58
	[0,0] 0
N6753:
	(1,1) 53
	[0,0] 0
N6754:
	(1,1) 48
	[0,0] 0
N6755:
	(1,1) ∞
	[0,0] ∞
N6760:
	(1,1) ∞
	[0,0] ∞
N6761:
	(1,1) ∞
	[0,0] ∞
N6762:
	(1,1) ∞
	[0,0] ∞
N6772:
	(1,1) 63
	[0,0] 0
N6773:
	(1,1) 57
	[0,0] 0
N6776:
	(1,1) 60
	[0,0] 0
N6777:
	(1,1) 57
	[0,0] 0
N6782:
	(1,1) 50
	[0,0] 0
N6783:
	(1,1) 48
	[0,0] 0
N6784:
	(1,1) 44
	[0,0] 0
N6785:
	(1,1) ∞
	[0,0] ∞
N6790:
	(1,1) ∞
	[0,0] ∞
N6791:
	(1,1) ∞
	[0,0] ∞
N6792:
	(5,11) 6
	[0,0] 0
N6795:
	(5,11) 6
	[0,0] 0
N6801:
	(8,32) 16
	[0,0] 0
N6802:
	(4,24) 17
	[0,0] 0
N6803:
	(8,32) 16
	[0,0] 0
N6804:
	(4,24) 17
	[0,0] 0
N6805:
	(1,1) 17
	[0,0] 0
N6806:
	(4,2) 31
	[0,0] 0
N6807:
	(1,1) 51
	[0,0] 0
N6808:
	(10,2) 44
	[0,0] 0
N6809:
	(1,1) ∞
	[0,0] ∞
N6810:
	(14,2) ∞
	[0,0] ∞
N6811:
	(1,1) 51
	[0,0] 0
N6812:
	(10,2) 44
	[0,0] 0
N6813:
	(1,1) ∞
	[0,0] ∞
N6814:
	(8,2) ∞
	[0,0] ∞
N6815:
	(9,2) ∞
	[0,0] ∞
N6816:
	(9,2) 36
	[0,0] 0
N6817:
	(22,9) 33
	[0,0] 0
N6823:
	(1,1) 38
	[0,0] 0
N6824:
	(10,2) 31
	[0,0] 0
N6825:
	(1,1) 38
	[0,0] 0
N6826:
	(10,2) 31
	[0,0] 0
N6827:
	(1,1) 38
	[0,0] 0
N6828:
	(10,2) 31
	[0,0] 0
N6829:
	(1,1) 38
	[0,0] 0
N6830:
	(9,2) 31
	[0,0] 0
N6831:
	(1,1) 42
	[0,0] 0
N6834:
	(1,1) 34
	[0,0] 0
N6835:
	(9,2) 31
	[0,0] 0
N6836:
	(1,1) ∞
	[0,0] ∞
N6837:
	(11,2) ∞
	[0,0] ∞
N6838:
	(1,1) 46
	[0,0] 0
N6839:
	(10,2) 43
	[0,0] 0
N6840:
	(1,1) ∞
	[0,0] ∞
N6841:
	(8,2) ∞
	[0,0] ∞
N6842:
	(9,2) ∞
	[0,0] ∞
N6843:
	(9,2) 35
	[0,0] 0
N6844:
	(25,9) 24
	[0,0] 0
N6850:
	(1,1) 37
	[0,0] 0
N6851:
	(8,2) 30
	[0,0] 0
N6852:
	(1,1) 37
	[0,0] 0
N6853:
	(10,2) 30
	[0,0] 0
N6854:
	(1,1) 37
	[0,0] 0
N6855:
	(10,2) 30
	[0,0] 0
N6856:
	(6,2) 30
	[0,0] 0
N6857:
	(1,1) 38
	[0,0] 0
N6860+1:
	(2,9) 23
	[0,0] 0
N6860:
	(2,11) 21
	[0,0] 0
N6861+1:
	(2,10) 23
	[0,0] 0
N6861:
	(2,12) 21
	[0,0] 0
N6862+1:
	(2,10) 23
	[0,0] 0
N6862:
	(2,12) 21
	[0,0] 0
N6863+1:
	(2,10) 23
	[0,0] 0
N6863:
	(2,12) 21
	[0,0] 0
N6866+1:
	(5,6) 19
	[0,0] 0
N6866:
	(9,7) 15
	[0,0] 0
N6872:
	(12,6) 38
	[0,0] 0
N6873:
	(6,6) 38
	[0,0] 0
N6874:
	(12,6) 37
	[0,0] 0
N6875:
	(6,6) 37
	[0,0] 0
N6876:
	(1,1) 36
	[0,0] 0
N6877:
	(6,12) 0
	[0,0] 0
N6879:
	(5,5) 18
	[0,0] 0
N6880:
	(2,4) 21
	[0,0] 0
N6881:
	(13,8) 64
	[0,0] 0
N6884:
	(1,1) 68
	[0,0] 0
N6885:
	(1,1) 64
	[0,0] 0
N6888:
	(1,1) 62
	[0,0] 0
N6889:
	(1,1) 76
	[0,0] 0
N6890:
	(10,2) 68
	[0,0] 0
N6891:
	(13,8) 65
	[0,0] 0
N6894:
	(1,1) 70
	[0,0] 0
N6895:
	(1,1) ∞
	[0,0] ∞
N6896:
	(13,2) ∞
	[0,0] ∞
N6897:
	(1,1) ∞
	[0,0] ∞
N6900:
	(1,1) ∞
	[0,0] ∞
N6901:
	(13,8) 64
	[0,0] 0
N6904:
	(1,1) 68
	[0,0] 0
N6905:
	(1,1) 64
	[0,0] 0
N6908:
	(1,1) 62
	[0,0] 0
N6909:
	(12,8) 61
	[0,0] 0
N6912:
	(1,1) 68
	[0,0] 0
N6913:
	(1,1) 66
	[0,0] 0
N6914:
	(1,1) ∞
	[0,0] ∞
N6915:
	(17,2) ∞
	[0,0] ∞
N6916:
	(1,1) ∞
	[0,0] ∞
N6919:
	(1,1) ∞
	[0,0] ∞
N6922:
	(1,1) 42
	[0,0] 0
N6923:
	(9,2) 34
	[0,0] 0
N6924:
	(24,9) 0
	[0,0] 0
N6925:
	(21,7) 0
	[0,0] 0
N6926:
	(24,9) 0
	[0,0] 0
N6927:
	(21,7) 0
	[0,0] 0
N6930:
	(1,1) 17
	[0,0] 0
N6932:
	(5,5) 28
	[0,0] 0
N6935:
	(8,2) 44
	[0,0] 0
N6936:
	(8,2) ∞
	[0,0] ∞
N6937:
	(8,2) 44
	[0,0] 0
N6938:
	(8,2) ∞
	[0,0] ∞
N6939:
	(5,9) ∞
	[0,0] ∞
N6940:
	(5,9) 33
	[0,0] 0
N6946:
	(8,2) 31
	[0,0] 0
N6947:
	(8,2) 31
	[0,0] 0
N6948:
	(8,2) 31
	[0,0] 0
N6949:
	(8,2) 31
	[0,0] 0
N6953:
	(4,2) 31
	[0,0] 0
N6954:
	(4,2) ∞
	[0,0] ∞
N6955:
	(4,2) 43
	[0,0] 0
N6956:
	(4,2) ∞
	[0,0] ∞
N6957:
	(5,9) ∞
	[0,0] ∞
N6958:
	(5,9) 32
	[0,0] 0
N6964:
	(8,2) 30
	[0,0] 0
N6965:
	(8,2) 30
	[0,0] 0
N6966:
	(8,2) 30
	[0,0] 0
N6967:
	(5,7) 27
	[0,0] 0
N6973:
	(12,10) 13
	[0,0] 0
N6974:
	(12,6) 17
	[0,0] 0
N6975:
	(13,10) 13
	[0,0] 0
N6976:
	(13,6) 17
	[0,0] 0
N6977:
	(1,1) 18
	[0,0] 0
N6978:
	(1,1) 19
	[0,0] 0
N6979:
	(8,5) 15
	[0,0] 0
N6987:
	(9,2) 68
	[0,0] 0
N6990:
	(9,2) ∞
	[0,0] ∞
N6999:
	(8,2) ∞
	[0,0] ∞
N7002:
	(9,2) 34
	[0,0] 0
N7003:
	(13,7) 31
	[0,0] 0
N7006:
	(13,7) 30
	[0,0] 0
N7011+1:
	(2,9) 17
	[0,0] 0
N7011:
	(2,11) 15
	[0,0] 0
N7012+1:
	(2,9) 17
	[0,0] 0
N7012:
	(2,11) 15
	[0,0] 0
N7013+1:
	(2,9) 13
	[0,0] 0
N7013:
	(2,11) 11
	[0,0] 0
N7015:
	(1,1) 0
	[0,0] 0
N7016+1:
	(2,9) 13
	[0,0] 0
N7016:
	(2,11) 11
	[0,0] 0
N7018:
	(5,9) 41
	[0,0] 0
N7019:
	(5,9) ∞
	[0,0] ∞
N7020:
	(5,9) 41
	[0,0] 0
N7021:
	(5,9) ∞
	[0,0] ∞
N7022:
	(1,1) 41
	[0,0] 0
N7023:
	(1,1) 37
	[0,0] 0
N7028:
	(5,9) 28
	[0,0] 0
N7031:
	(5,9) 28
	[0,0] 0
N7034:
	(5,9) 28
	[0,0] 0
N7037:
	(5,9) 28
	[0,0] 0
N7040:
	(2,11) 31
	[0,0] 0
N7041:
	(2,3) 42
	[0,0] 0
N7044:
	(5,5) 28
	[0,0] 0
N7045:
	(5,5) ∞
	[0,0] ∞
N7046:
	(5,5) 40
	[0,0] 0
N7047:
	(5,5) ∞
	[0,0] ∞
N7048:
	(1,1) 40
	[0,0] 0
N7049:
	(1,1) 24
	[0,0] 0
N7054:
	(5,9) 27
	[0,0] 0
N7057:
	(5,9) 27
	[0,0] 0
N7060:
	(5,9) 27
	[0,0] 0
N7064:
	(2,11) 30
	[0,0] 0
N7065:
	(2,3) 38
	[0,0] 0
N7072:
	(1,1) 70
	[0,0] 0
N7073:
	(10,2) 62
	[0,0] 0
N7074:
	(1,1) 70
	[0,0] 0
N7075:
	(3,2) 62
	[0,0] 0
N7076:
	(5,10) 65
	[0,0] 0
N7079:
	(1,1) 74
	[0,0] 0
N7080:
	(5,10) ∞
	[0,0] ∞
N7083:
	(1,1) ∞
	[0,0] ∞
N7084:
	(1,1) 70
	[0,0] 0
N7085:
	(10,2) 62
	[0,0] 0
N7086:
	(1,1) 70
	[0,0] 0
N7087:
	(3,2) 62
	[0,0] 0
N7088:
	(1,1) 68
	[0,0] 0
N7089:
	(10,2) 59
	[0,0] 0
N7090:
	(5,9) ∞
	[0,0] ∞
N7093:
	(1,1) ∞
	[0,0] ∞
N7094:
	(17,13) 6
	[0,0] 0
N7097:
	(17,14) 6
	[0,0] 0
N7101:
	(5,10) 31
	[0,0] 0
N7105:
	(1,1) ∞
	[0,0] ∞
N7110:
	(1,1) ∞
	[0,0] ∞
N7114+1:
	(2,7) 13
	[0,0] 0
N7114:
	(2,9) 11
	[0,0] 0
N7115:
	(1,1) 37
	[0,0] 0
N7116:
	(1,1) 37
	[0,0] 0
N7125:
	(6,19) 31
	[0,0] 0
N7126:
	(6,19) 31
	[0,0] 0
N7127:
	(2,11) 31
	[0,0] 0
N7130:
	(1,1) 24
	[0,0] 0
N7131:
	(1,1) 36
	[0,0] 0
N7139:
	(6,15) 18
	[0,0] 0
N7140:
	(6,15) 30
	[0,0] 0
N7141:
	(2,11) 30
	[0,0] 0
N7146+1:
	(3,8) 25
	[0,0] 0
N7146:
	(2,10) 23
	[0,0] 0
N7147+1:
	(3,10) 24
	[0,0] 0
N7147:
	(2,12) 22
	[0,0] 0
N7149:
	(1,1) 40
	[0,0] 0
N7150:
	(1,1) 36
	[0,0] 0
N7151:
	(9,2) 28
	[0,0] 0
N7152:
	(9,2) 62
	[0,0] 0
N7153:
	(9,2) 62
	[0,0] 0
N7158:
	(9,2) 62
	[0,0] 0
N7159:
	(9,2) 62
	[0,0] 0
N7160:
	(10,2) 59
	[0,0] 0
N7166:
	(1,1) ∞
	[0,0] ∞
N7167:
	(1,1) ∞
	[0,0] ∞
N7168:
	(1,1) ∞
	[0,0] ∞
N7169:
	(1,1) ∞
	[0,0] ∞
N7170:
	(1,1) ∞
	[0,0] ∞
N7171:
	(1,1) ∞
	[0,0] ∞
N7172:
	(1,1) ∞
	[0,0] ∞
N7173:
	(2,3) 35
	[0,0] 0
N7174:
	(2,3) 35
	[0,0] 0
N7175:
	(2,11) 31
	[0,0] 0
N7176:
	(2,7) 31
	[0,0] 0
N7177:
	(1,1) 42
	[0,0] 0
N7178:
	(2,3) 22
	[0,0] 0
N7179:
	(2,3) 34
	[0,0] 0
N7180:
	(2,11) 30
	[0,0] 0
N7181:
	(2,7) 30
	[0,0] 0
N7182:
	(1,1) 38
	[0,0] 0
N7183:
	(1,1) 16
	[0,0] 0
N7184:
	(15,2) 4
	[0,0] 0
N7185:
	(1,1) 16
	[0,0] 0
N7186:
	(16,2) 4
	[0,0] 0
N7187+1:
	(3,12) 25
	[0,0] 0
N7187:
	(2,14) 23
	[0,0] 0
N7188+1:
	(3,12) 25
	[0,0] 0
N7188:
	(2,14) 23
	[0,0] 0
N7189+1:
	(3,12) 25
	[0,0] 0
N7189:
	(2,14) 23
	[0,0] 0
N7190+1:
	(5,9) 20
	[0,0] 0
N7190:
	(9,7) 16
	[0,0] 0
N7196+1:
	(3,12) 24
	[0,0] 0
N7196:
	(2,14) 22
	[0,0] 0
N7197+1:
	(3,12) 24
	[0,0] 0
N7197:
	(2,14) 22
	[0,0] 0
N7198+1:
	(5,9) 19
	[0,0] 0
N7198:
	(9,7) 15
	[0,0] 0
N7204:
	(12,2) 29
	[0,0] 0
N7205:
	(1,1) 37
	[0,0] 0
N7206:
	(9,2) 28
	[0,0] 0
N7207+1:
	(3,12) 25
	[0,0] 0
N7207:
	(2,14) 23
	[0,0] 0
N7208+1:
	(3,12) 24
	[0,0] 0
N7208:
	(2,14) 22
	[0,0] 0
N7209:
	(5,10) 59
	[0,0] 0
N7212:
	(5,4) 59
	[0,0] 0
N7215:
	(1,1) 72
	[0,0] 0
N7216:
	(12,2) 63
	[0,0] 0
N7217:
	(1,1) ∞
	[0,0] ∞
N7218:
	(12,2) ∞
	[0,0] ∞
N7219:
	(5,10) 59
	[0,0] 0
N7222:
	(5,4) 59
	[0,0] 0
N7225:
	(5,11) 56
	[0,0] 0
N7228:
	(1,1) ∞
	[0,0] ∞
N7229:
	(11,2) ∞
	[0,0] ∞
N7236:
	(9,4) 28
	[0,0] 0
N7239:
	(9,4) 28
	[0,0] 0
N7242:
	(5,12) 28
	[0,0] 0
N7245:
	(5,8) 28
	[0,0] 0
N7250:
	(9,4) 15
	[0,0] 0
N7257:
	(9,4) 27
	[0,0] 0
N7260:
	(5,12) 27
	[0,0] 0
N7263:
	(5,8) 27
	[0,0] 0
N7268:
	(13,2) 4
	[0,0] 0
N7269:
	(13,2) 4
	[0,0] 0
N7270+1:
	(5,9) 20
	[0,0] 0
N7270:
	(9,7) 16
	[0,0] 0
N7276+1:
	(5,9) 20
	[0,0] 0
N7276:
	(9,7) 16
	[0,0] 0
N7282+1:
	(5,9) 20
	[0,0] 0
N7282:
	(9,7) 16
	[0,0] 0
N7288+1:
	(5,9) 19
	[0,0] 0
N7288:
	(9,7) 15
	[0,0] 0
N7294+1:
	(5,9) 19
	[0,0] 0
N7294:
	(9,7) 15
	[0,0] 0
N7300:
	(9,2) 29
	[0,0] 0
N7301:
	(5,10) 25
	[0,0] 0
N7304+1:
	(5,9) 20
	[0,0] 0
N7304:
	(9,7) 16
	[0,0] 0
N7310+1:
	(5,9) 19
	[0,0] 0
N7310:
	(9,7) 15
	[0,0] 0
N7320:
	(10,2) 63
	[0,0] 0
N7321:
	(3,2) ∞
	[0,0] ∞
N7328:
	(3,2) ∞
	[0,0] ∞
N7338+1:
	(3,10) 17
	[0,0] 0
N7338:
	(2,12) 15
	[0,0] 0
N7339+1:
	(2,9) 17
	[0,0] 0
N7339:
	(2,11) 15
	[0,0] 0
N7340+1:
	(3,10) 17
	[0,0] 0
N7340:
	(2,12) 15
	[0,0] 0
N7341+1:
	(2,9) 17
	[0,0] 0
N7341:
	(2,11) 15
	[0,0] 0
N7342+1:
	(3,10) 13
	[0,0] 0
N7342:
	(2,12) 11
	[0,0] 0
N7349+1:
	(2,9) 13
	[0,0] 0
N7349:
	(2,11) 11
	[0,0] 0
N7357+1:
	(2,9) 13
	[0,0] 0
N7357:
	(2,11) 11
	[0,0] 0
N7363:
	(1,1) 0
	[0,0] 0
N7364+1:
	(3,10) 13
	[0,0] 0
N7364:
	(2,12) 11
	[0,0] 0
N7365:
	(1,1) 0
	[0,0] 0
N7394:
	(5,14) 1
	[0,0] 0
N7397:
	(5,14) 1
	[0,0] 0
N7402:
	(5,10) 26
	[0,0] 0
N7405:
	(1,1) 66
	[0,0] 0
N7406:
	(12,2) 57
	[0,0] 0
N7407:
	(1,1) 70
	[0,0] 0
N7408:
	(6,2) 57
	[0,0] 0
N7409:
	(5,11) 60
	[0,0] 0
N7412:
	(5,4) ∞
	[0,0] ∞
N7415:
	(1,1) 65
	[0,0] 0
N7416:
	(12,2) 57
	[0,0] 0
N7417:
	(1,1) 67
	[0,0] 0
N7418:
	(6,2) 57
	[0,0] 0
N7419:
	(1,1) 61
	[0,0] 0
N7420:
	(13,2) 54
	[0,0] 0
N7421:
	(5,4) ∞
	[0,0] ∞
N7424:
	(1,1) ∞
	[0,0] ∞
N7425:
	(1,1) ∞
	[0,0] ∞
N7426:
	(1,1) ∞
	[0,0] ∞
N7427:
	(1,1) ∞
	[0,0] ∞
N7428:
	(1,1) ∞
	[0,0] ∞
N7429:
	(1,1) ∞
	[0,0] ∞
N7430:
	(1,1) ∞
	[0,0] ∞
N7431:
	(1,1) ∞
	[0,0] ∞
N7432:
	(1,1) 0
	[0,0] 0
N7433+1:
	(2,9) 17
	[0,0] 0
N7433:
	(2,11) 15
	[0,0] 0
N7434+1:
	(3,10) 17
	[0,0] 0
N7434:
	(2,12) 15
	[0,0] 0
N7435+1:
	(5,12) 12
	[0,0] 0
N7435+2:
	(7,7) 10
	[0,0] 0
N7435:
	(13,8) 4
	[0,0] 0
N7436+1:
	(3,10) 17
	[0,0] 0
N7436:
	(2,12) 15
	[0,0] 0
N7437+1:
	(2,9) 17
	[0,0] 0
N7437:
	(2,11) 15
	[0,0] 0
N7438+1:
	(3,10) 17
	[0,0] 0
N7438:
	(2,12) 15
	[0,0] 0
N7439+1:
	(2,9) 17
	[0,0] 0
N7439:
	(2,11) 15
	[0,0] 0
N7440+1:
	(3,10) 17
	[0,0] 0
N7440:
	(2,12) 15
	[0,0] 0
N7441+1:
	(2,9) 17
	[0,0] 0
N7441:
	(2,11) 15
	[0,0] 0
N7442+1:
	(3,10) 17
	[0,0] 0
N7442:
	(2,12) 15
	[0,0] 0
N7443+1:
	(5,12) 12
	[0,0] 0
N7443+2:
	(7,7) 10
	[0,0] 0
N7443:
	(13,8) 4
	[0,0] 0
N7444+1:
	(3,10) 17
	[0,0] 0
N7444:
	(2,12) 15
	[0,0] 0
N7445+1:
	(2,9) 17
	[0,0] 0
N7445:
	(2,11) 15
	[0,0] 0
N7446+1:
	(3,10) 17
	[0,0] 0
N7446:
	(2,12) 15
	[0,0] 0
N7447+1:
	(2,9) 17
	[0,0] 0
N7447:
	(2,11) 15
	[0,0] 0
N7448+1:
	(3,10) 17
	[0,0] 0
N7448:
	(2,12) 15
	[0,0] 0
N7449+1:
	(5,12) 8
	[0,0] 0
N7449+2:
	(7,7) 6
	[0,0] 0
N7449:
	(13,8) 0
	[0,0] 0
N7450+1:
	(2,9) 13
	[0,0] 0
N7450:
	(2,11) 11
	[0,0] 0
N7451+1:
	(3,10) 13
	[0,0] 0
N7451:
	(2,12) 11
	[0,0] 0
N7452+1:
	(2,9) 13
	[0,0] 0
N7452:
	(2,11) 11
	[0,0] 0
N7453+1:
	(3,10) 13
	[0,0] 0
N7453:
	(2,12) 11
	[0,0] 0
N7454+1:
	(2,9) 13
	[0,0] 0
N7454:
	(2,11) 11
	[0,0] 0
N7455+1:
	(3,10) 13
	[0,0] 0
N7455:
	(2,12) 11
	[0,0] 0
N7456+1:
	(3,10) 13
	[0,0] 0
N7456:
	(2,12) 11
	[0,0] 0
N7457+1:
	(2,9) 13
	[0,0] 0
N7457:
	(2,11) 11
	[0,0] 0
N7458+1:
	(3,10) 13
	[0,0] 0
N7458:
	(2,12) 11
	[0,0] 0
N7459+1:
	(2,9) 13
	[0,0] 0
N7459:
	(2,11) 11
	[0,0] 0
N7460+1:
	(3,10) 13
	[0,0] 0
N7460:
	(2,12) 11
	[0,0] 0
N7461+1:
	(2,9) 13
	[0,0] 0
N7461:
	(2,11) 11
	[0,0] 0
N7462+1:
	(3,10) 13
	[0,0] 0
N7462:
	(2,12) 11
	[0,0] 0
N7463+1:
	(3,10) 13
	[0,0] 0
N7463:
	(2,12) 11
	[0,0] 0
N7464+1:
	(2,6) 13
	[0,0] 0
N7464:
	(2,8) 11
	[0,0] 0
N7465:
	(1,1) 0
	[0,0] 0
N7466:
	(1,1) 0
	[0,0] 0
N7467:
	(1,1) 0
	[0,0] 0
N7468:
	(1,1) 15
	[0,0] 0
N7469+1:
	(5,12) 8
	[0,0] 0
N7469+2:
	(7,7) 6
	[0,0] 0
N7469:
	(13,8) 0
	[0,0] 0
N7470:
	(1,1) 0
	[0,0] 0
N7471:
	(1,1) 0
	[0,0] 0
N7472:
	(1,1) 0
	[0,0] 0
N7473:
	(1,1) 0
	[0,0] 0
N7474:
	(6,15) 0
	[0,0] 0
N7476:
	(6,15) 0
	[0,0] 0
N7479:
	(2,12) 23
	[0,0] 0
N7481+1:
	(3,11) 25
	[0,0] 0
N7481:
	(2,13) 23
	[0,0] 0
N7482+1:
	(3,15) 25
	[0,0] 0
N7482:
	(2,17) 23
	[0,0] 0
N7483+1:
	(3,7) 25
	[0,0] 0
N7483:
	(2,9) 23
	[0,0] 0
N7484+1:
	(3,7) 25
	[0,0] 0
N7484:
	(2,9) 23
	[0,0] 0
N7485+1:
	(3,11) 24
	[0,0] 0
N7485:
	(2,13) 22
	[0,0] 0
N7486+1:
	(3,15) 24
	[0,0] 0
N7486:
	(2,17) 22
	[0,0] 0
N7487+1:
	(3,7) 24
	[0,0] 0
N7487:
	(2,9) 22
	[0,0] 0
N7488+1:
	(3,7) 24
	[0,0] 0
N7488:
	(2,9) 22
	[0,0] 0
N7489:
	(10,9) 15
	[0,0] 0
N7492:
	(10,2) 57
	[0,0] 0
N7493:
	(14,2) 57
	[0,0] 0
N7498:
	(9,2) 57
	[0,0] 0
N7499:
	(11,2) 57
	[0,0] 0
N7500:
	(8,2) 54
	[0,0] 0
N7505+1:
	(5,12) 12
	[0,0] 0
N7505+2:
	(7,7) 10
	[0,0] 0
N7505:
	(13,8) 4
	[0,0] 0
N7506:
	(4,12) 0
	[0,0] 0
N7507+1:
	(5,12) 12
	[0,0] 0
N7507+2:
	(7,7) 10
	[0,0] 0
N7507:
	(13,8) 4
	[0,0] 0
N7508+1:
	(5,12) 12
	[0,0] 0
N7508+2:
	(7,7) 10
	[0,0] 0
N7508:
	(13,8) 4
	[0,0] 0
N7509+1:
	(5,12) 12
	[0,0] 0
N7509+2:
	(7,7) 10
	[0,0] 0
N7509:
	(13,8) 4
	[0,0] 0
N7510+1:
	(5,12) 12
	[0,0] 0
N7510+2:
	(7,7) 10
	[0,0] 0
N7510:
	(13,8) 4
	[0,0] 0
N7511:
	(4,12) 0
	[0,0] 0
N7512+1:
	(5,12) 12
	[0,0] 0
N7512+2:
	(7,7) 10
	[0,0] 0
N7512:
	(13,8) 4
	[0,0] 0
N7513+1:
	(5,12) 12
	[0,0] 0
N7513+2:
	(7,7) 10
	[0,0] 0
N7513:
	(13,8) 4
	[0,0] 0
N7514+1:
	(5,12) 12
	[0,0] 0
N7514+2:
	(7,7) 10
	[0,0] 0
N7514:
	(13,8) 4
	[0,0] 0
N7515+1:
	(5,12) 8
	[0,0] 0
N7515+2:
	(7,7) 6
	[0,0] 0
N7515:
	(13,8) 0
	[0,0] 0
N7516+1:
	(5,12) 8
	[0,0] 0
N7516+2:
	(7,7) 6
	[0,0] 0
N7516:
	(13,8) 0
	[0,0] 0
N7517+1:
	(5,12) 8
	[0,0] 0
N7517+2:
	(7,7) 6
	[0,0] 0
N7517:
	(13,8) 0
	[0,0] 0
N7518+1:
	(5,12) 8
	[0,0] 0
N7518+2:
	(7,7) 6
	[0,0] 0
N7518:
	(13,8) 0
	[0,0] 0
N7519+1:
	(5,12) 8
	[0,0] 0
N7519+2:
	(7,7) 6
	[0,0] 0
N7519:
	(13,8) 0
	[0,0] 0
N7520+1:
	(5,12) 8
	[0,0] 0
N7520+2:
	(7,7) 6
	[0,0] 0
N7520:
	(13,8) 0
	[0,0] 0
N7521+1:
	(5,12) 8
	[0,0] 0
N7521+2:
	(7,7) 6
	[0,0] 0
N7521:
	(13,8) 0
	[0,0] 0
N7522+1:
	(5,12) 8
	[0,0] 0
N7522+2:
	(7,7) 6
	[0,0] 0
N7522:
	(13,8) 0
	[0,0] 0
N7525+1:
	(5,10) 8
	[0,0] 0
N7525+2:
	(5,6) 8
	[0,0] 0
N7525:
	(11,7) 2
	[0,0] 0
N7526+1:
	(2,3) 13
	[0,0] 0
N7526:
	(2,5) 11
	[0,0] 0
N7527:
	(1,1) 17
	[0,0] 0
N7528:
	(1,1) 17
	[0,0] 0
N7529:
	(1,1) 15
	[0,0] 0
N7530:
	(2,12) 24
	[0,0] 0
N7531+1:
	(5,9) 20
	[0,0] 0
N7531:
	(9,7) 16
	[0,0] 0
N7537+1:
	(5,9) 20
	[0,0] 0
N7537:
	(9,7) 16
	[0,0] 0
N7543+1:
	(5,9) 20
	[0,0] 0
N7543:
	(9,7) 16
	[0,0] 0
N7549+1:
	(5,9) 20
	[0,0] 0
N7549:
	(9,7) 16
	[0,0] 0
N7555+1:
	(5,9) 19
	[0,0] 0
N7555:
	(9,7) 15
	[0,0] 0
N7561+1:
	(5,9) 19
	[0,0] 0
N7561:
	(9,7) 15
	[0,0] 0
N7567+1:
	(5,6) 19
	[0,0] 0
N7567:
	(9,7) 15
	[0,0] 0
N7573+1:
	(5,10) 19
	[0,0] 0
N7573:
	(9,7) 15
	[0,0] 0
N7579:
	(5,11) 54
	[0,0] 0
N7582:
	(5,7) 54
	[0,0] 0
N7585:
	(1,1) 67
	[0,0] 0
N7586:
	(13,2) 58
	[0,0] 0
N7587:
	(1,1) ∞
	[0,0] ∞
N7588:
	(6,2) ∞
	[0,0] ∞
N7589:
	(5,10) 54
	[0,0] 0
N7592:
	(5,7) 54
	[0,0] 0
N7595:
	(5,9) 51
	[0,0] 0
N7598:
	(1,1) ∞
	[0,0] ∞
N7599:
	(6,2) ∞
	[0,0] ∞
N7600:
	(4,12) 0
	[0,0] 0
N7601:
	(4,12) 0
	[0,0] 0
N7602:
	(4,12) 0
	[0,0] 0
N7603:
	(4,12) 0
	[0,0] 0
N7604:
	(4,12) 0
	[0,0] 0
N7605:
	(4,12) 0
	[0,0] 0
N7606:
	(4,12) 0
	[0,0] 0
N7607:
	(4,12) 0
	[0,0] 0
N7624:
	(9,15) 11
	[0,0] 0
N7625:
	(10,14) 10
	[0,0] 0
N7626:
	(2,9) 0
	[0,0] 0
N7631+1:
	(2,3) 15
	[0,0] 0
N7631+2:
	(2,4) 14
	[0,0] 0
N7631:
	(3,8) 10
	[0,0] 0
N7636+1:
	(2,3) 13
	[0,0] 0
N7636:
	(2,5) 11
	[0,0] 0
N7657:
	(10,2) 58
	[0,0] 0
N7658:
	(29,2) ∞
	[0,0] ∞
N7665:
	(27,2) ∞
	[0,0] ∞
N7666+1:
	(2,9) 17
	[0,0] 0
N7666:
	(2,11) 15
	[0,0] 0
N7667+1:
	(3,10) 17
	[0,0] 0
N7667:
	(2,12) 15
	[0,0] 0
N7668+1:
	(2,9) 17
	[0,0] 0
N7668:
	(2,11) 15
	[0,0] 0
N7669+1:
	(3,10) 17
	[0,0] 0
N7669:
	(2,12) 15
	[0,0] 0
N7670+1:
	(2,9) 17
	[0,0] 0
N7670:
	(2,11) 15
	[0,0] 0
N7671+1:
	(3,10) 17
	[0,0] 0
N7671:
	(2,12) 15
	[0,0] 0
N7672+1:
	(2,9) 17
	[0,0] 0
N7672:
	(2,11) 15
	[0,0] 0
N7673+1:
	(3,10) 17
	[0,0] 0
N7673:
	(2,12) 15
	[0,0] 0
N7674+1:
	(2,9) 17
	[0,0] 0
N7674:
	(2,11) 15
	[0,0] 0
N7675+1:
	(3,10) 17
	[0,0] 0
N7675:
	(2,12) 15
	[0,0] 0
N7676+1:
	(2,9) 17
	[0,0] 0
N7676:
	(2,11) 15
	[0,0] 0
N7677+1:
	(3,10) 17
	[0,0] 0
N7677:
	(2,12) 15
	[0,0] 0
N7678+1:
	(2,9) 17
	[0,0] 0
N7678:
	(2,11) 15
	[0,0] 0
N7679+1:
	(3,10) 17
	[0,0] 0
N7679:
	(2,12) 15
	[0,0] 0
N7680+1:
	(2,9) 17
	[0,0] 0
N7680:
	(2,11) 15
	[0,0] 0
N7681+1:
	(3,10) 17
	[0,0] 0
N7681:
	(2,12) 15
	[0,0] 0
N7682+1:
	(2,9) 13
	[0,0] 0
N7682:
	(2,11) 11
	[0,0] 0
N7683+1:
	(3,10) 13
	[0,0] 0
N7683:
	(2,12) 11
	[0,0] 0
N7684+1:
	(2,9) 13
	[0,0] 0
N7684:
	(2,11) 11
	[0,0] 0
N7685+1:
	(3,10) 13
	[0,0] 0
N7685:
	(2,12) 11
	[0,0] 0
N7686+1:
	(2,9) 13
	[0,0] 0
N7686:
	(2,11) 11
	[0,0] 0
N7687+1:
	(3,10) 13
	[0,0] 0
N7687:
	(2,12) 11
	[0,0] 0
N7688+1:
	(2,9) 13
	[0,0] 0
N7688:
	(2,11) 11
	[0,0] 0
N7689+1:
	(3,10) 13
	[0,0] 0
N7689:
	(2,12) 11
	[0,0] 0
N7690+1:
	(2,9) 13
	[0,0] 0
N7690:
	(2,11) 11
	[0,0] 0
N7691+1:
	(3,10) 13
	[0,0] 0
N7691:
	(2,12) 11
	[0,0] 0
N7692+1:
	(2,9) 13
	[0,0] 0
N7692:
	(2,11) 11
	[0,0] 0
N7693+1:
	(3,10) 13
	[0,0] 0
N7693:
	(2,12) 11
	[0,0] 0
N7694+1:
	(2,9) 13
	[0,0] 0
N7694:
	(2,11) 11
	[0,0] 0
N7695+1:
	(3,10) 13
	[0,0] 0
N7695:
	(2,12) 11
	[0,0] 0
N7696+1:
	(2,9) 13
	[0,0] 0
N7696:
	(2,11) 11
	[0,0] 0
N7697+1:
	(3,10) 13
	[0,0] 0
N7697:
	(2,12) 11
	[0,0] 0
N7698:
	(20,15) 0
	[0,0] 0
N7699:
	(1,1) 0
	[0,0] 0
N7700:
	(1,1) 0
	[0,0] 0
N7701:
	(1,1) 0
	[0,0] 0
N7702:
	(1,1) 0
	[0,0] 0
N7703+1:
	(4,16) 2
	[0,0] 0
N7703:
	(2,18) 0
	[0,0] 0
N7704:
	(1,1) 0
	[0,0] 0
N7705:
	(1,1) 0
	[0,0] 0
N7706:
	(1,1) 0
	[0,0] 0
N7707:
	(1,1) 0
	[0,0] 0
N7708:
	(1,1) 59
	[0,0] 0
N7709:
	(13,2) 52
	[0,0] 0
N7710:
	(1,1) 59
	[0,0] 0
N7711:
	(9,2) 52
	[0,0] 0
N7712:
	(5,11) 55
	[0,0] 0
N7715:
	(5,7) ∞
	[0,0] ∞
N7718:
	(1,1) 59
	[0,0] 0
N7719:
	(12,2) 52
	[0,0] 0
N7720:
	(1,1) 59
	[0,0] 0
N7721:
	(9,2) 52
	[0,0] 0
N7722:
	(1,1) 52
	[0,0] 0
N7723:
	(11,2) 49
	[0,0] 0
N7724:
	(5,7) ∞
	[0,0] ∞
N7727+1:
	(5,12) 12
	[0,0] 0
N7727+2:
	(7,7) 10
	[0,0] 0
N7727:
	(13,8) 4
	[0,0] 0
N7728+1:
	(5,12) 12
	[0,0] 0
N7728+2:
	(7,7) 10
	[0,0] 0
N7728:
	(13,8) 4
	[0,0] 0
N7729+1:
	(5,12) 12
	[0,0] 0
N7729+2:
	(7,7) 10
	[0,0] 0
N7729:
	(13,8) 4
	[0,0] 0
N7730+1:
	(5,12) 12
	[0,0] 0
N7730+2:
	(7,7) 10
	[0,0] 0
N7730:
	(13,8) 4
	[0,0] 0
N7731+1:
	(5,12) 12
	[0,0] 0
N7731+2:
	(7,7) 10
	[0,0] 0
N7731:
	(13,8) 4
	[0,0] 0
N7732+1:
	(5,12) 12
	[0,0] 0
N7732+2:
	(7,7) 10
	[0,0] 0
N7732:
	(13,8) 4
	[0,0] 0
N7733+1:
	(5,12) 12
	[0,0] 0
N7733+2:
	(7,7) 10
	[0,0] 0
N7733:
	(13,8) 4
	[0,0] 0
N7734+1:
	(5,12) 12
	[0,0] 0
N7734+2:
	(7,7) 10
	[0,0] 0
N7734:
	(13,8) 4
	[0,0] 0
N7735+1:
	(5,12) 8
	[0,0] 0
N7735+2:
	(7,7) 6
	[0,0] 0
N7735:
	(13,8) 0
	[0,0] 0
N7736+1:
	(5,12) 8
	[0,0] 0
N7736+2:
	(7,7) 6
	[0,0] 0
N7736:
	(13,8) 0
	[0,0] 0
N7737+1:
	(5,12) 8
	[0,0] 0
N7737+2:
	(7,7) 6
	[0,0] 0
N7737:
	(13,8) 0
	[0,0] 0
N7738+1:
	(5,12) 8
	[0,0] 0
N7738+2:
	(7,7) 6
	[0,0] 0
N7738:
	(13,8) 0
	[0,0] 0
N7739+1:
	(5,12) 8
	[0,0] 0
N7739+2:
	(7,7) 6
	[0,0] 0
N7739:
	(13,8) 0
	[0,0] 0
N7740+1:
	(5,12) 8
	[0,0] 0
N7740+2:
	(7,7) 6
	[0,0] 0
N7740:
	(13,8) 0
	[0,0] 0
N7741+1:
	(5,12) 8
	[0,0] 0
N7741+2:
	(7,7) 6
	[0,0] 0
N7741:
	(13,8) 0
	[0,0] 0
N7742+1:
	(5,12) 8
	[0,0] 0
N7742+2:
	(7,7) 6
	[0,0] 0
N7742:
	(13,8) 0
	[0,0] 0
N7743:
	(8,2) 52
	[0,0] 0
N7744:
	(8,2) 52
	[0,0] 0
N7749:
	(8,2) 52
	[0,0] 0
N7750:
	(8,2) 52
	[0,0] 0
N7751:
	(4,2) 49
	[0,0] 0
N7754:
	(4,12) 0
	[0,0] 0
N7755:
	(4,12) 0
	[0,0] 0
N7756:
	(4,12) 0
	[0,0] 0
N7757:
	(4,12) 0
	[0,0] 0
N7758:
	(4,12) 0
	[0,0] 0
N7759:
	(4,12) 0
	[0,0] 0
N7760:
	(4,12) 0
	[0,0] 0
N7761:
	(4,12) 0
	[0,0] 0
N7762:
	(5,9) 49
	[0,0] 0
N7765:
	(5,9) 49
	[0,0] 0
N7768:
	(1,1) 60
	[0,0] 0
N7769:
	(13,2) 53
	[0,0] 0
N7770:
	(1,1) ∞
	[0,0] ∞
N7771:
	(9,2) ∞
	[0,0] ∞
N7772:
	(5,9) 49
	[0,0] 0
N7775:
	(5,9) 49
	[0,0] 0
N7778:
	(5,5) 46
	[0,0] 0
N7781:
	(1,1) ∞
	[0,0] ∞
N7782:
	(9,2) ∞
	[0,0] ∞
N7787:
	(8,2) 53
	[0,0] 0
N7788:
	(8,2) ∞
	[0,0] ∞
N7795:
	(4,2) ∞
	[0,0] ∞
N7796:
	(1,1) 54
	[0,0] 0
N7797:
	(11,2) 47
	[0,0] 0
N7798:
	(1,1) 54
	[0,0] 0
N7799:
	(11,2) 47
	[0,0] 0
N7800:
	(5,9) 50
	[0,0] 0
N7803:
	(5,9) ∞
	[0,0] ∞
N7806:
	(1,1) 54
	[0,0] 0
N7807:
	(11,2) 47
	[0,0] 0
N7808:
	(1,1) 54
	[0,0] 0
N7809:
	(11,2) 47
	[0,0] 0
N7810:
	(1,1) 51
	[0,0] 0
N7811:
	(7,2) 44
	[0,0] 0
N7812:
	(5,5) ∞
	[0,0] ∞
N7815:
	(8,2) 47
	[0,0] 0
N7816:
	(8,2) 47
	[0,0] 0
N7821:
	(8,2) 47
	[0,0] 0
N7822:
	(8,2) 47
	[0,0] 0
N7823:
	(8,2) 44
	[0,0] 0
N7826:
	(5,9) 44
	[0,0] 0
N7829:
	(5,9) 44
	[0,0] 0
N7832:
	(1,1) 55
	[0,0] 0
N7833:
	(11,2) 48
	[0,0] 0
N7834:
	(1,1) ∞
	[0,0] ∞
N7835:
	(11,2) ∞
	[0,0] ∞
N7836:
	(5,9) 44
	[0,0] 0
N7839:
	(5,9) 44
	[0,0] 0
N7842:
	(5,8) 41
	[0,0] 0
N7845:
	(1,1) ∞
	[0,0] ∞
N7846:
	(7,2) ∞
	[0,0] ∞
N7851:
	(8,2) 48
	[0,0] 0
N7852:
	(8,2) ∞
	[0,0] ∞
N7859:
	(8,2) ∞
	[0,0] ∞
N7860:
	(1,1) 49
	[0,0] 0
N7861:
	(11,2) 42
	[0,0] 0
N7862:
	(1,1) 49
	[0,0] 0
N7863:
	(11,2) 42
	[0,0] 0
N7864:
	(5,9) 45
	[0,0] 0
N7867:
	(5,9) ∞
	[0,0] ∞
N7870:
	(1,1) 45
	[0,0] 0
N7871:
	(11,2) 42
	[0,0] 0
N7872:
	(1,1) 45
	[0,0] 0
N7873:
	(11,2) 42
	[0,0] 0
N7874:
	(1,1) 46
	[0,0] 0
N7875:
	(10,2) 39
	[0,0] 0
N7876:
	(5,8) ∞
	[0,0] ∞
N7879:
	(8,2) 42
	[0,0] 0
N7880:
	(8,2) 42
	[0,0] 0
N7885:
	(4,2) 42
	[0,0] 0
N7886:
	(4,2) 42
	[0,0] 0
N7887:
	(8,2) 39
	[0,0] 0
N7890:
	(5,9) 39
	[0,0] 0
N7893:
	(5,9) 39
	[0,0] 0
N7896:
	(1,1) 50
	[0,0] 0
N7897:
	(11,2) 43
	[0,0] 0
N7898:
	(1,1) ∞
	[0,0] ∞
N7899:
	(11,2) ∞
	[0,0] ∞
N7900:
	(5,5) 39
	[0,0] 0
N7903:
	(5,5) 39
	[0,0] 0
N7906:
	(5,9) 36
	[0,0] 0
N7909:
	(1,1) ∞
	[0,0] ∞
N7910:
	(10,2) ∞
	[0,0] ∞
N7917:
	(8,2) 43
	[0,0] 0
N7918:
	(8,2) ∞
	[0,0] ∞
N7923:
	(8,2) ∞
	[0,0] ∞
N7924:
	(1,1) 44
	[0,0] 0
N7925:
	(11,2) 37
	[0,0] 0
N7926:
	(1,1) 44
	[0,0] 0
N7927:
	(11,2) 37
	[0,0] 0
N7928:
	(1,1) 40
	[0,0] 0
N7929:
	(7,2) 37
	[0,0] 0
N7930:
	(1,1) 40
	[0,0] 0
N7931:
	(7,2) 37
	[0,0] 0
N7932:
	(5,9) 40
	[0,0] 0
N7935:
	(5,9) ∞
	[0,0] ∞
N7938:
	(1,1) 41
	[0,0] 0
N7939:
	(11,2) 34
	[0,0] 0
N7940:
	(5,9) ∞
	[0,0] ∞
N7943:
	(8,2) 37
	[0,0] 0
N7944:
	(8,2) 37
	[0,0] 0
N7945:
	(4,2) 37
	[0,0] 0
N7946:
	(4,2) 37
	[0,0] 0
N7951:
	(8,2) 34
	[0,0] 0
N7954:
	(5,9) 34
	[0,0] 0
N7957:
	(5,9) 34
	[0,0] 0
N7960:
	(5,5) 34
	[0,0] 0
N7963:
	(5,5) 34
	[0,0] 0
N7966:
	(1,1) 45
	[0,0] 0
N7967:
	(11,2) 38
	[0,0] 0
N7968:
	(1,1) ∞
	[0,0] ∞
N7969:
	(11,2) ∞
	[0,0] ∞
N7970:
	(5,9) 31
	[0,0] 0
N7973:
	(1,1) ∞
	[0,0] ∞
N7974:
	(11,2) ∞
	[0,0] ∞
N7984:
	(8,2) 38
	[0,0] 0
N7985:
	(8,2) ∞
	[0,0] ∞
N7987:
	(8,2) ∞
	[0,0] ∞
N7988+1:
	(2,11) 32
	[0,0] 0
N7988:
	(2,13) 30
	[0,0] 0
N7989+1:
	(6,18) 32
	[0,0] 0
N7989:
	(2,20) 30
	[0,0] 0
N7990+1:
	(3,13) 32
	[0,0] 0
N7990:
	(2,15) 30
	[0,0] 0
N7991+1:
	(2,11) 32
	[0,0] 0
N7991:
	(2,13) 30
	[0,0] 0
N7992:
	(1,1) 36
	[0,0] 0
N7993:
	(11,2) 29
	[0,0] 0
N7994+1:
	(2,7) 32
	[0,0] 0
N7994:
	(2,9) 30
	[0,0] 0
N7995+1:
	(6,14) 32
	[0,0] 0
N7995:
	(2,16) 30
	[0,0] 0
N7996+1:
	(3,9) 32
	[0,0] 0
N7996:
	(2,11) 30
	[0,0] 0
N7997+1:
	(2,7) 32
	[0,0] 0
N7997:
	(2,9) 30
	[0,0] 0
N7998:
	(5,9) 35
	[0,0] 0
N8001:
	(5,9) ∞
	[0,0] ∞
N8004:
	(5,9) ∞
	[0,0] ∞
N8009:
	(8,2) 29
	[0,0] 0
N8013+1:
	(5,14) 27
	[0,0] 0
N8013+2:
	(5,14) 27
	[0,0] 0
N8013:
	(11,15) 21
	[0,0] 0
N8017+1:
	(5,10) 27
	[0,0] 0
N8017+2:
	(5,10) 27
	[0,0] 0
N8017:
	(11,11) 21
	[0,0] 0
N8020:
	(1,1) 40
	[0,0] 0
N8021:
	(11,2) 33
	[0,0] 0
N8022:
	(1,1) ∞
	[0,0] ∞
N8023:
	(11,2) ∞
	[0,0] ∞
N8025:
	(5,9) 26
	[0,0] 0
N8026:
	(1,1) ∞
	[0,0] ∞
N8027:
	(11,2) ∞
	[0,0] ∞
N8031:
	(8,2) 33
	[0,0] 0
N8032:
	(8,2) ∞
	[0,0] ∞
N8033:
	(1,1) 24
	[0,0] 0
N8034:
	(8,2) ∞
	[0,0] ∞
N8035:
	(2,11) 24
	[0,0] 0
N8036:
	(1,1) 24
	[0,0] 0
N8037:
	(5,9) 30
	[0,0] 0
N8038:
	(5,9) ∞
	[0,0] ∞
N8039:
	(5,9) ∞
	[0,0] ∞
N8040:
	(1,1) 30
	[0,0] 0
tempN8041:
	(2,11) 28
	[0,0] 0
N8042:
	(1,1) 26
	[0,0] 0
N8043:
	(2,3) 28
	[0,0] 0
N8044:
	(2,3) 24
	[0,0] 0
N8045:
	(9,4) 21
	[0,0] 0
N8048:
	(5,4) 21
	[0,0] 0
N8055:
	(6,2) 19
	[0,0] 0
N8056:
	(1,1) 35
	[0,0] 0
N8057:
	(6,2) 19
	[0,0] 0
N8058:
	(1,1) 31
	[0,0] 0
N8059:
	(17,2) 19
	[0,0] 0
N8060:
	(13,2) 19
	[0,0] 0
N8061:
	(5,7) 16
	[0,0] 0
N8064:
	(5,7) 16
	[0,0] 0
N8071+1:
	(3,10) 13
	[0,0] 0
N8071:
	(2,12) 11
	[0,0] 0
N8072+1:
	(3,10) 13
	[0,0] 0
N8072:
	(2,12) 11
	[0,0] 0
N8073:
	(1,1) 27
	[0,0] 0
N8074:
	(1,1) 26
	[0,0] 0
N8075+1:
	(5,6) 8
	[0,0] 0
N8075+2:
	(7,6) 6
	[0,0] 0
N8075:
	(13,7) 0
	[0,0] 0
N8076+1:
	(5,6) 8
	[0,0] 0
N8076+2:
	(7,6) 6
	[0,0] 0
N8076:
	(13,7) 0
	[0,0] 0
N8077:
	(2,4) 24
	[0,0] 0
N8078:
	(2,4) 23
	[0,0] 0
N8079:
	(5,5) 21
	[0,0] 0
N8082:
	(5,5) 20
	[0,0] 0
N8089:
	(2,7) ∞
	[0,0] ∞
N8090:
	(2,7) ∞
	[0,0] ∞
N8091:
	(2,7) 19
	[0,0] 0
N8092:
	(2,7) 18
	[0,0] 0
N8093:
	(5,5) ∞
	[0,0] ∞
N8096:
	(5,5) ∞
	[0,0] ∞
N8099:
	(5,5) 16
	[0,0] 0
N8102:
	(5,5) 15
	[0,0] 0
N8113+1:
	(2,7) 13
	[0,0] 0
N8113:
	(2,9) 11
	[0,0] 0
N8114+1:
	(3,8) 13
	[0,0] 0
N8114:
	(2,10) 11
	[0,0] 0
N8115+1:
	(2,7) 13
	[0,0] 0
N8115:
	(2,9) 11
	[0,0] 0
N8116+1:
	(3,8) 13
	[0,0] 0
N8116:
	(2,10) 11
	[0,0] 0
N8117+1:
	(2,7) ∞
	[0,0] ∞
N8117:
	(2,9) ∞
	[0,0] ∞
N8118+1:
	(3,8) ∞
	[0,0] ∞
N8118:
	(2,10) ∞
	[0,0] ∞
N8119+1:
	(2,7) ∞
	[0,0] ∞
N8119:
	(2,9) ∞
	[0,0] ∞
N8120+1:
	(3,8) ∞
	[0,0] ∞
N8120:
	(2,10) ∞
	[0,0] ∞
N8121+1:
	(5,10) ∞
	[0,0] ∞
N8121+2:
	(7,7) ∞
	[0,0] ∞
N8121:
	(13,8) ∞
	[0,0] ∞
N8122+1:
	(5,10) ∞
	[0,0] ∞
N8122+2:
	(7,7) ∞
	[0,0] ∞
N8122:
	(13,8) ∞
	[0,0] ∞
N8123+1:
	(5,10) 8
	[0,0] 0
N8123+2:
	(7,7) 6
	[0,0] 0
N8123:
	(13,8) 0
	[0,0] 0
N8124+1:
	(5,10) 8
	[0,0] 0
N8124+2:
	(7,7) 6
	[0,0] 0
N8124:
	(13,8) 0
	[0,0] 0
N8125:
	(4,12) ∞
	[0,0] ∞
N8126:
	(4,12) ∞
	[0,0] ∞
N8127:
	(1,1) 0
	[0,0] 0
N8128:
	(1,1) 0
	[0,0] 0
Trigger_en38_0+1:
	(2,8) 89
	[0,0] 0
Trigger_en38_0+2:
	(4,61) 36
	[0,0] 0
Trigger_en38_0:
	(3,70) 27
	[0,0] 0
troj38_0n2+1:
	(4,13) 84
	[0,0] 0
troj38_0n2+2:
	(2,11) 86
	[0,0] 0
troj38_0n2:
	(3,25) 72
	[0,0] 0
troj38_0n3:
	(4,9) 88
	[0,0] 0
troj38_0n1+1:
	(2,10) 87
	[0,0] 0
troj38_0n1:
	(3,35) 62
	[0,0] 0
N8041:
	(6,15) 24
	[0,0] 0

-----------------------------------
Sum of T(sa0)s: ∞
Sum of T(sa1)s: ∞
Testability index: ∞