0:
	(1,1) ∞
	[0,0] ∞
1:
	(1,1) 17
	[0,0] 1
x:
	(1,1) ∞
	[0,0] ∞
n0:
	(1,1) 35
	[0,0] 2
n1:
	(1,1) 27
	[0,0] 0
n2[13]:
	(1,1) 28
	[0,0] 0
n2[12]:
	(1,1) 28
	[0,0] 0
n2[11]:
	(1,1) 32
	[0,0] 0
n2[10]:
	(1,1) 32
	[0,0] 0
n2[9]:
	(1,1) 101
	[0,0] 3
n2[8]:
	(1,1) 101
	[0,0] 3
n2[7]:
	(1,1) 101
	[0,0] 3
n2[6]:
	(1,1) 101
	[0,0] 3
n2[5]:
	(1,1) 101
	[0,0] 3
n2[4]:
	(1,1) 101
	[0,0] 3
n2[3]:
	(1,1) 105
	[0,0] 3
n2[2]:
	(1,1) 91
	[0,0] 3
n2[1]:
	(1,1) 72
	[0,0] 3
n2[0]:
	(1,1) 67
	[0,0] 3
n3[12]:
	(1,1) 17
	[0,0] 0
n3[11]:
	(1,1) 22
	[0,0] 0
n3[10]:
	(1,1) 22
	[0,0] 0
n3[9]:
	(1,1) 22
	[0,0] 0
n3[8]:
	(1,1) 22
	[0,0] 0
n3[7]:
	(1,1) 22
	[0,0] 0
n3[6]:
	(1,1) 22
	[0,0] 0
n3[5]:
	(1,1) 22
	[0,0] 0
n3[4]:
	(1,1) 22
	[0,0] 0
n3[3]:
	(1,1) 22
	[0,0] 0
n3[2]:
	(1,1) 22
	[0,0] 0
n3[1]:
	(1,1) 20
	[0,0] 0
n3[0]:
	(1,1) 13
	[0,0] 0
n706:
	(4,8) 18
	[0,1] 0
n705:
	(4,8) 19
	[0,1] 0
n704:
	(4,8) 19
	[0,1] 0
n703:
	(4,8) 19
	[0,1] 0
n702:
	(4,8) 19
	[0,1] 0
n701:
	(4,8) 19
	[0,1] 0
n700:
	(4,8) 19
	[0,1] 0
n699:
	(4,8) 14
	[0,1] 0
n698:
	(4,8) 19
	[0,1] 0
n697:
	(4,8) 14
	[0,1] 0
n696:
	(4,8) 18
	[0,1] 0
n695:
	(4,8) 19
	[0,1] 0
n694:
	(4,8) 19
	[0,1] 0
n5[3]:
	(20,20) 0
	[0,0] 0
n4[10]:
	(20,20) 0
	[0,0] 0
n4[9]:
	(20,20) 0
	[0,0] 0
n4[6]:
	(20,20) 0
	[0,0] 0
n4[5]:
	(20,20) 0
	[0,0] 0
n5[11]:
	(20,20) 0
	[0,0] 0
n5[10]:
	(20,20) 0
	[0,0] 0
n5[9]:
	(20,20) 0
	[0,0] 0
n5[8]:
	(20,20) 0
	[0,0] 0
n4[8]:
	(20,20) 0
	[0,0] 0
n5[7]:
	(20,20) 0
	[0,0] 0
n5[6]:
	(20,20) 0
	[0,0] 0
n5[5]:
	(20,20) 0
	[0,0] 0
n5[4]:
	(20,20) 0
	[0,0] 0
n4[4]:
	(20,20) 0
	[0,0] 0
n4[11]:
	(20,20) 0
	[0,0] 0
n5[2]:
	(20,20) 0
	[0,0] 0
n5[1]:
	(18,18) 0
	[0,0] 0
n4[7]:
	(20,20) 0
	[0,0] 0
n4[3]:
	(20,20) 0
	[0,0] 0
n6[11]:
	(20,20) 0
	[0,0] 0
n6[10]:
	(20,20) 0
	[0,0] 0
n6[9]:
	(20,20) 0
	[0,0] 0
n4[2]:
	(20,20) 0
	[0,0] 0
n6[8]:
	(20,20) 0
	[0,0] 0
n6[7]:
	(20,20) 0
	[0,0] 0
n6[6]:
	(20,20) 0
	[0,0] 0
n6[5]:
	(20,20) 0
	[0,0] 0
n4[1]:
	(18,18) 0
	[0,0] 0
n6[4]:
	(20,20) 0
	[0,0] 0
n6[3]:
	(20,20) 0
	[0,0] 0
n6[2]:
	(20,20) 0
	[0,0] 0
n6[1]:
	(18,18) 0
	[0,0] 0
n4[0]:
	(14,14) 0
	[0,0] 0
n5[12]:
	(18,18) 0
	[0,0] 0
n5[0]:
	(14,14) 0
	[0,0] 0
n6[12]:
	(18,18) 0
	[0,0] 0
n4[12]:
	(18,18) 0
	[0,0] 0
n6[0]:
	(14,14) 0
	[0,0] 0
n693:
	(16,16) 4
	[0,0] 0
n692:
	(16,16) 4
	[0,0] 0
n691:
	(16,16) 4
	[0,0] 0
n690:
	(16,16) 4
	[0,0] 0
n689:
	(16,16) 4
	[0,0] 0
n688:
	(16,16) 4
	[0,0] 0
n687:
	(16,16) 4
	[0,0] 0
n686:
	(16,16) 4
	[0,0] 0
n685:
	(16,16) 4
	[0,0] 0
n684:
	(16,16) 4
	[0,0] 0
n683:
	(14,14) 4
	[0,0] 0
n682:
	(14,14) 4
	[0,0] 0
n681:
	(10,10) 4
	[0,0] 0
n764:
	(8,8) 98
	[0,0] 3
n763:
	(8,8) 98
	[0,0] 3
n762:
	(8,8) 98
	[0,0] 3
n761:
	(8,8) 98
	[0,0] 3
n759:
	(8,8) 98
	[0,0] 3
n758:
	(8,8) 98
	[0,0] 3
n757:
	(8,8) 84
	[0,0] 3
n756:
	(8,8) 76
	[0,0] 3
n789:
	(8,8) 94
	[0,0] 3
n788:
	(8,8) 94
	[0,0] 3
n740:
	(15,15) 101
	[0,0] 3
n738:
	(15,15) 101
	[0,0] 3
n736:
	(15,15) 103
	[0,0] 3
n680:
	(9,12) 11
	[0,0] 0
n679:
	(9,12) 11
	[0,0] 0
n678:
	(9,12) 11
	[0,0] 0
n677:
	(9,12) 11
	[0,0] 0
n676:
	(9,12) 11
	[0,0] 0
n675:
	(9,12) 11
	[0,0] 0
n674:
	(9,12) 11
	[0,0] 0
n673:
	(9,12) 11
	[0,0] 0
n672:
	(9,7) 11
	[0,0] 0
n671:
	(9,11) 11
	[0,0] 0
n670:
	(9,12) 11
	[0,0] 0
n734:
	(17,17) 103
	[0,0] 3
n732:
	(17,17) 101
	[0,0] 3
n730:
	(15,15) 101
	[0,0] 3
n728:
	(15,15) 101
	[0,0] 3
n726:
	(15,15) 105
	[0,0] 3
n724:
	(15,15) 99
	[0,0] 3
n722:
	(15,15) 77
	[0,0] 3
n720:
	(14,14) 71
	[0,0] 3
n792:
	(8,8) 93
	[0,0] 3
n791:
	(8,8) 94
	[0,0] 3
n790:
	(8,8) 94
	[0,0] 3
n783:
	(8,8) 92
	[0,0] 3
n787:
	(8,8) 94
	[0,0] 3
n785:
	(8,8) 94
	[0,0] 3
n784:
	(8,8) 98
	[0,0] 3
n782:
	(8,8) 65
	[0,0] 3
n786:
	(8,8) 94
	[0,0] 3
n760:
	(8,8) 98
	[0,0] 3
n766:
	(8,8) 94
	[0,0] 3
n765:
	(8,8) 93
	[0,0] 3
n742:
	(14,14) 98
	[0,0] 3
n793:
	(7,7) 82
	[0,0] 3
n767:
	(7,7) 79
	[0,0] 3
n781:
	(3,3) 69
	[0,0] 3
n12[1]:
	(9,3) 56
	[0,0] 3
n12[11]:
	(13,7) 94
	[0,0] 3
n12[6]:
	(14,8) 94
	[0,0] 3
n12[9]:
	(14,8) 94
	[0,0] 3
n665:
	(8,12) 6
	[0,0] 0
n664:
	(8,12) 10
	[0,0] 0
n669:
	(2,8) 16
	[0,0] 0
n668:
	(6,12) 16
	[0,0] 0
n667:
	(7,13) 16
	[0,0] 0
n666:
	(7,13) 16
	[0,0] 0
n12[7]:
	(14,8) 94
	[0,0] 3
n12[4]:
	(14,8) 94
	[0,0] 3
n12[8]:
	(14,8) 94
	[0,0] 3
n12[3]:
	(14,8) 84
	[0,0] 3
n12[2]:
	(14,8) 75
	[0,0] 3
n12[10]:
	(14,8) 94
	[0,0] 3
n12[5]:
	(14,8) 94
	[0,0] 3
n663:
	(7,13) 16
	[0,0] 0
n662:
	(7,13) 16
	[0,0] 0
n661:
	(7,13) 16
	[0,0] 0
n660:
	(7,13) 16
	[0,0] 0
n659:
	(7,13) 16
	[0,0] 0
n658:
	(7,13) 16
	[0,0] 0
n657:
	(7,13) 16
	[0,0] 0
n656:
	(7,7) 11
	[0,0] 0
n655:
	(7,7) 15
	[0,0] 0
n9[0]+1:
	(2,2) 35
	[0,0] 2
n9[0]+2:
	(2,2) 16
	[0,0] 1
n9[0]+3:
	(4,17) 14
	[1,1] 0
n9[0]:
	(7,3) 11
	[1,0] 0
n9[1]+1:
	(2,2) 39
	[0,0] 2
n9[1]+2:
	(2,2) 20
	[0,0] 1
n9[1]+3:
	(4,17) 18
	[1,1] 0
n9[1]:
	(7,3) 15
	[1,0] 0
n9[2]+1:
	(2,2) 41
	[0,0] 2
n9[2]+2:
	(2,2) 22
	[0,0] 1
n9[2]+3:
	(4,17) 20
	[1,1] 0
n9[2]:
	(7,3) 17
	[1,0] 0
n9[3]+1:
	(2,2) 41
	[0,0] 2
n9[3]+2:
	(2,2) 22
	[0,0] 1
n9[3]+3:
	(4,17) 20
	[1,1] 0
n9[3]:
	(7,3) 17
	[1,0] 0
n9[4]+1:
	(2,2) 41
	[0,0] 2
n9[4]+2:
	(2,2) 22
	[0,0] 1
n9[4]+3:
	(4,17) 20
	[1,1] 0
n9[4]:
	(7,3) 17
	[1,0] 0
n9[5]+1:
	(2,2) 41
	[0,0] 2
n9[5]+2:
	(2,2) 22
	[0,0] 1
n9[5]+3:
	(4,17) 20
	[1,1] 0
n9[5]:
	(7,3) 17
	[1,0] 0
n9[6]+1:
	(2,2) 41
	[0,0] 2
n9[6]+2:
	(2,2) 22
	[0,0] 1
n9[6]+3:
	(4,17) 20
	[1,1] 0
n9[6]:
	(7,3) 17
	[1,0] 0
n9[7]+1:
	(2,2) 41
	[0,0] 2
n9[7]+2:
	(2,2) 22
	[0,0] 1
n9[7]+3:
	(4,17) 20
	[1,1] 0
n9[7]:
	(7,3) 17
	[1,0] 0
n9[8]+1:
	(2,2) 41
	[0,0] 2
n9[8]+2:
	(2,2) 22
	[0,0] 1
n9[8]+3:
	(4,17) 20
	[1,1] 0
n9[8]:
	(7,3) 17
	[1,0] 0
n9[9]+1:
	(2,2) 41
	[0,0] 2
n9[9]+2:
	(2,2) 22
	[0,0] 1
n9[9]+3:
	(4,17) 20
	[1,1] 0
n9[9]:
	(7,3) 17
	[1,0] 0
n9[10]+1:
	(2,2) 41
	[0,0] 2
n9[10]+2:
	(2,2) 22
	[0,0] 1
n9[10]+3:
	(4,17) 20
	[1,1] 0
n9[10]:
	(7,3) 17
	[1,0] 0
n9[11]+1:
	(2,2) 41
	[0,0] 2
n9[11]+2:
	(2,2) 22
	[0,0] 1
n9[11]+3:
	(4,17) 20
	[1,1] 0
n9[11]:
	(7,3) 17
	[1,0] 0
n9[12]+1:
	(2,2) 39
	[0,0] 2
n9[12]+2:
	(2,2) 20
	[0,0] 1
n9[12]+3:
	(4,17) 18
	[1,1] 0
n9[12]:
	(7,3) 15
	[1,0] 0
n8[0]+1:
	(2,2) 35
	[0,0] 2
n8[0]+2:
	(2,2) 16
	[0,0] 1
n8[0]+3:
	(4,17) 14
	[1,1] 0
n8[0]:
	(7,3) 11
	[1,0] 0
n8[1]+1:
	(2,2) 39
	[0,0] 2
n8[1]+2:
	(2,2) 20
	[0,0] 1
n8[1]+3:
	(4,17) 18
	[1,1] 0
n8[1]:
	(7,3) 15
	[1,0] 0
n8[2]+1:
	(2,2) 41
	[0,0] 2
n8[2]+2:
	(2,2) 22
	[0,0] 1
n8[2]+3:
	(4,17) 20
	[1,1] 0
n8[2]:
	(7,3) 17
	[1,0] 0
n8[3]+1:
	(2,2) 41
	[0,0] 2
n8[3]+2:
	(2,2) 22
	[0,0] 1
n8[3]+3:
	(4,17) 20
	[1,1] 0
n8[3]:
	(7,3) 17
	[1,0] 0
n8[4]+1:
	(2,2) 41
	[0,0] 2
n8[4]+2:
	(2,2) 22
	[0,0] 1
n8[4]+3:
	(4,17) 20
	[1,1] 0
n8[4]:
	(7,3) 17
	[1,0] 0
n8[5]+1:
	(2,2) 41
	[0,0] 2
n8[5]+2:
	(2,2) 22
	[0,0] 1
n8[5]+3:
	(4,17) 20
	[1,1] 0
n8[5]:
	(7,3) 17
	[1,0] 0
n8[6]+1:
	(2,2) 41
	[0,0] 2
n8[6]+2:
	(2,2) 22
	[0,0] 1
n8[6]+3:
	(4,17) 20
	[1,1] 0
n8[6]:
	(7,3) 17
	[1,0] 0
n8[7]+1:
	(2,2) 41
	[0,0] 2
n8[7]+2:
	(2,2) 22
	[0,0] 1
n8[7]+3:
	(4,17) 20
	[1,1] 0
n8[7]:
	(7,3) 17
	[1,0] 0
n8[8]+1:
	(2,2) 41
	[0,0] 2
n8[8]+2:
	(2,2) 22
	[0,0] 1
n8[8]+3:
	(4,17) 20
	[1,1] 0
n8[8]:
	(7,3) 17
	[1,0] 0
n8[9]+1:
	(2,2) 41
	[0,0] 2
n8[9]+2:
	(2,2) 22
	[0,0] 1
n8[9]+3:
	(4,17) 20
	[1,1] 0
n8[9]:
	(7,3) 17
	[1,0] 0
n8[10]+1:
	(2,2) 41
	[0,0] 2
n8[10]+2:
	(2,2) 22
	[0,0] 1
n8[10]+3:
	(4,17) 20
	[1,1] 0
n8[10]:
	(7,3) 17
	[1,0] 0
n8[11]+1:
	(2,2) 41
	[0,0] 2
n8[11]+2:
	(2,2) 22
	[0,0] 1
n8[11]+3:
	(4,17) 20
	[1,1] 0
n8[11]:
	(7,3) 17
	[1,0] 0
n8[12]+1:
	(2,2) 39
	[0,0] 2
n8[12]+2:
	(2,2) 20
	[0,0] 1
n8[12]+3:
	(4,17) 18
	[1,1] 0
n8[12]:
	(7,3) 15
	[1,0] 0
n10[0]+1:
	(2,2) 35
	[0,0] 2
n10[0]+2:
	(2,2) 16
	[0,0] 1
n10[0]+3:
	(4,17) 14
	[1,1] 0
n10[0]:
	(7,3) 11
	[1,0] 0
n10[1]+1:
	(2,2) 39
	[0,0] 2
n10[1]+2:
	(2,2) 20
	[0,0] 1
n10[1]+3:
	(4,17) 18
	[1,1] 0
n10[1]:
	(7,3) 15
	[1,0] 0
n10[2]+1:
	(2,2) 41
	[0,0] 2
n10[2]+2:
	(2,2) 22
	[0,0] 1
n10[2]+3:
	(4,17) 20
	[1,1] 0
n10[2]:
	(7,3) 17
	[1,0] 0
n10[3]+1:
	(2,2) 41
	[0,0] 2
n10[3]+2:
	(2,2) 22
	[0,0] 1
n10[3]+3:
	(4,17) 20
	[1,1] 0
n10[3]:
	(7,3) 17
	[1,0] 0
n10[4]+1:
	(2,2) 41
	[0,0] 2
n10[4]+2:
	(2,2) 22
	[0,0] 1
n10[4]+3:
	(4,17) 20
	[1,1] 0
n10[4]:
	(7,3) 17
	[1,0] 0
n10[5]+1:
	(2,2) 41
	[0,0] 2
n10[5]+2:
	(2,2) 22
	[0,0] 1
n10[5]+3:
	(4,17) 20
	[1,1] 0
n10[5]:
	(7,3) 17
	[1,0] 0
n10[6]+1:
	(2,2) 41
	[0,0] 2
n10[6]+2:
	(2,2) 22
	[0,0] 1
n10[6]+3:
	(4,17) 20
	[1,1] 0
n10[6]:
	(7,3) 17
	[1,0] 0
n10[7]+1:
	(2,2) 41
	[0,0] 2
n10[7]+2:
	(2,2) 22
	[0,0] 1
n10[7]+3:
	(4,17) 20
	[1,1] 0
n10[7]:
	(7,3) 17
	[1,0] 0
n10[8]+1:
	(2,2) 41
	[0,0] 2
n10[8]+2:
	(2,2) 22
	[0,0] 1
n10[8]+3:
	(4,17) 20
	[1,1] 0
n10[8]:
	(7,3) 17
	[1,0] 0
n10[9]+1:
	(2,2) 41
	[0,0] 2
n10[9]+2:
	(2,2) 22
	[0,0] 1
n10[9]+3:
	(4,17) 20
	[1,1] 0
n10[9]:
	(7,3) 17
	[1,0] 0
n10[10]+1:
	(2,2) 41
	[0,0] 2
n10[10]+2:
	(2,2) 22
	[0,0] 1
n10[10]+3:
	(4,17) 20
	[1,1] 0
n10[10]:
	(7,3) 17
	[1,0] 0
n10[11]+1:
	(2,2) 41
	[0,0] 2
n10[11]+2:
	(2,2) 22
	[0,0] 1
n10[11]+3:
	(4,17) 20
	[1,1] 0
n10[11]:
	(7,3) 17
	[1,0] 0
n10[12]+1:
	(2,2) 39
	[0,0] 2
n10[12]+2:
	(2,2) 20
	[0,0] 1
n10[12]+3:
	(4,17) 18
	[1,1] 0
n10[12]:
	(7,3) 15
	[1,0] 0
n7[0]+1:
	(2,2) 39
	[0,0] 2
n7[0]+2:
	(2,2) 20
	[0,0] 1
n7[0]+3:
	(4,17) 18
	[1,1] 0
n7[0]:
	(7,3) 15
	[1,0] 0
n7[1]+1:
	(2,2) 39
	[0,0] 2
n7[1]+2:
	(2,2) 20
	[0,0] 1
n7[1]+3:
	(4,17) 18
	[1,1] 0
n7[1]:
	(7,3) 15
	[1,0] 0
n7[2]+1:
	(2,2) 44
	[0,0] 2
n7[2]+2:
	(2,2) 25
	[0,0] 1
n7[2]+3:
	(4,17) 23
	[1,1] 0
n7[2]:
	(7,3) 20
	[1,0] 0
n7[3]+1:
	(2,2) 44
	[0,0] 2
n7[3]+2:
	(2,2) 25
	[0,0] 1
n7[3]+3:
	(4,17) 23
	[1,1] 0
n7[3]:
	(7,3) 20
	[1,0] 0
n7[4]+1:
	(2,2) 44
	[0,0] 2
n7[4]+2:
	(2,2) 25
	[0,0] 1
n7[4]+3:
	(4,17) 23
	[1,1] 0
n7[4]:
	(7,3) 20
	[1,0] 0
n7[5]+1:
	(2,2) 44
	[0,0] 2
n7[5]+2:
	(2,2) 25
	[0,0] 1
n7[5]+3:
	(4,17) 23
	[1,1] 0
n7[5]:
	(7,3) 20
	[1,0] 0
n7[6]+1:
	(2,2) 44
	[0,0] 2
n7[6]+2:
	(2,2) 25
	[0,0] 1
n7[6]+3:
	(4,17) 23
	[1,1] 0
n7[6]:
	(7,3) 20
	[1,0] 0
n7[7]+1:
	(2,2) 44
	[0,0] 2
n7[7]+2:
	(2,2) 25
	[0,0] 1
n7[7]+3:
	(4,17) 23
	[1,1] 0
n7[7]:
	(7,3) 20
	[1,0] 0
n7[8]+1:
	(2,2) 44
	[0,0] 2
n7[8]+2:
	(2,2) 25
	[0,0] 1
n7[8]+3:
	(4,17) 23
	[1,1] 0
n7[8]:
	(7,3) 20
	[1,0] 0
n7[9]+1:
	(2,2) 44
	[0,0] 2
n7[9]+2:
	(2,2) 25
	[0,0] 1
n7[9]+3:
	(4,17) 23
	[1,1] 0
n7[9]:
	(7,3) 20
	[1,0] 0
n7[10]+1:
	(2,2) 44
	[0,0] 2
n7[10]+2:
	(2,2) 25
	[0,0] 1
n7[10]+3:
	(4,17) 23
	[1,1] 0
n7[10]:
	(7,3) 20
	[1,0] 0
n7[11]+1:
	(2,2) 43
	[0,0] 2
n7[11]+2:
	(2,2) 24
	[0,0] 1
n7[11]+3:
	(4,17) 22
	[1,1] 0
n7[11]:
	(7,3) 19
	[1,0] 0
n7[12]+1:
	(2,2) 43
	[0,0] 2
n7[12]+2:
	(2,2) 24
	[0,0] 1
n7[12]+3:
	(4,17) 22
	[1,1] 0
n7[12]:
	(7,3) 19
	[1,0] 0
n13[0]+1:
	(2,2) 94
	[0,0] 8
n13[0]+2:
	(2,2) 78
	[0,0] 7
n13[0]+3:
	(4,14) 76
	[1,1] 6
n13[0]:
	(7,3) 73
	[1,0] 6
n13[1]+1:
	(2,2) 96
	[0,0] 8
n13[1]+2:
	(2,2) 78
	[0,0] 7
n13[1]+3:
	(4,16) 76
	[1,1] 6
n13[1]:
	(7,3) 73
	[1,0] 6
n13[2]+1:
	(2,2) 96
	[0,0] 8
n13[2]+2:
	(2,2) 78
	[0,0] 7
n13[2]+3:
	(4,16) 76
	[1,1] 6
n13[2]:
	(7,3) 73
	[1,0] 6
n14[0]+1:
	(2,2) 84
	[0,0] 6
n14[0]+2:
	(2,2) 54
	[0,0] 3
n14[0]+3:
	(4,28) 52
	[1,3] 2
n14[0]:
	(7,3) 49
	[1,0] 2
n14[1]+1:
	(2,2) 85
	[0,0] 5
n14[1]+2:
	(2,2) 57
	[0,0] 3
n14[1]+3:
	(4,26) 55
	[1,2] 2
n14[1]:
	(7,3) 52
	[1,0] 2
n14[2]+1:
	(2,2) 77
	[0,0] 4
n14[2]+2:
	(2,2) 50
	[0,0] 2
n14[2]+3:
	(4,25) 48
	[1,2] 1
n14[2]:
	(7,3) 45
	[1,0] 1
n654:
	(2,24) 56
	[0,2] 3
n653:
	(2,22) 59
	[0,1] 3
n652:
	(2,21) 52
	[0,1] 2
n651:
	(22,5) 58
	[2,0] 3
n650:
	(20,10) 61
	[1,0] 3
n648:
	(19,7) 54
	[1,0] 2
n649:
	(6,18) 55
	[0,1] 2
n647:
	(7,13) 27
	[0,0] 1
n646:
	(7,13) 22
	[0,0] 1
n645:
	(7,13) 22
	[0,0] 1
n644:
	(7,13) 27
	[0,0] 1
n643:
	(7,13) 27
	[0,0] 1
n642:
	(7,13) 27
	[0,0] 1
n641:
	(7,13) 27
	[0,0] 1
n640:
	(20,13) 18
	[0,0] 1
n639:
	(7,13) 27
	[0,0] 1
n638:
	(7,13) 27
	[0,0] 1
n637:
	(7,13) 27
	[0,0] 1
n636:
	(7,13) 27
	[0,0] 1
n635:
	(7,13) 26
	[0,0] 1
n634:
	(7,13) 26
	[0,0] 1
n633:
	(4,13) 69
	[0,1] 3
n632:
	(3,59) 31
	[0,6] 1
n631:
	(21,13) 24
	[0,0] 1
n630:
	(3,12) 31
	[0,0] 1
n629:
	(3,12) 26
	[0,0] 1
n628:
	(3,54) 26
	[0,6] 1
n627:
	(3,59) 26
	[0,6] 1
n626:
	(3,12) 26
	[0,0] 1
n625:
	(3,12) 31
	[0,0] 1
n624:
	(3,59) 31
	[0,6] 1
n623:
	(3,59) 31
	[0,6] 1
n622:
	(3,12) 31
	[0,0] 1
n621:
	(3,59) 31
	[0,6] 1
n620:
	(3,59) 31
	[0,6] 1
n619:
	(3,12) 31
	[0,0] 1
n618:
	(3,12) 31
	[0,0] 1
n617:
	(3,59) 31
	[0,6] 1
n616:
	(21,13) 24
	[0,0] 1
n615:
	(3,12) 31
	[0,0] 1
n614:
	(3,12) 31
	[0,0] 1
n613:
	(3,59) 31
	[0,6] 1
n612:
	(3,59) 31
	[0,6] 1
n611:
	(3,12) 31
	[0,0] 1
n610:
	(3,12) 31
	[0,0] 1
n609:
	(3,59) 31
	[0,6] 1
n608:
	(3,59) 30
	[0,6] 1
n607:
	(3,12) 30
	[0,0] 1
n606:
	(3,58) 30
	[0,6] 1
n605:
	(3,12) 30
	[0,0] 1
n604:
	(5,103) 77
	[0,13] 4
n603:
	(21,13) 24
	[0,0] 1
n602:
	(21,13) 24
	[0,0] 1
n601:
	(14,13) 22
	[0,0] 1
n600:
	(21,13) 24
	[0,0] 1
n599:
	(21,13) 24
	[0,0] 1
n598:
	(21,13) 22
	[0,0] 1
n597:
	(21,13) 24
	[0,0] 1
n596:
	(21,13) 24
	[0,0] 1
n595:
	(21,13) 24
	[0,0] 1
n594:
	(19,13) 18
	[0,0] 1
n593:
	(21,13) 24
	[0,0] 1
n592:
	(21,13) 24
	[0,0] 1
n591:
	(21,13) 24
	[0,0] 1
n590:
	(21,13) 24
	[0,0] 1
n589:
	(21,13) 24
	[0,0] 1
n588:
	(21,13) 24
	[0,0] 1
n587:
	(21,13) 24
	[0,0] 1
n586:
	(21,13) 24
	[0,0] 1
n585:
	(21,13) 24
	[0,0] 1
n584:
	(21,13) 24
	[0,0] 1
n583:
	(21,13) 24
	[0,0] 1
n582:
	(21,13) 22
	[0,0] 1
n581:
	(21,13) 24
	[0,0] 1
n580:
	(21,13) 24
	[0,0] 1
n579:
	(21,13) 24
	[0,0] 1
n578:
	(21,13) 24
	[0,0] 1
n577:
	(21,13) 22
	[0,0] 1
n576:
	(19,13) 18
	[0,0] 1
n575:
	(21,13) 24
	[0,0] 1
n574:
	(21,13) 24
	[0,0] 1
n573:
	(21,13) 24
	[0,0] 1
n572:
	(21,13) 24
	[0,0] 1
n571:
	(21,13) 24
	[0,0] 1
n570:
	(14,13) 22
	[0,0] 1
n569:
	(12,30) 26
	[0,1] 1
n568:
	(14,13) 22
	[0,0] 1
n567:
	(21,13) 24
	[0,0] 1
n565:
	(8,12) 37
	[0,0] 1
n564:
	(8,12) 37
	[0,0] 1
n563:
	(8,12) 37
	[0,0] 1
n562:
	(8,12) 37
	[0,0] 1
n561:
	(8,12) 37
	[0,0] 1
n560:
	(8,12) 37
	[0,0] 1
n559:
	(8,12) 37
	[0,0] 1
n558:
	(8,12) 35
	[0,0] 1
n557:
	(7,12) 31
	[0,0] 1
n556:
	(8,12) 37
	[0,0] 1
n555:
	(8,12) 37
	[0,0] 1
n554:
	(8,12) 37
	[0,0] 1
n553:
	(8,12) 37
	[0,0] 1
n552:
	(8,12) 37
	[0,0] 1
n551:
	(8,12) 37
	[0,0] 1
n550:
	(8,12) 37
	[0,0] 1
n549:
	(8,12) 37
	[0,0] 1
n548:
	(8,12) 37
	[0,0] 1
n547:
	(8,12) 37
	[0,0] 1
n546:
	(8,12) 37
	[0,0] 1
n545:
	(8,12) 37
	[0,0] 1
n544:
	(8,12) 37
	[0,0] 1
n543:
	(8,12) 37
	[0,0] 1
n542:
	(8,12) 35
	[0,0] 1
n541:
	(8,12) 37
	[0,0] 1
n540:
	(8,12) 37
	[0,0] 1
n539:
	(8,12) 37
	[0,0] 1
n538:
	(7,12) 30
	[0,0] 1
n537:
	(8,12) 37
	[0,0] 1
n536:
	(8,12) 37
	[0,0] 1
n535:
	(8,12) 35
	[0,0] 1
n534:
	(7,12) 30
	[0,0] 1
n533:
	(8,12) 37
	[0,0] 1
n532:
	(8,12) 37
	[0,0] 1
n531:
	(8,12) 37
	[0,0] 1
n530:
	(8,12) 37
	[0,0] 1
n529:
	(87,6) 93
	[11,0] 6
n528:
	(6,29) 32
	[0,2] 1
n527:
	(12,35) 33
	[0,1] 1
n566:
	(51,2) 29
	[6,0] 1
n525:
	(2,12) 80
	[0,0] 7
n524:
	(12,35) 33
	[0,1] 1
n523:
	(12,35) 33
	[0,1] 1
n522:
	(12,35) 33
	[0,1] 1
n521:
	(8,12) 28
	[0,0] 1
n520:
	(12,35) 33
	[0,1] 1
n519:
	(12,35) 33
	[0,1] 1
n518:
	(12,35) 33
	[0,1] 1
n517:
	(12,35) 33
	[0,1] 1
n516:
	(12,34) 31
	[0,1] 1
n515:
	(12,35) 33
	[0,1] 1
n514:
	(8,12) 28
	[0,0] 1
n513:
	(12,35) 33
	[0,1] 1
n512:
	(12,35) 33
	[0,1] 1
n511:
	(12,35) 33
	[0,1] 1
n510:
	(12,35) 33
	[0,1] 1
n509:
	(12,35) 33
	[0,1] 1
n508:
	(12,35) 33
	[0,1] 1
n507:
	(12,35) 33
	[0,1] 1
n506:
	(12,35) 33
	[0,1] 1
n505:
	(12,35) 33
	[0,1] 1
n504:
	(12,35) 33
	[0,1] 1
n503:
	(12,35) 33
	[0,1] 1
n502:
	(12,34) 31
	[0,1] 1
n501:
	(12,35) 33
	[0,1] 1
n500:
	(12,35) 33
	[0,1] 1
n499:
	(12,35) 33
	[0,1] 1
n498:
	(12,35) 33
	[0,1] 1
n497:
	(12,35) 33
	[0,1] 1
n496:
	(2,10) 80
	[0,0] 7
n495:
	(2,12) 80
	[0,0] 7
n494:
	(12,35) 33
	[0,1] 1
n493:
	(12,34) 31
	[0,1] 1
n492:
	(11,28) 26
	[0,1] 1
n491:
	(11,30) 26
	[0,1] 1
n490:
	(12,35) 33
	[0,1] 1
n489:
	(8,12) 28
	[0,0] 1
n488:
	(12,35) 33
	[0,1] 1
n487:
	(12,35) 33
	[0,1] 1
n486:
	(12,35) 33
	[0,1] 1
n526:
	(7,2) 31
	[0,0] 1
n473:
	(5,76) 40
	[0,2] 1
n472:
	(5,74) 38
	[0,2] 1
n471:
	(5,62) 40
	[0,2] 1
n470:
	(5,76) 40
	[0,2] 1
n469:
	(5,78) 40
	[0,2] 1
n468:
	(5,80) 40
	[0,2] 1
n467:
	(5,66) 40
	[0,2] 1
n466:
	(5,76) 40
	[0,2] 1
n465:
	(5,76) 40
	[0,2] 1
n464:
	(5,62) 40
	[0,2] 1
n463:
	(5,80) 40
	[0,2] 1
n462:
	(5,62) 40
	[0,2] 1
n461:
	(5,66) 40
	[0,2] 1
n460:
	(5,66) 40
	[0,2] 1
n459:
	(5,42) 31
	[0,2] 1
n458:
	(5,66) 40
	[0,2] 1
n457:
	(5,52) 40
	[0,2] 1
n456:
	(5,61) 40
	[0,2] 1
n455:
	(5,74) 40
	[0,2] 1
n454:
	(5,48) 38
	[0,2] 1
n453:
	(5,60) 40
	[0,2] 1
n452:
	(5,40) 31
	[0,2] 1
n451:
	(5,78) 40
	[0,2] 1
n450:
	(5,66) 40
	[0,2] 1
n485:
	(6,34) 39
	[0,1] 1
n484:
	(6,33) 37
	[0,1] 1
n483:
	(6,34) 39
	[0,1] 1
n482:
	(6,34) 39
	[0,1] 1
n481:
	(6,34) 39
	[0,1] 1
n480:
	(6,34) 39
	[0,1] 1
n479:
	(5,29) 32
	[0,1] 1
n478:
	(6,34) 39
	[0,1] 1
n477:
	(6,34) 39
	[0,1] 1
n476:
	(6,34) 39
	[0,1] 1
n475:
	(6,34) 39
	[0,1] 1
n474:
	(6,34) 39
	[0,1] 1
n449:
	(49,6) 31
	[6,0] 1
n434:
	(8,12) 82
	[0,1] 7
n433:
	(5,62) 40
	[0,2] 1
n432:
	(5,62) 40
	[0,2] 1
n431:
	(5,61) 40
	[0,2] 1
n430:
	(5,63) 40
	[0,2] 1
n429:
	(5,51) 38
	[0,2] 1
n428:
	(5,27) 32
	[0,2] 1
n427:
	(5,44) 31
	[0,2] 1
n426:
	(5,34) 32
	[0,2] 1
n425:
	(5,52) 40
	[0,2] 1
n424:
	(5,66) 40
	[0,2] 1
n423:
	(5,66) 40
	[0,2] 1
n422:
	(5,66) 40
	[0,2] 1
n421:
	(5,62) 40
	[0,2] 1
n420:
	(55,5) 125
	[7,0] 10
n419:
	(25,5) 36
	[2,0] 1
n418:
	(4,12) 36
	[0,1] 1
n417:
	(5,62) 40
	[0,2] 1
n416:
	(4,12) 36
	[0,1] 1
n415:
	(10,16) 82
	[0,1] 7
n414:
	(4,12) 36
	[0,1] 1
n413:
	(10,16) 82
	[0,1] 7
n448:
	(5,48) 32
	[0,6] 1
n447:
	(7,7) 42
	[0,0] 1
n446:
	(7,7) 42
	[0,0] 1
n445:
	(7,7) 42
	[0,0] 1
n444:
	(7,7) 42
	[0,0] 1
n443:
	(7,7) 42
	[0,0] 1
n442:
	(7,7) 42
	[0,0] 1
n441:
	(7,7) 42
	[0,0] 1
n440:
	(7,7) 42
	[0,0] 1
n439:
	(7,7) 40
	[0,0] 1
n438:
	(7,7) 42
	[0,0] 1
n437:
	(7,7) 33
	[0,0] 1
n436:
	(7,6) 35
	[0,0] 1
n435:
	(7,7) 42
	[0,0] 1
n412:
	(29,5) 44
	[1,0] 1
n410:
	(29,5) 44
	[1,0] 1
n408:
	(29,5) 44
	[1,0] 1
n406:
	(29,5) 44
	[1,0] 1
n404:
	(29,5) 44
	[1,0] 1
n402:
	(29,5) 44
	[1,0] 1
n399:
	(6,40) 92
	[0,4] 8
n398:
	(6,39) 92
	[0,4] 8
n397:
	(4,28) 36
	[0,1] 1
n411:
	(4,28) 45
	[0,1] 1
n409:
	(4,28) 45
	[0,1] 1
n407:
	(4,28) 45
	[0,1] 1
n405:
	(4,28) 45
	[0,1] 1
n403:
	(4,28) 45
	[0,1] 1
n401:
	(4,28) 45
	[0,1] 1
n400:
	(4,25) 44
	[0,1] 2
n396:
	(29,5) 44
	[1,0] 1
n394:
	(28,5) 42
	[1,0] 1
n392:
	(29,5) 44
	[1,0] 1
n390:
	(29,5) 44
	[1,0] 1
n388:
	(24,4) 37
	[1,0] 1
n386:
	(29,5) 44
	[1,0] 1
n383:
	(39,4) 141
	[5,0] 12
n382:
	(9,9) 89
	[1,0] 7
n381:
	(9,9) 89
	[1,0] 7
n380:
	(32,4) 48
	[4,0] 3
n395:
	(4,28) 45
	[0,1] 1
n393:
	(4,27) 43
	[0,1] 1
n391:
	(4,28) 45
	[0,1] 1
n389:
	(4,28) 45
	[0,1] 1
n387:
	(3,23) 38
	[0,1] 1
n385:
	(4,28) 45
	[0,1] 1
n384:
	(22,4) 37
	[2,0] 1
n378:
	(31,5) 149
	[4,0] 13
n377:
	(31,5) 149
	[4,0] 13
n379:
	(20,3) 41
	[1,0] 1
n375:
	(24,5) 56
	[3,0] 4
n373:
	(13,9) 68
	[1,0] 3
n372:
	(14,3) 45
	[1,0] 2
n376:
	(4,23) 57
	[0,3] 4
n374:
	(2,6) 38
	[0,0] 1
n369:
	(13,5) 48
	[1,0] 1
n367:
	(3,10) 58
	[0,0] 3
n366:
	(15,4) 165
	[2,0] 15
n365:
	(15,4) 165
	[2,0] 15
n371:
	(4,12) 40
	[0,1] 1
n370:
	(6,2) 53
	[0,0] 2
n368:
	(4,12) 49
	[0,1] 1
n363:
	(15,4) 165
	[2,0] 15
n362:
	(2,6) 59
	[0,0] 3
n361:
	(15,4) 65
	[2,0] 5
n360:
	(15,4) 165
	[2,0] 15
n359:
	(15,4) 165
	[2,0] 15
n358:
	(15,4) 165
	[2,0] 15
n364:
	(15,4) 65
	[2,0] 3
n357:
	(4,8) 45
	[0,1] 1
n356:
	(4,8) 45
	[0,1] 1
n355:
	(4,8) 45
	[0,1] 1
n354:
	(4,8) 45
	[0,1] 1
n353:
	(4,8) 45
	[0,1] 1
n352:
	(4,8) 45
	[0,1] 1
n351:
	(4,8) 45
	[0,1] 1
n350:
	(4,8) 43
	[0,1] 1
n349:
	(4,8) 45
	[0,1] 1
n348:
	(4,8) 45
	[0,1] 1
n347:
	(4,8) 38
	[0,1] 1
n346:
	(4,8) 39
	[0,1] 1
n345:
	(4,8) 45
	[0,1] 1
n344:
	(4,8) 45
	[0,1] 1
n343:
	(4,8) 45
	[0,1] 1
n342:
	(4,8) 45
	[0,1] 1
n341:
	(4,8) 45
	[0,1] 1
n340:
	(4,8) 45
	[0,1] 1
n339:
	(4,8) 38
	[0,1] 1
n338:
	(4,8) 45
	[0,1] 1
n337:
	(4,8) 45
	[0,1] 1
n336:
	(4,8) 45
	[0,1] 1
n335:
	(4,8) 45
	[0,1] 1
n334:
	(4,8) 45
	[0,1] 1
n333:
	(4,8) 45
	[0,1] 1
n332:
	(4,8) 45
	[0,1] 1
n331:
	(4,8) 43
	[0,1] 1
n330:
	(4,8) 45
	[0,1] 1
n329:
	(4,8) 45
	[0,1] 1
n328:
	(4,8) 43
	[0,1] 1
n327:
	(4,8) 45
	[0,1] 1
n326:
	(4,8) 45
	[0,1] 1
n325:
	(4,8) 45
	[0,1] 1
n324:
	(4,8) 45
	[0,1] 1
n323:
	(4,8) 45
	[0,1] 1
n322:
	(4,8) 57
	[0,1] 2
n321:
	(4,8) 94
	[0,1] 7
n320:
	(4,8) 94
	[0,1] 7
n319:
	(4,8) 39
	[0,1] 1
n318:
	(4,8) 39
	[0,1] 1
n317:
	(4,8) 34
	[0,1] 1
n316:
	(4,8) 39
	[0,1] 1
n315:
	(4,8) 39
	[0,1] 1
n314:
	(4,8) 38
	[0,1] 1
n313:
	(4,8) 34
	[0,1] 1
n312:
	(4,8) 39
	[0,1] 1
n311:
	(4,8) 39
	[0,1] 1
n310:
	(4,8) 39
	[0,1] 1
n309:
	(4,8) 39
	[0,1] 1
n308:
	(4,8) 48
	[0,1] 2
n307:
	(4,8) 39
	[0,1] 1
n306:
	(4,8) 38
	[0,1] 1
n305:
	(55,55) 63
	[0,0] 3
n304:
	(39,39) 63
	[0,0] 3
n303:
	(25,25) 61
	[0,0] 3
n302:
	(39,39) 63
	[0,0] 3
n301:
	(43,43) 63
	[0,0] 3
n300:
	(37,37) 63
	[0,0] 3
n299:
	(55,55) 63
	[0,0] 3
n298:
	(39,39) 63
	[0,0] 3
n297:
	(43,43) 63
	[0,0] 3
n296:
	(15,11) 117
	[1,0] 11
n295:
	(28,28) 61
	[0,0] 3
n294:
	(14,14) 117
	[1,0] 11
n293:
	(53,53) 63
	[0,0] 3
n292:
	(43,43) 63
	[0,0] 3
n291:
	(43,43) 63
	[0,0] 3
n290:
	(4,10) 55
	[0,0] 3
n289:
	(53,53) 63
	[0,0] 3
n288:
	(53,53) 63
	[0,0] 3
n287:
	(57,57) 63
	[0,0] 3
n286:
	(39,39) 63
	[0,0] 3
n285:
	(38,38) 63
	[0,0] 3
n284:
	(51,51) 63
	[0,0] 3
n283:
	(43,43) 63
	[0,0] 3
n282:
	(21,21) 54
	[0,0] 3
n281:
	(43,43) 63
	[0,0] 3
n280:
	(43,43) 63
	[0,0] 3
n279:
	(39,39) 63
	[0,0] 3
n278:
	(40,40) 63
	[0,0] 3
n277:
	(19,19) 54
	[0,0] 3
n276:
	(39,39) 63
	[0,0] 3
n275:
	(39,39) 63
	[0,0] 3
n274:
	(38,38) 63
	[0,0] 3
n273:
	(29,29) 63
	[0,0] 3
n272:
	(51,51) 61
	[0,0] 3
n271:
	(53,53) 63
	[0,0] 3
n270:
	(17,23) 54
	[0,0] 3
n269:
	(11,12) 55
	[0,0] 3
n268:
	(43,43) 63
	[0,0] 3
n267:
	(29,29) 63
	[0,0] 3
n266:
	(57,57) 63
	[0,0] 3
n265:
	(6,6) 64
	[0,0] 2
n264:
	(7,7) 66
	[0,0] 2
n263:
	(4,8) 45
	[0,1] 1
n262:
	(7,7) 57
	[0,0] 2
n261:
	(7,7) 66
	[0,0] 2
n260:
	(7,7) 66
	[0,0] 2
n259:
	(7,7) 66
	[0,0] 2
n258:
	(7,7) 66
	[0,0] 2
n257:
	(7,7) 66
	[0,0] 2
n256:
	(7,5) 61
	[0,0] 3
n255:
	(7,7) 66
	[0,0] 2
n254:
	(7,7) 66
	[0,0] 2
n253:
	(7,7) 66
	[0,0] 2
n252:
	(7,7) 66
	[0,0] 2
n251:
	(2,2) 59
	[0,0] 2
n780:
	(27,27) 62
	[0,0] 3
n81:
	(19,28) 70
	[0,0] 3
n779:
	(37,37) 64
	[0,0] 3
n80:
	(17,37) 81
	[0,0] 3
n79:
	(20,29) 81
	[0,0] 3
n778:
	(38,38) 64
	[0,0] 3
n78:
	(18,38) 92
	[0,0] 3
n77:
	(20,29) 82
	[0,0] 3
n777:
	(38,38) 64
	[0,0] 3
n76:
	(18,38) 93
	[0,0] 3
n75:
	(20,29) 82
	[0,0] 3
n776:
	(38,38) 64
	[0,0] 3
n74:
	(18,38) 93
	[0,0] 3
n73:
	(20,29) 82
	[0,0] 3
n775:
	(38,38) 64
	[0,0] 3
n72:
	(18,38) 93
	[0,0] 3
n71:
	(20,29) 82
	[0,0] 3
n774:
	(38,38) 64
	[0,0] 3
n70:
	(18,38) 93
	[0,0] 3
n69:
	(20,29) 82
	[0,0] 3
n773:
	(38,38) 64
	[0,0] 3
n68:
	(18,38) 93
	[0,0] 3
n67:
	(20,29) 82
	[0,0] 3
n772:
	(38,38) 64
	[0,0] 3
n66:
	(18,38) 93
	[0,0] 3
n65:
	(20,29) 82
	[0,0] 3
n771:
	(42,42) 64
	[0,0] 3
n64:
	(18,47) 93
	[0,0] 3
n63:
	(29,25) 111
	[0,0] 3
n62:
	(24,28) 82
	[0,0] 3
n770:
	(36,36) 64
	[0,0] 3
n61:
	(18,37) 92
	[0,0] 3
n60:
	(19,18) 82
	[0,0] 3
n769:
	(18,18) 55
	[0,0] 3
n59:
	(13,18) 87
	[0,0] 3
n768:
	(11,10) 56
	[0,0] 3
n58:
	(17,17) 89
	[0,0] 3
n57:
	(17,17) 85
	[0,0] 3
n56:
	(16,16) 85
	[0,0] 3
n55:
	(17,17) 85
	[0,0] 3
n54:
	(17,17) 85
	[0,0] 3
n53:
	(17,17) 85
	[0,0] 3
n52:
	(17,17) 85
	[0,0] 3
n51:
	(17,17) 85
	[0,0] 3
n50:
	(17,17) 85
	[0,0] 3
n49:
	(17,17) 83
	[0,0] 3
n48:
	(12,12) 61
	[0,0] 3
n46:
	(10,19) 101
	[0,0] 3
n45:
	(10,19) 101
	[0,0] 3
n44:
	(10,19) 101
	[0,0] 3
n43:
	(10,19) 101
	[0,0] 3
n42:
	(10,18) 88
	[0,0] 3
n47:
	(5,12) 61
	[0,0] 3
n41:
	(4,10) 62
	[0,0] 3
n40:
	(10,19) 101
	[0,0] 3
n39:
	(10,19) 100
	[0,0] 3
n38:
	(10,19) 101
	[0,0] 3
n37:
	(9,23) 101
	[0,0] 3
n36:
	(4,18) 96
	[0,0] 3
n35:
	(10,19) 101
	[0,0] 3
n34:
	(9,15) 110
	[0,0] 3
n33:
	(9,15) 111
	[0,0] 3
n32:
	(9,9) 111
	[0,0] 3
n31:
	(9,9) 110
	[0,0] 3
n30:
	(9,9) 111
	[0,0] 3
n29:
	(9,9) 111
	[0,0] 3
n28:
	(9,15) 111
	[0,0] 3
n27:
	(9,9) 97
	[0,0] 3
n26:
	(9,15) 111
	[0,0] 3
n25:
	(9,15) 111
	[0,0] 3
n24:
	(9,15) 111
	[0,0] 3
n23:
	(9,9) 111
	[0,0] 3
n22:
	(9,15) 111
	[0,0] 3
n21:
	(9,9) 111
	[0,0] 3
n20:
	(9,15) 111
	[0,0] 3
n19:
	(8,14) 98
	[0,0] 3
n18:
	(9,9) 111
	[0,0] 3
n17:
	(4,4) 69
	[0,0] 3
n16:
	(9,9) 111
	[0,0] 3
n15:
	(7,7) 66
	[0,0] 3
n755:
	(24,24) 62
	[0,0] 3
n129:
	(16,24) 70
	[0,0] 3
n754:
	(39,39) 64
	[0,0] 3
n128:
	(16,39) 78
	[0,0] 3
n127:
	(23,26) 80
	[0,0] 3
n753:
	(37,37) 64
	[0,0] 3
n126:
	(17,47) 89
	[0,0] 3
n125:
	(30,21) 106
	[0,0] 3
n124:
	(20,29) 81
	[0,0] 3
n752:
	(42,42) 64
	[0,0] 3
n123:
	(18,47) 92
	[0,0] 3
n122:
	(29,25) 110
	[0,0] 3
n121:
	(24,28) 82
	[0,0] 3
n751:
	(42,42) 64
	[0,0] 3
n120:
	(18,42) 92
	[0,0] 3
n119:
	(24,28) 82
	[0,0] 3
n750:
	(42,42) 64
	[0,0] 3
n118:
	(18,42) 92
	[0,0] 3
n117:
	(24,28) 82
	[0,0] 3
n749:
	(42,42) 64
	[0,0] 3
n116:
	(18,42) 92
	[0,0] 3
n115:
	(24,28) 82
	[0,0] 3
n748:
	(42,42) 64
	[0,0] 3
n114:
	(18,42) 92
	[0,0] 3
n113:
	(24,28) 82
	[0,0] 3
n747:
	(42,42) 64
	[0,0] 3
n112:
	(18,42) 92
	[0,0] 3
n111:
	(24,28) 82
	[0,0] 3
n746:
	(42,42) 64
	[0,0] 3
n110:
	(18,42) 92
	[0,0] 3
n109:
	(24,28) 82
	[0,0] 3
n745:
	(28,28) 64
	[0,0] 3
n108:
	(18,28) 92
	[0,0] 3
n744:
	(20,20) 55
	[0,0] 3
n107:
	(16,16) 85
	[0,0] 3
n106:
	(17,17) 89
	[0,0] 3
n105:
	(15,15) 88
	[0,0] 3
n104:
	(17,17) 89
	[0,0] 3
n103:
	(17,17) 75
	[0,0] 3
n102:
	(17,17) 89
	[0,0] 3
n101:
	(17,17) 89
	[0,0] 3
n100:
	(17,17) 89
	[0,0] 3
n99:
	(17,17) 89
	[0,0] 3
n98:
	(17,17) 89
	[0,0] 3
n96:
	(9,23) 66
	[0,0] 3
n95:
	(9,23) 101
	[0,0] 3
n94:
	(10,19) 100
	[0,0] 3
n93:
	(7,15) 87
	[0,0] 3
n92:
	(9,23) 101
	[0,0] 3
n97:
	(10,19) 65
	[0,0] 3
n91:
	(9,23) 101
	[0,0] 3
n90:
	(9,23) 101
	[0,0] 3
n89:
	(9,23) 101
	[0,0] 3
n88:
	(9,23) 101
	[0,0] 3
n87:
	(8,22) 98
	[0,0] 3
n86:
	(9,23) 101
	[0,0] 3
n85:
	(9,15) 110
	[0,0] 3
n84:
	(9,15) 75
	[0,0] 3
n83:
	(9,9) 110
	[0,0] 3
n82:
	(9,9) 75
	[0,0] 3
n743:
	(8,8) 104
	[0,0] 3
n184:
	(4,7) 108
	[0,0] 3
n741:
	(8,8) 108
	[0,0] 3
n183:
	(4,8) 111
	[0,0] 3
n182:
	(4,7) 112
	[0,0] 3
n739:
	(8,8) 108
	[0,0] 3
n181:
	(4,8) 115
	[0,0] 3
n180:
	(4,7) 112
	[0,0] 3
n737:
	(8,8) 110
	[0,0] 3
n179:
	(4,8) 115
	[0,0] 3
n178:
	(4,7) 114
	[0,0] 3
n735:
	(10,10) 110
	[0,0] 3
n177:
	(4,13) 117
	[0,0] 3
n176:
	(9,7) 121
	[0,0] 3
n175:
	(6,8) 114
	[0,0] 3
n733:
	(10,10) 108
	[0,0] 3
n174:
	(4,10) 118
	[0,0] 3
n173:
	(6,8) 112
	[0,0] 3
n731:
	(8,8) 108
	[0,0] 3
n172:
	(4,12) 116
	[0,0] 3
n171:
	(8,5) 120
	[0,0] 3
n170:
	(4,7) 112
	[0,0] 3
n729:
	(8,8) 108
	[0,0] 3
n169:
	(4,8) 115
	[0,0] 3
n168:
	(4,7) 112
	[0,0] 3
n727:
	(8,8) 112
	[0,0] 3
n167:
	(4,8) 115
	[0,0] 3
n166:
	(4,7) 116
	[0,0] 3
n725:
	(8,8) 106
	[0,0] 3
n165:
	(4,8) 119
	[0,0] 3
n164:
	(4,7) 110
	[0,0] 3
n723:
	(8,8) 84
	[0,0] 3
n163:
	(4,8) 113
	[0,0] 3
n162:
	(4,7) 88
	[0,0] 3
n721:
	(7,7) 78
	[0,0] 3
n161:
	(4,7) 91
	[0,0] 3
n707:
	(4,6) 61
	[0,0] 3
n160:
	(3,3) 113
	[0,0] 3
n159:
	(3,3) 115
	[0,0] 3
n158:
	(3,3) 117
	[0,0] 3
n157:
	(3,3) 111
	[0,0] 3
n156:
	(3,3) 89
	[0,0] 3
n149:
	(3,3) 109
	[0,0] 3
n155:
	(3,3) 113
	[0,0] 3
n154:
	(3,3) 113
	[0,0] 3
n153:
	(3,3) 113
	[0,0] 3
n152:
	(3,3) 115
	[0,0] 3
n151:
	(3,3) 117
	[0,0] 3
n150:
	(3,3) 82
	[0,0] 3
n147:
	(3,5) 119
	[0,0] 3
n146:
	(2,3) 93
	[0,0] 3
n145:
	(3,5) 117
	[0,0] 3
n144:
	(2,3) 121
	[0,0] 3
n143:
	(2,3) 117
	[0,0] 3
n148:
	(3,5) 64
	[0,0] 3
n142:
	(2,3) 65
	[0,0] 3
n141:
	(2,3) 117
	[0,0] 3
n140:
	(2,3) 119
	[0,0] 3
n139:
	(2,3) 117
	[0,0] 3
n138:
	(2,3) 117
	[0,0] 3
n137:
	(2,3) 113
	[0,0] 3
n136:
	(2,3) 115
	[0,0] 3
n135:
	(2,2) 122
	[0,0] 3
n134:
	(2,2) 122
	[0,0] 3
n133:
	(2,2) 67
	[0,0] 3
n132:
	(2,2) 120
	[0,0] 3
n131:
	(2,2) 120
	[0,0] 3
n130:
	(2,2) 67
	[0,0] 3
n719:
	(50,50) 62
	[0,0] 3
n246:
	(27,42) 85
	[0,0] 3
n718:
	(52,52) 64
	[0,0] 3
n245:
	(25,52) 102
	[0,0] 3
n244:
	(27,42) 89
	[0,0] 3
n717:
	(52,52) 64
	[0,0] 3
n243:
	(25,52) 106
	[0,0] 3
n242:
	(27,42) 89
	[0,0] 3
n716:
	(54,54) 64
	[0,0] 3
n241:
	(25,54) 106
	[0,0] 3
n240:
	(29,44) 89
	[0,0] 3
n715:
	(56,56) 64
	[0,0] 3
n239:
	(27,56) 106
	[0,0] 3
n238:
	(29,44) 91
	[0,0] 3
n714:
	(54,54) 64
	[0,0] 3
n237:
	(27,54) 108
	[0,0] 3
n236:
	(27,42) 91
	[0,0] 3
n713:
	(52,52) 64
	[0,0] 3
n235:
	(25,52) 108
	[0,0] 3
n234:
	(27,42) 89
	[0,0] 3
n712:
	(52,52) 64
	[0,0] 3
n233:
	(25,52) 106
	[0,0] 3
n232:
	(27,42) 89
	[0,0] 3
n711:
	(56,56) 64
	[0,0] 3
n231:
	(25,61) 106
	[0,0] 3
n230:
	(36,32) 131
	[0,0] 3
n229:
	(31,35) 89
	[0,0] 3
n710:
	(50,50) 64
	[0,0] 3
n228:
	(25,51) 99
	[0,0] 3
n227:
	(26,25) 89
	[0,0] 3
n709:
	(28,28) 64
	[0,0] 3
n226:
	(20,28) 94
	[0,0] 3
n708:
	(22,16) 55
	[0,0] 3
n225:
	(26,26) 92
	[0,0] 3
n224:
	(24,24) 92
	[0,0] 3
n223:
	(24,24) 92
	[0,0] 3
n222:
	(26,26) 94
	[0,0] 3
n221:
	(24,24) 92
	[0,0] 3
n220:
	(24,24) 94
	[0,0] 3
n219:
	(24,24) 92
	[0,0] 3
n218:
	(24,24) 96
	[0,0] 3
n217:
	(24,24) 90
	[0,0] 3
n216:
	(19,19) 73
	[0,0] 3
n215:
	(22,22) 90
	[0,0] 3
n213:
	(16,26) 115
	[0,0] 3
n212:
	(16,28) 119
	[0,0] 3
n211:
	(16,26) 115
	[0,0] 3
n210:
	(16,26) 111
	[0,0] 3
n209:
	(16,26) 115
	[0,0] 3
n214:
	(8,23) 63
	[0,0] 3
n208:
	(7,21) 64
	[0,0] 3
n207:
	(16,26) 115
	[0,0] 3
n206:
	(16,28) 117
	[0,0] 3
n205:
	(9,30) 115
	[0,0] 3
n204:
	(4,25) 110
	[0,0] 3
n203:
	(16,26) 117
	[0,0] 3
n202:
	(9,15) 132
	[0,0] 3
n201:
	(16,16) 125
	[0,0] 3
n200:
	(16,16) 125
	[0,0] 3
n199:
	(16,16) 121
	[0,0] 3
n198:
	(18,18) 129
	[0,0] 3
n197:
	(9,15) 132
	[0,0] 3
n196:
	(9,15) 134
	[0,0] 3
n195:
	(18,18) 127
	[0,0] 3
n194:
	(9,15) 138
	[0,0] 3
n193:
	(9,15) 136
	[0,0] 3
n192:
	(16,16) 127
	[0,0] 3
n191:
	(15,15) 71
	[0,0] 3
n190:
	(16,16) 125
	[0,0] 3
n189:
	(7,7) 79
	[0,0] 3
n188:
	(9,15) 132
	[0,0] 3
n187:
	(16,16) 125
	[0,0] 3
n186:
	(9,15) 132
	[0,0] 3
n185:
	(9,15) 128
	[0,0] 3
n794:
	(13,13) 118
	[0,1] 11
n795:
	(10,14) 118
	[0,1] 11
n250:
	(9,9) 122
	[1,0] 11
n249:
	(4,15) 128
	[0,2] 12
n248:
	(4,8) 127
	[0,1] 11
n247:
	(4,8) 127
	[0,1] 11
n847:
	(2,2) 26
	[0,0] 0
n848:
	(3,10) 18
	[0,0] 0
n846:
	(7,4) 21
	[0,0] 0
n845:
	(4,8) 24
	[0,0] 0
n844:
	(5,3) 27
	[0,0] 0
n843:
	(2,3) 26
	[0,0] 0
n842:
	(2,3) 30
	[0,0] 0
n841:
	(2,2) 30
	[0,0] 0
n840:
	(2,2) 30
	[0,0] 0
n11[12]:
	(5,5) 13
	[0,0] 0
n11[11]:
	(6,6) 14
	[0,0] 0
n839:
	(3,54) 15
	[0,0] 0
n838:
	(2,5) 18
	[0,0] 0
n11[10]:
	(6,6) 14
	[0,0] 0
n837:
	(51,4) 18
	[0,0] 0
n836:
	(3,50) 17
	[0,0] 0
n835:
	(2,5) 18
	[0,0] 0
n11[9]:
	(6,6) 14
	[0,0] 0
n834:
	(47,4) 20
	[0,0] 0
n833:
	(3,46) 17
	[0,0] 0
n832:
	(2,5) 18
	[0,0] 0
n11[8]:
	(6,6) 14
	[0,0] 0
n831:
	(43,4) 20
	[0,0] 0
n830:
	(3,42) 17
	[0,0] 0
n829:
	(2,5) 18
	[0,0] 0
n11[7]:
	(6,6) 14
	[0,0] 0
n828:
	(39,4) 20
	[0,0] 0
n827:
	(3,38) 17
	[0,0] 0
n826:
	(2,5) 18
	[0,0] 0
n11[6]:
	(6,6) 14
	[0,0] 0
n825:
	(35,4) 20
	[0,0] 0
n824:
	(3,34) 17
	[0,0] 0
n823:
	(2,5) 18
	[0,0] 0
n11[5]:
	(6,6) 14
	[0,0] 0
n822:
	(31,4) 20
	[0,0] 0
n821:
	(3,30) 17
	[0,0] 0
n820:
	(2,5) 18
	[0,0] 0
n11[4]:
	(6,6) 14
	[0,0] 0
n819:
	(27,4) 20
	[0,0] 0
n818:
	(3,26) 17
	[0,0] 0
n817:
	(2,5) 18
	[0,0] 0
n11[3]:
	(6,6) 14
	[0,0] 0
n816:
	(23,4) 20
	[0,0] 0
n815:
	(3,22) 17
	[0,0] 0
n814:
	(2,5) 18
	[0,0] 0
n11[2]:
	(6,6) 14
	[0,0] 0
n813:
	(19,4) 20
	[0,0] 0
n812:
	(3,18) 17
	[0,0] 0
n811:
	(2,5) 18
	[0,0] 0
n11[1]:
	(6,6) 12
	[0,0] 0
n810:
	(15,4) 20
	[0,0] 0
n809:
	(3,14) 15
	[0,0] 0
n808:
	(2,5) 16
	[0,0] 0
n807:
	(2,2) 33
	[0,0] 0
n806:
	(2,2) 37
	[0,0] 0
n805:
	(2,2) 67
	[0,0] 0
n804:
	(11,4) 18
	[0,0] 0
n803:
	(2,2) 57
	[0,0] 0
n802:
	(2,2) 49
	[0,0] 0
n801:
	(2,2) 41
	[0,0] 0
n800:
	(2,2) 45
	[0,0] 0
n799:
	(2,2) 61
	[0,0] 0
n798:
	(2,2) 65
	[0,0] 0
n797:
	(2,2) 53
	[0,0] 0
n796:
	(2,2) 27
	[0,0] 0

-----------------------------------
Sum of T(sa0)s: ∞
Sum of T(sa1)s: ∞
Testability index: ∞