0:
	(1,1) ∞
	[0,0] ∞
1:
	(1,1) ∞
	[0,0] ∞
x:
	(1,1) ∞
	[0,0] ∞
CK:
	(1,1) 22
	[0,0] 2
G0:
	(1,1) 107
	[0,0] 8
G1:
	(1,1) 101
	[0,0] 8
G10:
	(1,1) 38
	[0,0] 3
G11:
	(1,1) 32
	[0,0] 3
G12:
	(1,1) 197
	[0,0] 18
G13:
	(1,1) 32
	[0,0] 2
G14:
	(1,1) 32
	[0,0] 2
G15:
	(1,1) 1
	[0,0] 0
G16:
	(1,1) 216
	[0,0] 19
G2:
	(1,1) 112
	[0,0] 8
G3:
	(1,1) 170
	[0,0] 13
G4:
	(1,1) 164
	[0,0] 12
G5:
	(1,1) 175
	[0,0] 13
G6:
	(1,1) 89
	[0,0] 8
G7:
	(1,1) 81
	[0,0] 7
G8:
	(1,1) 73
	[0,0] 6
G9:
	(1,1) 65
	[0,0] 5
test_se:
	(1,1) 16
	[0,0] 1
test_si:
	(1,1) 200
	[0,0] 19
G727:
	(11,15) 0
	[1,1] 0
G713+1:
	(3,64) 19
	[0,5] 2
G713+2:
	(10,46) 12
	[1,4] 1
G713:
	(47,14) 8
	[4,1] 1
G707:
	(7,14) 16
	[0,1] 2
n147:
	(26,3) 20
	[2,0] 2
n146:
	(13,3) 20
	[1,0] 2
G705:
	(2,37) 8
	[0,3] 1
n150+1:
	(67,70) 22
	[5,4] 2
n150:
	(82,35) 10
	[5,3] 1
n153:
	(34,11) 81
	[3,1] 5
n154:
	(32,24) 91
	[2,2] 6
n156+1:
	(28,3) 125
	[2,0] 8
n156:
	(34,29) 94
	[2,2] 6
n158:
	(66,30) 98
	[5,2] 6
n159:
	(29,3) 161
	[2,0] 11
n155:
	(23,2) 121
	[2,0] 8
n152+1:
	(62,43) 70
	[4,3] 5
n152:
	(69,45) 44
	[4,3] 4
n161:
	(81,36) 96
	[7,2] 7
n162+1:
	(142,27) 169
	[13,2] 13
n162:
	(37,18) 159
	[3,2] 12
n160+1:
	(32,26) 229
	[2,2] 16
n160+2:
	(64,25) 197
	[5,2] 13
n160:
	(97,26) 164
	[7,2] 11
n164:
	(15,24) 246
	[1,2] 17
n151+1:
	(23,12) 146
	[2,1] 13
n151:
	(90,21) 68
	[9,2] 5
n170:
	(20,77) 81
	[2,8] 6
n172:
	(76,10) 91
	[8,1] 7
n171:
	(91,9) 92
	[11,1] 7
G702+1:
	(22,49) 35
	[2,4] 3
G702+2:
	(12,34) 50
	[1,3] 4
G702:
	(13,84) 0
	[1,7] 0
n176:
	(11,22) 62
	[1,2] 5
n177:
	(10,99) 74
	[1,12] 6
n175:
	(223,11) 73
	[27,1] 6
n174+1:
	(113,11) 73
	[16,1] 6
n174:
	(21,21) 63
	[2,2] 5
n173+1:
	(63,11) 89
	[8,1] 8
n173:
	(43,27) 57
	[4,2] 5
G693+1:
	(8,15) 20
	[0,1] 2
G693:
	(19,3) 16
	[1,0] 2
n183+1:
	(23,11) 28
	[2,1] 2
n183:
	(14,3) 25
	[1,0] 2
n182:
	(25,4) 24
	[2,0] 2
G687+1:
	(8,15) 28
	[0,1] 3
G687:
	(19,3) 24
	[1,0] 3
n186+1:
	(23,11) 36
	[2,1] 3
n186:
	(14,3) 33
	[1,0] 3
n185:
	(24,4) 32
	[2,0] 3
G682+1:
	(16,15) 18
	[1,1] 1
G682:
	(19,3) 14
	[1,0] 1
n184:
	(3,13) 31
	[0,1] 2
n187:
	(22,11) 23
	[2,1] 1
G675:
	(7,26) 22
	[0,3] 2
n189:
	(31,3) 26
	[4,0] 2
n188:
	(25,3) 26
	[3,0] 2
G669:
	(7,21) 30
	[0,2] 3
n191:
	(26,3) 34
	[3,0] 3
n190:
	(20,3) 34
	[2,0] 3
G663:
	(7,14) 38
	[0,1] 4
n193:
	(21,3) 42
	[2,0] 4
n148:
	(2,4) 42
	[0,0] 4
n192:
	(13,3) 42
	[1,0] 4
n149:
	(2,3) 30
	[0,0] 3
G657:
	(2,3) 30
	[0,0] 2
G613:
	(6,5) 51
	[0,0] 4
n195:
	(26,3) 54
	[2,0] 4
n194:
	(4,2) 55
	[0,0] 4
G608:
	(6,5) 59
	[0,0] 5
n198:
	(26,3) 62
	[2,0] 5
n197:
	(4,2) 63
	[0,0] 5
G590:
	(13,61) 50
	[1,5] 4
n199:
	(45,36) 66
	[4,3] 5
n201:
	(10,44) 92
	[1,4] 7
n202:
	(26,150) 110
	[2,13] 9
G577:
	(6,5) 58
	[0,0] 5
n205:
	(26,3) 61
	[2,0] 5
n204:
	(4,2) 62
	[0,0] 5
G573:
	(6,5) 66
	[0,0] 6
n207:
	(26,3) 69
	[2,0] 6
n206:
	(4,2) 70
	[0,0] 6
G569:
	(6,5) 74
	[0,0] 7
n209:
	(26,3) 77
	[2,0] 7
n208:
	(4,2) 78
	[0,0] 7
G565:
	(6,5) 82
	[0,0] 8
n211:
	(26,3) 85
	[2,0] 8
n210:
	(4,2) 86
	[0,0] 8
n196:
	(13,2) 57
	[1,0] 4
n212:
	(14,11) 59
	[1,1] 4
G548:
	(13,83) 90
	[1,9] 9
n214:
	(67,38) 106
	[8,3] 10
G541+1:
	(22,63) 115
	[2,7] 11
G541:
	(14,80) 98
	[1,8] 10
n215+1:
	(64,11) 210
	[9,1] 17
n215:
	(105,28) 116
	[7,2] 11
n216:
	(21,34) 144
	[2,5] 13
n217:
	(123,11) 154
	[10,1] 14
G536:
	(13,71) 106
	[1,7] 11
n219:
	(55,36) 122
	[6,3] 12
G531+1:
	(22,51) 131
	[2,5] 13
G531:
	(14,68) 114
	[1,6] 12
n218+1:
	(44,11) 210
	[5,1] 17
n218:
	(92,26) 129
	[6,2] 12
n220:
	(21,24) 158
	[2,3] 15
n221:
	(100,11) 168
	[7,1] 16
G526:
	(13,59) 122
	[1,5] 13
n223:
	(43,34) 138
	[4,3] 14
n222+1:
	(61,53) 104
	[5,3] 8
n222:
	(79,24) 78
	[5,2] 6
n225+1:
	(24,11) 144
	[2,1] 10
n225:
	(23,25) 132
	[2,2] 9
n226:
	(251,11) 144
	[32,1] 10
n224:
	(52,35) 130
	[3,3] 10
n228:
	(34,26) 156
	[3,2] 11
n200:
	(15,12) 96
	[1,1] 8
n231:
	(11,2) 109
	[1,0] 9
G503+1:
	(5,17) 94
	[0,1] 7
G503:
	(21,6) 90
	[1,0] 7
n234:
	(28,3) 108
	[2,0] 8
n233:
	(79,2) 97
	[6,0] 7
n232:
	(16,2) 97
	[1,0] 7
G498+1:
	(5,17) 83
	[0,1] 7
G498:
	(21,6) 79
	[1,0] 7
n240:
	(28,3) 97
	[2,0] 8
n239:
	(79,2) 86
	[6,0] 7
n238:
	(16,2) 86
	[1,0] 7
tempG494+1:
	(5,17) 89
	[0,1] 7
tempG494:
	(21,6) 85
	[1,0] 7
n243:
	(34,3) 103
	[2,0] 8
n242:
	(79,2) 92
	[6,0] 7
n236:
	(10,77) 88
	[1,6] 7
n241:
	(16,2) 92
	[1,0] 7
n237:
	(16,14) 88
	[1,1] 7
n235:
	(14,2) 100
	[1,0] 8
G477+1:
	(21,99) 131
	[2,10] 11
G477:
	(4,143) 87
	[0,14] 7
n245:
	(20,87) 143
	[2,9] 12
n246:
	(106,10) 153
	[10,1] 13
n244+1:
	(168,10) 244
	[17,1] 22
n244:
	(193,11) 219
	[19,1] 20
G469:
	(3,77) 90
	[0,7] 7
n248:
	(34,33) 133
	[3,3] 11
G464+1:
	(22,101) 123
	[2,10] 11
G464:
	(4,145) 79
	[0,14] 7
n247+1:
	(150,11) 156
	[15,1] 13
n247:
	(24,23) 143
	[2,2] 12
n249:
	(21,77) 147
	[2,8] 13
n251:
	(85,11) 157
	[8,1] 14
G459:
	(3,66) 79
	[0,6] 7
n252:
	(23,33) 122
	[2,3] 11
n250:
	(22,12) 133
	[2,1] 12
n253:
	(164,11) 144
	[16,1] 13
n255:
	(23,11) 297
	[2,1] 28
G451:
	(8,110) 87
	[0,9] 8
n257:
	(115,4) 91
	[9,0] 8
n256:
	(109,3) 92
	[10,0] 8
G447:
	(7,54) 95
	[0,4] 9
n259:
	(64,2) 100
	[5,0] 9
G441:
	(9,124) 78
	[0,10] 7
n261:
	(127,4) 83
	[10,0] 7
n258:
	(3,52) 99
	[0,4] 9
n260:
	(123,4) 83
	[11,0] 7
G438:
	(3,66) 86
	[0,5] 8
n263:
	(63,46) 89
	[5,3] 8
n143:
	(61,34) 22
	[5,2] 2
n265:
	(33,24) 59
	[3,2] 5
n266:
	(23,20) 72
	[2,2] 6
n268:
	(68,11) 84
	[9,1] 7
n267:
	(19,11) 84
	[2,1] 7
n264:
	(35,36) 47
	[2,3] 4
G427+1:
	(22,93) 96
	[2,11] 9
G427:
	(2,95) 94
	[0,11] 9
n178+1:
	(156,9) 164
	[19,1] 15
n178:
	(73,11) 100
	[8,1] 8
n269:
	(21,81) 108
	[2,10] 10
G424:
	(3,91) 102
	[0,10] 10
n272:
	(77,21) 116
	[9,2] 11
n274:
	(10,135) 127
	[1,15] 12
G416:
	(3,88) 110
	[0,9] 11
n275:
	(74,21) 124
	[8,2] 12
n273:
	(13,2) 180
	[1,0] 19
n271:
	(140,11) 118
	[16,1] 11
G408+1:
	(21,78) 113
	[2,8] 9
G408:
	(2,80) 111
	[0,8] 9
n276:
	(20,66) 125
	[2,7] 10
G405:
	(3,75) 119
	[0,7] 10
n278:
	(62,21) 132
	[6,2] 11
n280:
	(10,81) 143
	[1,7] 12
G397:
	(3,48) 127
	[0,4] 11
n279:
	(12,2) 163
	[1,0] 14
n282:
	(35,47) 140
	[3,4] 12
G392:
	(3,71) 135
	[0,7] 12
n283:
	(57,21) 149
	[6,2] 13
G384+1:
	(22,63) 158
	[2,6] 14
G384:
	(4,78) 143
	[0,7] 13
n285:
	(10,108) 160
	[1,10] 14
n286:
	(21,51) 170
	[2,5] 15
G379+1:
	(34,23) 166
	[3,2] 15
G379:
	(4,38) 151
	[0,3] 14
n284:
	(13,2) 176
	[1,0] 16
n287:
	(33,11) 178
	[3,1] 16
G373:
	(5,68) 130
	[0,7] 11
n291:
	(53,21) 145
	[6,2] 12
G365+1:
	(21,60) 152
	[2,6] 13
G365:
	(4,74) 138
	[0,7] 12
n292+1:
	(90,10) 166
	[9,1] 14
n292:
	(101,11) 155
	[10,1] 13
n293:
	(20,48) 164
	[2,5] 14
n296:
	(53,10) 174
	[5,1] 15
G360:
	(5,35) 146
	[0,3] 13
n294:
	(3,13) 168
	[0,1] 15
n270:
	(10,63) 110
	[1,7] 9
n297:
	(20,31) 161
	[2,3] 14
n295:
	(10,21) 163
	[1,2] 15
n254:
	(10,152) 156
	[1,15] 14
n277:
	(86,10) 135
	[8,1] 11
n281:
	(25,37) 150
	[2,3] 13
n299+1:
	(67,10) 200
	[7,1] 17
n299:
	(91,11) 176
	[9,1] 15
n298:
	(24,25) 162
	[2,2] 14
n169:
	(31,12) 70
	[3,1] 5
n300+1:
	(19,18) 84
	[2,2] 6
n300+2:
	(117,2) 100
	[11,0] 8
n300:
	(21,20) 81
	[2,2] 6
n203+1:
	(52,24) 165
	[5,2] 14
n203+2:
	(61,24) 156
	[6,2] 13
n203:
	(114,25) 103
	[11,2] 8
n305:
	(20,23) 197
	[2,2] 17
n304:
	(20,23) 197
	[2,2] 17
n303:
	(20,23) 197
	[2,2] 17
n302:
	(20,23) 197
	[2,2] 17
n301:
	(31,38) 186
	[3,3] 16
n306+1:
	(19,13) 211
	[2,1] 18
n306+2:
	(19,13) 211
	[2,1] 18
n306:
	(27,20) 197
	[2,2] 17
G321:
	(8,49) 154
	[0,5] 14
n308:
	(66,4) 158
	[7,0] 14
n307:
	(48,3) 159
	[5,0] 14
G315:
	(8,44) 162
	[0,4] 15
n312:
	(61,4) 166
	[6,0] 15
n311:
	(43,3) 167
	[4,0] 15
G309:
	(8,39) 170
	[0,3] 16
n314:
	(56,4) 174
	[5,0] 16
n313:
	(38,3) 175
	[3,0] 16
G303:
	(7,16) 178
	[0,1] 17
n316:
	(51,4) 181
	[4,0] 17
n309:
	(3,26) 198
	[0,2] 19
n315:
	(15,2) 183
	[1,0] 17
n310:
	(2,13) 185
	[0,1] 17
n317:
	(23,11) 187
	[2,1] 17
n288:
	(113,11) 178
	[11,1] 16
n289:
	(10,56) 179
	[1,5] 16
G260:
	(13,93) 158
	[1,10] 11
n319:
	(77,21) 174
	[9,2] 12
G252+1:
	(21,73) 183
	[2,8] 13
G252:
	(14,90) 166
	[1,9] 12
n320+1:
	(116,10) 227
	[13,1] 16
n320:
	(159,11) 184
	[16,1] 13
n321:
	(20,61) 195
	[2,7] 14
n323:
	(98,10) 205
	[9,1] 15
G247:
	(13,68) 174
	[1,5] 13
n324:
	(52,26) 190
	[4,2] 14
G242+1:
	(22,68) 199
	[2,7] 15
G242:
	(14,85) 182
	[1,8] 14
n322+1:
	(98,11) 231
	[11,1] 17
n322:
	(42,16) 200
	[3,1] 15
n325:
	(21,51) 216
	[2,6] 16
n327:
	(77,11) 226
	[7,1] 17
G237:
	(13,57) 190
	[1,4] 15
n328:
	(41,26) 206
	[3,2] 16
n326:
	(15,30) 212
	[1,2] 16
G328BF:
	(6,14) 192
	[0,1] 18
n331:
	(13,2) 196
	[1,0] 18
G332BF:
	(12,11) 198
	[1,1] 18
n333:
	(25,2) 208
	[2,0] 19
n332:
	(10,9) 201
	[1,1] 18
n334+1:
	(12,2) 240
	[1,0] 22
n334+2:
	(31,25) 221
	[3,2] 20
n334:
	(44,3) 208
	[4,0] 19
n330:
	(14,3) 195
	[2,0] 18
n329+1:
	(74,11) 222
	[9,1] 17
n329+2:
	(54,11) 222
	[5,1] 17
n329:
	(23,55) 210
	[2,5] 16
n318:
	(15,12) 227
	[1,1] 17
n335:
	(11,2) 240
	[1,0] 18
n230:
	(13,12) 99
	[1,1] 8
n213:
	(42,2) 13
	[4,0] 1
n262+1:
	(39,24) 40
	[4,2] 3
n262+2:
	(50,24) 40
	[4,2] 3
n262:
	(49,40) 15
	[4,4] 1
n339:
	(34,30) 60
	[3,2] 5
n340+1:
	(19,14) 80
	[2,1] 7
n340:
	(24,20) 70
	[2,1] 6
n338:
	(23,19) 71
	[2,2] 5
n337:
	(29,19) 60
	[2,2] 5
n336:
	(23,19) 60
	[2,2] 5
G218:
	(3,45) 121
	[0,4] 12
n341:
	(42,37) 124
	[4,3] 12
G214:
	(3,35) 100
	[0,3] 9
n342:
	(32,37) 103
	[3,3] 9
n343:
	(10,61) 130
	[1,6] 11
G208:
	(3,23) 100
	[0,2] 9
n347:
	(20,33) 103
	[2,3] 9
G198:
	(3,36) 82
	[0,3] 6
n348:
	(33,34) 85
	[3,3] 6
G193+1:
	(24,47) 92
	[2,4] 7
G193:
	(2,49) 90
	[0,4] 7
n229+1:
	(41,11) 107
	[5,1] 8
n229:
	(23,24) 95
	[2,2] 7
n349:
	(34,22) 117
	[3,2] 9
n362:
	(21,24) 127
	[2,2] 10
G189:
	(3,23) 98
	[0,2] 8
n365:
	(20,32) 101
	[2,3] 8
n355:
	(23,11) 107
	[2,1] 8
n379:
	(73,11) 119
	[8,1] 9
n181:
	(26,31) 69
	[2,3] 6
n344:
	(25,21) 79
	[2,2] 7
n290:
	(10,23) 90
	[1,2] 8
G175:
	(3,13) 103
	[0,1] 9
G166:
	(3,70) 106
	[0,9] 9
n380:
	(67,23) 109
	[9,2] 9
n179:
	(12,206) 90
	[1,25] 8
n381:
	(10,66) 122
	[1,9] 10
G159+1:
	(22,63) 116
	[2,8] 10
G159:
	(2,65) 114
	[0,8] 10
n227:
	(10,194) 102
	[1,24] 9
n382:
	(21,51) 128
	[2,7] 11
G154+1:
	(21,58) 124
	[2,7] 11
G154:
	(2,60) 122
	[0,7] 11
n383+1:
	(86,10) 195
	[11,1] 18
n383:
	(143,11) 138
	[17,1] 12
n384:
	(20,46) 136
	[2,6] 12
n386:
	(97,10) 146
	[11,1] 13
G149:
	(3,55) 130
	[0,6] 12
n387:
	(52,21) 133
	[6,2] 12
G144+1:
	(35,33) 140
	[3,3] 13
G144:
	(2,35) 138
	[0,3] 13
n385+1:
	(44,10) 155
	[5,1] 14
n385:
	(56,11) 143
	[6,1] 13
n388:
	(34,21) 152
	[3,2] 14
n390:
	(20,24) 162
	[2,2] 15
G140:
	(3,23) 146
	[0,2] 14
n391:
	(20,32) 149
	[2,3] 14
n389:
	(11,23) 158
	[1,2] 15
n392:
	(113,11) 170
	[16,1] 16
G129:
	(3,53) 154
	[0,8] 15
n393:
	(50,22) 157
	[8,2] 15
G125:
	(3,46) 162
	[0,7] 16
n394:
	(43,21) 165
	[7,2] 16
n180:
	(11,74) 112
	[1,9] 13
n395:
	(9,42) 177
	[1,7] 17
G118+1:
	(45,39) 170
	[4,4] 17
G118:
	(2,41) 168
	[0,4] 17
n396:
	(65,10) 121
	[8,1] 14
n397:
	(44,28) 181
	[4,3] 18
G113+1:
	(29,58) 178
	[3,6] 18
G113:
	(2,60) 176
	[0,6] 18
n398+1:
	(33,11) 175
	[5,1] 21
n398:
	(37,34) 149
	[3,3] 19
n399:
	(28,23) 213
	[4,3] 21
n400:
	(35,18) 223
	[3,3] 22
G109:
	(3,37) 184
	[0,3] 19
n401:
	(34,42) 187
	[3,4] 19
n157:
	(42,25) 107
	[3,2] 7
n403:
	(52,26) 123
	[4,2] 8
n404:
	(77,26) 149
	[8,2] 10
n406:
	(25,61) 165
	[2,7] 11
n407:
	(98,15) 175
	[9,1] 12
n405:
	(40,15) 211
	[3,1] 17
n167:
	(14,14) 237
	[1,1] 18
n410:
	(73,11) 240
	[8,1] 18
n409:
	(13,2) 249
	[1,0] 19
n408:
	(83,25) 190
	[8,2] 13
n412+1:
	(86,24) 218
	[8,2] 15
n412:
	(36,67) 206
	[3,7] 14
n415:
	(66,11) 231
	[7,1] 16
n414+1:
	(59,11) 256
	[6,1] 18
n414:
	(23,60) 244
	[2,6] 17
n413+1:
	(63,11) 304
	[6,1] 23
n413:
	(36,25) 279
	[3,2] 21
n165:
	(24,24) 237
	[2,2] 16
n419:
	(14,14) 247
	[1,1] 17
n421:
	(58,11) 250
	[5,1] 17
n420:
	(13,2) 259
	[1,0] 18
n163:
	(15,25) 246
	[1,2] 17
n416:
	(14,14) 257
	[1,1] 18
n423:
	(63,11) 260
	[6,1] 18
n422:
	(13,2) 269
	[1,0] 19
n168:
	(24,15) 246
	[2,1] 17
n424:
	(14,14) 256
	[1,1] 18
n417:
	(13,2) 268
	[1,0] 19
n418:
	(68,11) 256
	[7,1] 18
n166:
	(24,24) 151
	[2,2] 10
n402:
	(24,15) 134
	[2,1] 9
n425:
	(14,14) 144
	[1,1] 10
n427:
	(78,11) 147
	[9,1] 10
n411+1:
	(12,24) 201
	[1,2] 17
n411:
	(13,38) 187
	[1,3] 16
n145+1:
	(15,12) 55
	[1,1] 5
n145:
	(22,13) 45
	[2,1] 4
n429:
	(11,2) 68
	[1,0] 6
n428:
	(20,12) 58
	[2,1] 5
n144+1:
	(14,14) 55
	[1,1] 5
n144:
	(24,13) 45
	[2,1] 4
n431:
	(13,2) 67
	[1,0] 6
n430:
	(90,11) 58
	[8,1] 5
n426:
	(13,2) 156
	[1,0] 11
n75:
	(10,21) 25
	[1,2] 2
n76:
	(35,62) 100
	[2,5] 6
n77:
	(14,4) 167
	[1,0] 15
n78:
	(64,11) 134
	[7,1] 13
n79:
	(153,11) 180
	[15,1] 16
n80:
	(27,93) 128
	[2,6] 12
n81:
	(25,80) 77
	[2,5] 6
n82:
	(25,24) 166
	[2,2] 12
n83:
	(24,11) 89
	[2,1] 8
n84:
	(3,14) 175
	[0,1] 16
n85:
	(109,11) 210
	[10,1] 19
n86:
	(57,11) 178
	[5,1] 16
n87:
	(195,11) 101
	[24,1] 9
n88:
	(10,11) 40
	[1,1] 3
n89:
	(10,11) 38
	[1,1] 3
n90:
	(13,16) 162
	[1,1] 17
n91:
	(13,16) 240
	[1,1] 20
n92:
	(25,25) 150
	[2,2] 10
n93:
	(16,25) 245
	[1,2] 17
n94:
	(26,16) 351
	[2,1] 28
n95:
	(14,23) 44
	[1,2] 4
n96:
	(14,25) 44
	[1,2] 4
n97:
	(3,15) 99
	[0,1] 8
tempn98:
	(13,32) 69
	[1,3] 5
n100:
	(10,26) 31
	[1,4] 2
n101:
	(10,21) 30
	[1,3] 2
n102:
	(10,16) 38
	[1,2] 3
n103:
	(14,4) 30
	[1,0] 2
n104:
	(10,11) 34
	[1,1] 2
n105:
	(26,115) 102
	[2,11] 8
n106:
	(10,39) 186
	[1,6] 13
n107:
	(10,34) 207
	[1,5] 18
n108:
	(10,29) 207
	[1,4] 18
n109:
	(10,24) 207
	[1,3] 18
n110:
	(10,19) 207
	[1,2] 18
n111:
	(3,43) 12
	[0,4] 1
n112:
	(53,4) 98
	[4,0] 9
n113:
	(10,77) 229
	[1,8] 20
n114:
	(10,72) 135
	[1,7] 12
n115:
	(10,62) 102
	[1,5] 9
n116:
	(10,79) 69
	[1,7] 6
n117:
	(10,74) 92
	[1,6] 7
n118:
	(80,9) 120
	[10,1] 11
n119:
	(10,76) 127
	[1,9] 12
n120:
	(10,61) 143
	[1,6] 12
n121:
	(10,56) 160
	[1,6] 14
n122:
	(10,39) 185
	[1,5] 16
n123:
	(10,34) 173
	[1,4] 15
n124:
	(10,29) 181
	[1,3] 16
n125:
	(10,24) 189
	[1,2] 17
n126:
	(10,56) 166
	[1,6] 15
n127:
	(10,51) 246
	[1,6] 17
n128:
	(10,46) 222
	[1,5] 17
n129:
	(10,41) 111
	[1,5] 11
n130:
	(35,9) 91
	[4,1] 8
n131:
	(10,31) 117
	[1,4] 9
n132:
	(25,9) 139
	[3,1] 11
n133:
	(10,21) 106
	[1,2] 8
n134:
	(10,56) 96
	[1,8] 8
n135:
	(10,38) 148
	[1,7] 15
n136:
	(10,23) 185
	[1,4] 22
n137:
	(17,9) 199
	[3,1] 24
n138:
	(2,2) 37
	[0,0] 3
G701BF:
	(2,2) 0
	[0,0] 0
n141:
	(2,2) 188
	[0,0] 13
n142:
	(2,2) 151
	[0,0] 10
n139:
	(2,2) 44
	[0,0] 4
n99:
	(11,10) 4
	[1,1] 0
not+se1:
	(2,2) 20
	[0,0] 2
G729+1:
	(3,17) 5
	[0,1] 1
G729+2:
	(2,21) 6
	[0,2] 1
G729+3:
	(6,18) 2
	[0,1] 1
G729:
	(8,20) 0
	[1,2] 0
not+se2:
	(2,2) 28
	[0,0] 3
n539+1:
	(3,17) 13
	[0,1] 2
n539+2:
	(2,16) 14
	[0,2] 2
n539+3:
	(6,17) 10
	[0,1] 2
n539:
	(8,19) 8
	[1,2] 1
n363:
	(20,9) 26
	[2,1] 2
not+se3:
	(2,2) 43
	[0,0] 4
G726+1:
	(3,40) 5
	[0,3] 1
G726+2:
	(2,11) 6
	[0,1] 1
G726+3:
	(6,12) 2
	[0,1] 1
G726:
	(8,14) 0
	[1,2] 0
not+se4:
	(2,2) 17
	[0,0] 2
n538+1:
	(3,6) 13
	[0,0] 2
n538+2:
	(2,11) 14
	[0,1] 2
n538+3:
	(6,7) 10
	[0,0] 2
n538:
	(8,9) 8
	[1,1] 1
n465:
	(10,9) 41
	[1,1] 3
not+se5:
	(2,2) 25
	[0,0] 3
n537+1:
	(3,6) 21
	[0,0] 3
n537+2:
	(2,11) 22
	[0,1] 3
n537+3:
	(6,7) 18
	[0,0] 3
n537:
	(8,9) 16
	[1,1] 2
n458:
	(10,9) 39
	[1,1] 3
not+se6:
	(2,2) 15
	[0,0] 1
n536+1:
	(3,6) 11
	[0,0] 1
n536+2:
	(2,26) 12
	[0,4] 1
n536+3:
	(6,7) 8
	[0,0] 1
n536:
	(8,9) 6
	[1,1] 0
n378:
	(10,9) 5
	[1,1] 0
not+se7:
	(2,2) 46
	[0,0] 5
n535+1:
	(3,29) 19
	[0,3] 2
n535+2:
	(2,21) 20
	[0,3] 2
n535+3:
	(6,22) 16
	[0,3] 2
n535:
	(8,24) 14
	[1,4] 1
n360:
	(25,9) 24
	[4,1] 2
not+se8:
	(2,2) 49
	[0,0] 5
n534+1:
	(3,24) 27
	[0,2] 3
n534+2:
	(2,16) 28
	[0,2] 3
n534+3:
	(6,17) 24
	[0,2] 3
n534:
	(8,19) 22
	[1,3] 2
n433:
	(20,9) 31
	[3,1] 2
not+se9:
	(2,2) 50
	[0,0] 5
n533+1:
	(3,17) 35
	[0,1] 4
n533+2:
	(2,11) 36
	[0,1] 4
n533+3:
	(6,12) 32
	[0,1] 4
n533:
	(8,14) 30
	[1,2] 3
n434:
	(15,9) 39
	[2,1] 3
not+se10:
	(2,2) 44
	[0,0] 3
n532+1:
	(3,6) 40
	[0,0] 3
n532+2:
	(2,13) 41
	[0,1] 3
n532+3:
	(6,7) 37
	[0,0] 3
n532:
	(8,9) 35
	[1,1] 2
n432:
	(10,9) 34
	[1,1] 2
not+se11:
	(2,2) 54
	[0,0] 4
n531+1:
	(3,8) 48
	[0,0] 4
n531+2:
	(2,13) 49
	[0,1] 4
n531+3:
	(6,9) 45
	[0,0] 4
n531:
	(8,11) 43
	[1,1] 3
n370:
	(12,9) 58
	[1,1] 5
not+se12:
	(2,2) 62
	[0,0] 5
n530+1:
	(3,8) 56
	[0,0] 5
n530+2:
	(2,18) 57
	[0,2] 5
n530+3:
	(6,9) 53
	[0,0] 5
n530:
	(8,11) 51
	[1,1] 4
n371:
	(12,9) 60
	[1,1] 5
not+se13:
	(2,2) 109
	[0,0] 9
n529+1:
	(3,64) 47
	[0,5] 4
n529+2:
	(2,13) 48
	[0,1] 4
n529+3:
	(6,14) 44
	[0,1] 4
n529:
	(8,16) 42
	[1,2] 3
n345:
	(17,9) 41
	[2,1] 3
not+se14:
	(2,2) 61
	[0,0] 5
n528+1:
	(3,8) 55
	[0,0] 5
n528+2:
	(2,13) 56
	[0,1] 5
n528+3:
	(6,9) 52
	[0,0] 5
n528:
	(8,11) 50
	[1,1] 4
n444:
	(12,9) 75
	[1,1] 6
not+se15:
	(2,2) 69
	[0,0] 6
n527+1:
	(3,8) 63
	[0,0] 6
n527+2:
	(2,13) 64
	[0,1] 6
n527+3:
	(6,9) 60
	[0,0] 6
n527:
	(8,11) 58
	[1,1] 5
n445:
	(12,9) 83
	[1,1] 7
not+se16:
	(2,2) 77
	[0,0] 7
n526+1:
	(3,8) 71
	[0,0] 7
n526+2:
	(2,13) 72
	[0,1] 7
n526+3:
	(6,9) 68
	[0,0] 7
n526:
	(8,11) 66
	[1,1] 6
n446:
	(12,9) 91
	[1,1] 8
not+se17:
	(2,2) 85
	[0,0] 8
n525+1:
	(3,8) 79
	[0,0] 8
n525+2:
	(2,39) 80
	[0,6] 8
n525+3:
	(6,9) 76
	[0,0] 8
n525:
	(8,11) 74
	[1,1] 7
n447:
	(12,9) 99
	[1,1] 9
not+se18:
	(2,2) 171
	[0,0] 18
n524+1:
	(3,86) 87
	[0,9] 9
n524+2:
	(2,34) 88
	[0,5] 9
n524+3:
	(6,35) 84
	[0,5] 9
n524:
	(8,37) 82
	[1,6] 8
n472:
	(38,9) 135
	[6,1] 12
not+se19:
	(2,2) 176
	[0,0] 18
n523+1:
	(3,83) 95
	[0,8] 10
n523+2:
	(2,29) 96
	[0,4] 10
n523+3:
	(6,30) 92
	[0,4] 10
n523:
	(8,32) 90
	[1,5] 9
n369:
	(33,9) 156
	[5,1] 14
not+se20:
	(2,2) 175
	[0,0] 18
n522+1:
	(3,74) 103
	[0,7] 11
n522+2:
	(2,24) 104
	[0,3] 11
n522+3:
	(6,25) 100
	[0,3] 11
n522:
	(8,27) 98
	[1,4] 10
n471:
	(28,9) 149
	[4,1] 14
not+se21:
	(2,2) 180
	[0,0] 18
n521+1:
	(3,71) 111
	[0,6] 12
n521+2:
	(2,19) 112
	[0,2] 12
n521+3:
	(6,20) 108
	[0,2] 12
n521:
	(8,22) 106
	[1,3] 11
n356:
	(23,9) 170
	[3,1] 16
not+se22:
	(2,2) 179
	[0,0] 18
n520+1:
	(3,62) 119
	[0,5] 13
n520+2:
	(2,14) 120
	[0,1] 13
n520+3:
	(6,15) 116
	[0,1] 13
n520:
	(8,17) 114
	[1,2] 12
n346:
	(18,9) 163
	[2,1] 16
not+se23:
	(2,2) 94
	[0,0] 7
n519+1:
	(3,9) 87
	[0,0] 7
n519+2:
	(2,14) 88
	[0,1] 7
n519+3:
	(6,10) 84
	[0,0] 7
n519:
	(8,12) 82
	[1,1] 6
n452:
	(13,9) 81
	[1,1] 6
not+se24:
	(2,2) 83
	[0,0] 7
n518+1:
	(3,9) 76
	[0,0] 7
n518+2:
	(2,20) 77
	[0,1] 7
n518+3:
	(6,10) 73
	[0,0] 7
n518:
	(8,12) 71
	[1,1] 6
n451:
	(13,9) 70
	[1,1] 6
not+se25:
	(2,2) 89
	[0,0] 7
n517+1:
	(3,15) 76
	[0,0] 7
n517+2:
	(2,87) 77
	[0,9] 7
n517+3:
	(6,16) 73
	[0,0] 7
n517:
	(8,18) 71
	[1,1] 6
n450:
	(19,9) 70
	[1,1] 6
not+se26:
	(2,2) 228
	[0,0] 21
n516+1:
	(3,146) 84
	[0,14] 7
n516+2:
	(2,82) 85
	[0,8] 7
n516+3:
	(6,83) 81
	[0,8] 7
n516:
	(8,85) 79
	[1,9] 6
n372:
	(86,9) 81
	[9,1] 6
not+se27:
	(2,2) 165
	[0,0] 14
n515+1:
	(3,80) 87
	[0,7] 7
n515+2:
	(2,77) 88
	[0,8] 7
n515+3:
	(6,78) 84
	[0,7] 7
n515:
	(8,80) 82
	[1,8] 6
n351:
	(81,9) 81
	[8,1] 6
not+se28:
	(2,2) 222
	[0,0] 21
n514+1:
	(3,148) 76
	[0,14] 7
n514+2:
	(2,72) 77
	[0,7] 7
n514+3:
	(6,73) 73
	[0,7] 7
n514:
	(8,75) 71
	[1,8] 6
n358:
	(76,9) 70
	[8,1] 6
not+se29:
	(2,2) 143
	[0,0] 13
n513+1:
	(3,69) 76
	[0,6] 7
n513+2:
	(2,67) 77
	[0,6] 7
n513+3:
	(6,68) 73
	[0,6] 7
n513:
	(8,70) 71
	[1,7] 6
n352:
	(71,9) 70
	[7,1] 6
not+se30:
	(2,2) 195
	[0,0] 17
n512+1:
	(3,113) 84
	[0,9] 8
n512+2:
	(2,62) 85
	[0,5] 8
n512+3:
	(6,63) 81
	[0,5] 8
n512:
	(8,65) 79
	[1,6] 7
n366:
	(66,9) 94
	[6,1] 7
not+se31:
	(2,2) 147
	[0,0] 13
n511+1:
	(3,57) 92
	[0,4] 9
n511+2:
	(2,79) 93
	[0,7] 9
n511+3:
	(6,58) 89
	[0,4] 9
n511:
	(8,60) 87
	[1,5] 8
n435:
	(61,9) 103
	[5,1] 9
not+se32:
	(2,2) 200
	[0,0] 17
n510+1:
	(3,127) 75
	[0,10] 7
n510+2:
	(2,74) 76
	[0,6] 7
n510+3:
	(6,75) 72
	[0,6] 7
n510:
	(8,77) 70
	[1,7] 6
n473:
	(78,9) 69
	[7,1] 6
not+se33:
	(2,2) 150
	[0,0] 13
n509+1:
	(3,69) 83
	[0,5] 8
n509+2:
	(2,81) 84
	[0,10] 8
n509+3:
	(6,70) 80
	[0,5] 8
n509:
	(8,72) 78
	[1,6] 7
n350:
	(73,9) 92
	[6,1] 7
not+se34:
	(2,2) 187
	[0,0] 20
n436+1:
	(3,98) 91
	[0,11] 9
n436+2:
	(2,76) 92
	[0,9] 9
n436+3:
	(6,77) 88
	[0,9] 9
n436:
	(8,79) 86
	[1,10] 8
not+se35:
	(2,2) 191
	[0,0] 20
n508+1:
	(3,94) 99
	[0,10] 10
n508+2:
	(2,71) 100
	[0,8] 10
n508+3:
	(6,72) 96
	[0,8] 10
n508:
	(8,74) 94
	[1,9] 9
n437:
	(75,9) 128
	[9,1] 12
not+se36:
	(2,2) 196
	[0,0] 20
n507+1:
	(3,91) 107
	[0,9] 11
n507+2:
	(2,66) 108
	[0,7] 11
n507+3:
	(6,67) 104
	[0,7] 11
n507:
	(8,69) 102
	[1,8] 10
n438:
	(70,9) 136
	[8,1] 13
not+se37:
	(2,2) 189
	[0,0] 17
n506+1:
	(3,83) 108
	[0,8] 9
n506+2:
	(2,61) 109
	[0,6] 9
n506+3:
	(6,62) 105
	[0,6] 9
n506:
	(8,64) 103
	[1,7] 8
n361:
	(65,9) 102
	[7,1] 8
not+se38:
	(2,2) 192
	[0,0] 17
n505+1:
	(3,78) 116
	[0,7] 10
n505+2:
	(2,56) 117
	[0,5] 10
n505+3:
	(6,57) 113
	[0,5] 10
n505:
	(8,59) 111
	[1,6] 9
n443:
	(60,9) 144
	[6,1] 12
not+se39:
	(2,2) 173
	[0,0] 15
n504+1:
	(3,51) 124
	[0,4] 11
n504+2:
	(2,56) 125
	[0,6] 11
n504+3:
	(6,52) 121
	[0,4] 11
n504:
	(8,54) 119
	[1,5] 10
n439:
	(55,9) 166
	[5,1] 14
not+se40:
	(2,2) 204
	[0,0] 19
n503+1:
	(3,74) 132
	[0,7] 12
n503+2:
	(2,51) 133
	[0,5] 12
n503+3:
	(6,52) 129
	[0,5] 12
n503:
	(8,54) 127
	[1,6] 11
n448:
	(55,9) 161
	[6,1] 14
not+se41:
	(2,2) 219
	[0,0] 20
n502+1:
	(3,81) 140
	[0,7] 13
n502+2:
	(2,46) 141
	[0,4] 13
n502+3:
	(6,47) 137
	[0,4] 13
n502:
	(8,49) 135
	[1,5] 12
n440:
	(50,9) 182
	[5,1] 16
not+se42:
	(2,2) 187
	[0,0] 17
n501+1:
	(3,41) 148
	[0,3] 14
n501+2:
	(2,53) 149
	[0,6] 14
n501+3:
	(6,42) 145
	[0,3] 14
n501:
	(8,44) 143
	[1,4] 13
n449:
	(45,9) 190
	[4,1] 17
not+se43:
	(2,2) 196
	[0,0] 18
n500+1:
	(3,71) 127
	[0,7] 11
n500+2:
	(2,48) 128
	[0,5] 11
n500+3:
	(6,49) 124
	[0,5] 11
n500:
	(8,51) 122
	[1,6] 10
n442:
	(52,9) 121
	[6,1] 10
not+se44:
	(2,2) 210
	[0,0] 19
n499+1:
	(3,77) 135
	[0,7] 12
n499+2:
	(2,43) 136
	[0,4] 12
n499+3:
	(6,44) 132
	[0,4] 12
n499:
	(8,46) 130
	[1,5] 11
n373:
	(47,9) 175
	[5,1] 15
not+se45:
	(2,2) 179
	[0,0] 16
n498+1:
	(3,38) 143
	[0,3] 13
n498+2:
	(2,39) 144
	[0,5] 13
n498+3:
	(6,39) 140
	[0,3] 13
n498:
	(8,41) 138
	[1,4] 12
n441:
	(42,9) 172
	[4,1] 15
not+se46:
	(2,2) 201
	[0,0] 19
n497+1:
	(3,52) 151
	[0,5] 14
n497+2:
	(2,34) 152
	[0,4] 14
n497+3:
	(6,35) 148
	[0,4] 14
n497:
	(8,37) 146
	[1,5] 13
n456:
	(38,9) 186
	[5,1] 16
not+se47:
	(2,2) 204
	[0,0] 19
n496+1:
	(3,47) 159
	[0,4] 15
n496+2:
	(2,29) 160
	[0,3] 15
n496+3:
	(6,30) 156
	[0,3] 15
n496:
	(8,32) 154
	[1,4] 14
n455:
	(33,9) 174
	[4,1] 15
not+se48:
	(2,2) 207
	[0,0] 19
n495+1:
	(3,42) 167
	[0,3] 16
n495+2:
	(2,24) 168
	[0,2] 16
n495+3:
	(6,25) 164
	[0,2] 16
n495:
	(8,27) 162
	[1,3] 15
n454:
	(28,9) 182
	[3,1] 16
not+se49:
	(2,2) 192
	[0,0] 18
n494+1:
	(3,19) 175
	[0,1] 17
n494+2:
	(2,66) 176
	[0,8] 17
n494+3:
	(6,20) 172
	[0,1] 17
n494:
	(8,22) 170
	[1,2] 16
n453:
	(23,9) 190
	[2,1] 17
not+se50:
	(2,2) 249
	[0,0] 21
n493+1:
	(3,96) 155
	[0,10] 11
n493+2:
	(2,61) 156
	[0,7] 11
n493+3:
	(6,62) 152
	[0,7] 11
n493:
	(8,64) 150
	[1,8] 10
n357:
	(65,9) 149
	[8,1] 10
not+se51:
	(2,2) 254
	[0,0] 21
n492+1:
	(3,93) 163
	[0,9] 12
n492+2:
	(2,56) 164
	[0,6] 12
n492+3:
	(6,57) 160
	[0,6] 12
n492:
	(8,59) 158
	[1,7] 11
n354:
	(60,9) 181
	[7,1] 12
not+se52:
	(2,2) 240
	[0,0] 18
n491+1:
	(3,71) 171
	[0,5] 13
n491+2:
	(2,51) 172
	[0,6] 13
n491+3:
	(6,52) 168
	[0,5] 13
n491:
	(8,54) 166
	[1,6] 12
n470:
	(55,9) 167
	[6,1] 15
not+se53:
	(2,2) 265
	[0,0] 22
n490+1:
	(3,88) 179
	[0,8] 14
n490+2:
	(2,46) 180
	[0,5] 14
n490+3:
	(6,47) 176
	[0,5] 14
n490:
	(8,49) 174
	[1,6] 13
n353:
	(50,9) 228
	[6,1] 17
not+se54:
	(2,2) 245
	[0,0] 19
n489+1:
	(3,60) 187
	[0,4] 15
n489+2:
	(2,41) 188
	[0,5] 15
n489+3:
	(6,42) 184
	[0,4] 15
n489:
	(8,44) 182
	[1,5] 14
n469:
	(45,9) 223
	[5,1] 17
not+se55:
	(2,2) 164
	[0,0] 16
n488+1:
	(3,48) 118
	[0,4] 12
n488+2:
	(2,36) 119
	[0,4] 12
n488+3:
	(6,37) 115
	[0,4] 12
n488:
	(8,39) 113
	[1,5] 11
n459:
	(40,9) 112
	[5,1] 11
not+se56:
	(2,2) 133
	[0,0] 12
n460+1:
	(3,38) 97
	[0,3] 9
n460+2:
	(2,31) 98
	[0,3] 9
n460+3:
	(6,32) 94
	[0,3] 9
n460:
	(8,34) 92
	[1,4] 8
not+se57:
	(2,2) 121
	[0,0] 11
n487+1:
	(3,26) 97
	[0,2] 9
n487+2:
	(2,36) 98
	[0,4] 9
n487+3:
	(6,27) 94
	[0,2] 9
n487:
	(8,29) 92
	[1,3] 8
n461:
	(30,9) 91
	[3,1] 8
not+se58:
	(2,2) 116
	[0,0] 9
n486+1:
	(3,39) 79
	[0,3] 6
n486+2:
	(2,31) 80
	[0,4] 6
n486+3:
	(6,32) 76
	[0,3] 6
n486:
	(8,34) 74
	[1,4] 5
n364:
	(35,9) 73
	[4,1] 5
not+se59:
	(2,2) 137
	[0,0] 11
n485+1:
	(3,52) 87
	[0,4] 7
n485+2:
	(2,26) 88
	[0,3] 7
n485+3:
	(6,27) 84
	[0,3] 7
n485:
	(8,29) 82
	[1,4] 6
n374:
	(30,9) 118
	[4,1] 9
not+se60:
	(2,2) 119
	[0,0] 10
n457+1:
	(3,26) 95
	[0,2] 8
n457+2:
	(2,21) 96
	[0,2] 8
n457+3:
	(6,22) 92
	[0,2] 8
n457:
	(8,24) 90
	[1,3] 7
not+se61:
	(2,2) 114
	[0,0] 10
n484+1:
	(3,16) 100
	[0,1] 9
n484+2:
	(2,56) 101
	[0,8] 9
n484+3:
	(6,17) 97
	[0,1] 9
n484:
	(8,19) 95
	[1,2] 8
n462:
	(20,9) 94
	[2,1] 8
not+se62:
	(2,2) 174
	[0,0] 18
n483+1:
	(3,73) 103
	[0,9] 9
n483+2:
	(2,51) 104
	[0,7] 9
n483+3:
	(6,52) 100
	[0,7] 9
n483:
	(8,54) 98
	[1,8] 8
n359:
	(55,9) 97
	[8,1] 8
not+se63:
	(2,2) 177
	[0,0] 18
n482+1:
	(3,68) 111
	[0,8] 10
n482+2:
	(2,46) 112
	[0,6] 10
n482+3:
	(6,47) 108
	[0,6] 10
n482:
	(8,49) 106
	[1,7] 9
n367:
	(50,9) 140
	[7,1] 12
not+se64:
	(2,2) 180
	[0,0] 18
n481+1:
	(3,63) 119
	[0,7] 11
n481+2:
	(2,41) 120
	[0,5] 11
n481+3:
	(6,42) 116
	[0,5] 11
n481:
	(8,44) 114
	[1,6] 10
n375:
	(45,9) 147
	[6,1] 13
not+se65:
	(2,2) 183
	[0,0] 18
n480+1:
	(3,58) 127
	[0,6] 12
n480+2:
	(2,36) 128
	[0,4] 12
n480+3:
	(6,37) 124
	[0,4] 12
n480:
	(8,39) 122
	[1,5] 11
n463:
	(40,9) 145
	[5,1] 13
not+se66:
	(2,2) 171
	[0,0] 16
n479+1:
	(3,38) 135
	[0,3] 13
n479+2:
	(2,31) 136
	[0,3] 13
n479+3:
	(6,32) 132
	[0,3] 13
n479:
	(8,34) 130
	[1,4] 12
n376:
	(35,9) 164
	[4,1] 15
not+se67:
	(2,2) 167
	[0,0] 16
n464+1:
	(3,26) 143
	[0,2] 14
n464+2:
	(2,38) 144
	[0,7] 14
n464+3:
	(6,27) 140
	[0,2] 14
n464:
	(8,29) 138
	[1,3] 13
not+se68:
	(2,2) 205
	[0,0] 23
n478+1:
	(3,56) 151
	[0,8] 15
n478+2:
	(2,33) 152
	[0,6] 15
n478+3:
	(6,34) 148
	[0,6] 15
n478:
	(8,36) 146
	[1,7] 14
n466:
	(37,9) 149
	[7,1] 15
not+se69:
	(2,2) 206
	[0,0] 23
n467+1:
	(3,49) 159
	[0,7] 16
n467+2:
	(2,28) 160
	[0,5] 16
n467+3:
	(6,29) 156
	[0,5] 16
n467:
	(8,31) 154
	[1,6] 15
not+se70:
	(2,2) 207
	[0,0] 21
n477+1:
	(3,44) 165
	[0,4] 17
n477+2:
	(2,23) 166
	[0,4] 17
n477+3:
	(6,24) 162
	[0,4] 17
n477:
	(8,26) 160
	[1,5] 16
n368:
	(27,9) 159
	[5,1] 17
not+se71:
	(2,2) 234
	[0,0] 24
n476+1:
	(3,63) 173
	[0,6] 18
n476+2:
	(2,18) 174
	[0,3] 18
n476+3:
	(6,19) 170
	[0,3] 18
n476:
	(8,21) 168
	[1,4] 17
n377:
	(22,9) 186
	[4,1] 22
not+se72:
	(2,2) 219
	[0,0] 22
n468+1:
	(3,40) 181
	[0,3] 19
n468+2:
	(2,13) 182
	[0,2] 19
n468+3:
	(6,14) 178
	[0,2] 19
n468:
	(8,16) 176
	[1,3] 18
not+se73:
	(2,2) 204
	[0,0] 20
G23+1:
	(3,17) 189
	[0,1] 19
G23+2:
	(2,8) 190
	[0,1] 19
G23+3:
	(6,9) 186
	[0,1] 19
G23:
	(8,11) 184
	[1,2] 18
not+se74:
	(2,2) 209
	[0,0] 20
G22+1:
	(3,14) 197
	[0,1] 19
G22+2:
	(2,3) 198
	[0,0] 19
G22+3:
	(6,4) 194
	[0,0] 19
G22:
	(8,6) 192
	[1,1] 18
Trigger_en14_0+1:
	(6,295) 76
	[0,28] 6
Trigger_en14_0+2:
	(4,98) 78
	[0,10] 6
Trigger_en14_0:
	(99,11) 71
	[10,0] 6
troj14_0n2+1:
	(139,4) 232
	[14,0] 20
troj14_0n2+2:
	(129,12) 242
	[12,1] 22
troj14_0n2:
	(269,5) 102
	[26,0] 8
troj14_0n1+1:
	(147,11) 360
	[16,1] 33
troj14_0n1+2:
	(68,13) 358
	[6,1] 33
troj14_0n1:
	(25,69) 346
	[2,6] 32
troj14_0n4:
	(12,46) 380
	[1,4] 35
troj14_0n6:
	(21,11) 405
	[2,1] 37
troj14_0n5:
	(24,15) 402
	[2,1] 37
troj14_0n3:
	(35,11) 496
	[4,1] 48
n98:
	(44,25) 57
	[3,1] 5
Trigger_en14_1:
	(5,239) 86
	[0,25] 7
troj14_1n2+1:
	(110,11) 314
	[9,1] 31
troj14_1n2+2:
	(118,6) 319
	[11,0] 32
troj14_1n2:
	(18,111) 307
	[1,9] 31
troj14_1n3:
	(5,49) 388
	[0,4] 39
troj14_1n4:
	(38,4) 399
	[3,0] 40
troj14_1n1+1:
	(200,12) 125
	[23,1] 9
troj14_1n1+2:
	(19,3) 306
	[1,0] 31
troj14_1n1:
	(220,4) 105
	[24,0] 8
G494:
	(27,12) 79
	[1,0] 7
test_so:
	(8,20) 0
	[1,2] 0

-----------------------------------
Sum of T(sa0)s: ∞
Sum of T(sa1)s: ∞
Testability index: ∞