0:
	(1,1) ∞
	[0,0] ∞
1:
	(1,1) 6
	[0,0] 1
x:
	(1,1) ∞
	[0,0] ∞
n0:
	(1,1) 14
	[0,0] 2
n1:
	(1,1) 15
	[0,0] 1
n2:
	(1,1) 19
	[0,0] 1
n3:
	(1,1) 43
	[0,0] 1
n4:
	(1,1) 33
	[0,0] 1
n5:
	(1,1) 44
	[0,0] 1
n6:
	(1,1) 44
	[0,0] 1
n7[1]:
	(1,1) 34
	[0,0] 1
n7[0]:
	(1,1) 34
	[0,0] 1
n8[7]:
	(1,1) 33
	[0,0] 1
n8[6]:
	(1,1) 33
	[0,0] 1
n8[5]:
	(1,1) 33
	[0,0] 1
n8[4]:
	(1,1) 33
	[0,0] 1
n8[3]:
	(1,1) 33
	[0,0] 1
n8[2]:
	(1,1) 33
	[0,0] 1
n8[1]:
	(1,1) 33
	[0,0] 1
n8[0]:
	(1,1) 33
	[0,0] 1
n10[0]:
	(8,4) 0
	[1,0] 0
n10[1]:
	(8,4) 0
	[1,0] 0
n10[2]:
	(8,4) 0
	[1,0] 0
n10[3]:
	(8,4) 0
	[1,0] 0
n10[4]:
	(8,4) 0
	[1,0] 0
n10[5]:
	(8,4) 0
	[1,0] 0
n10[6]:
	(8,4) 0
	[1,0] 0
n10[7]:
	(8,4) 0
	[1,0] 0
n12+1:
	(2,2) 14
	[0,0] 2
n12+2:
	(2,2) 5
	[0,0] 1
n12+3:
	(4,7) 3
	[1,1] 0
n12:
	(7,3) 0
	[1,0] 0
n13+1:
	(2,2) 21
	[0,0] 2
n13+2:
	(2,2) 5
	[0,0] 1
n13+3:
	(4,14) 3
	[1,1] 0
n13:
	(7,3) 0
	[1,0] 0
n171:
	(9,3) 7
	[0,0] 1
n170:
	(3,10) 7
	[0,0] 1
n168:
	(6,7) 10
	[0,0] 1
n167:
	(7,6) 10
	[0,0] 1
n166:
	(3,138) 13
	[0,0] 1
n165:
	(3,66) 13
	[0,0] 1
n163:
	(135,10) 16
	[0,0] 1
n11+1:
	(2,2) 22
	[0,0] 2
n11+2:
	(2,2) 5
	[0,0] 1
n11+3:
	(4,15) 3
	[1,1] 0
n11:
	(7,3) 0
	[1,0] 0
n162:
	(63,17) 16
	[0,0] 1
n161:
	(101,9) 50
	[0,0] 1
n160:
	(14,11) 7
	[0,0] 1
n159:
	(47,16) 32
	[0,0] 1
n158:
	(8,10) 13
	[0,0] 1
n157:
	(84,9) 67
	[0,0] 1
n156:
	(39,16) 40
	[0,0] 1
n9[1]+1:
	(2,2) 21
	[0,0] 2
n9[1]+2:
	(2,2) 5
	[0,0] 1
n9[1]+3:
	(4,14) 3
	[1,1] 0
n9[1]:
	(7,3) 0
	[1,0] 0
n9[3]+1:
	(2,2) 21
	[0,0] 2
n9[3]+2:
	(2,2) 5
	[0,0] 1
n9[3]+3:
	(4,14) 3
	[1,1] 0
n9[3]:
	(7,3) 0
	[1,0] 0
n9[0]+1:
	(2,2) 21
	[0,0] 2
n9[0]+2:
	(2,2) 5
	[0,0] 1
n9[0]+3:
	(4,14) 3
	[1,1] 0
n9[0]:
	(7,3) 0
	[1,0] 0
n9[6]+1:
	(2,2) 21
	[0,0] 2
n9[6]+2:
	(2,2) 5
	[0,0] 1
n9[6]+3:
	(4,14) 3
	[1,1] 0
n9[6]:
	(7,3) 0
	[1,0] 0
n9[4]+1:
	(2,2) 21
	[0,0] 2
n9[4]+2:
	(2,2) 5
	[0,0] 1
n9[4]+3:
	(4,14) 3
	[1,1] 0
n9[4]:
	(7,3) 0
	[1,0] 0
n9[2]+1:
	(2,2) 21
	[0,0] 2
n9[2]+2:
	(2,2) 5
	[0,0] 1
n9[2]+3:
	(4,14) 3
	[1,1] 0
n9[2]:
	(7,3) 0
	[1,0] 0
n9[7]+1:
	(2,2) 21
	[0,0] 2
n9[7]+2:
	(2,2) 5
	[0,0] 1
n9[7]+3:
	(4,14) 3
	[1,1] 0
n9[7]:
	(7,3) 0
	[1,0] 0
n9[5]+1:
	(2,2) 21
	[0,0] 2
n9[5]+2:
	(2,2) 5
	[0,0] 1
n9[5]+3:
	(4,14) 3
	[1,1] 0
n9[5]:
	(7,3) 0
	[1,0] 0
n155:
	(67,10) 84
	[0,0] 1
n154:
	(4,20) 17
	[0,0] 1
n153:
	(5,17) 16
	[0,0] 1
n152:
	(8,10) 7
	[0,0] 1
n151:
	(8,10) 7
	[0,0] 1
n150:
	(31,17) 48
	[0,0] 1
n149:
	(8,10) 7
	[0,0] 1
n148:
	(8,10) 7
	[0,0] 1
n147:
	(8,10) 7
	[0,0] 1
n146:
	(8,10) 7
	[0,0] 1
n145:
	(8,10) 7
	[0,0] 1
n144:
	(8,10) 7
	[0,0] 1
n143:
	(33,9) 118
	[0,0] 1
n142:
	(14,5) 23
	[0,0] 1
n140:
	(14,5) 19
	[0,0] 1
n138:
	(33,9) 118
	[0,0] 1
n137:
	(33,9) 118
	[0,0] 1
n136:
	(4,13) 11
	[0,0] 1
n135:
	(4,13) 11
	[0,0] 1
n133:
	(15,16) 64
	[0,0] 1
n131:
	(15,16) 64
	[0,0] 1
n129:
	(15,16) 64
	[0,0] 1
n128:
	(4,13) 11
	[0,0] 1
n126:
	(4,13) 11
	[0,0] 1
n124:
	(4,13) 11
	[0,0] 1
n122:
	(4,13) 11
	[0,0] 1
n141:
	(4,13) 11
	[0,0] 1
n139:
	(4,13) 11
	[0,0] 1
n118:
	(16,8) 135
	[0,0] 1
n117:
	(16,8) 135
	[0,0] 1
n116:
	(16,8) 135
	[0,0] 1
n115:
	(16,8) 135
	[0,0] 1
n114:
	(16,8) 135
	[0,0] 1
n113:
	(16,8) 135
	[0,0] 1
n112:
	(16,8) 135
	[0,0] 1
n111:
	(16,8) 135
	[0,0] 1
n120:
	(7,15) 17
	[0,0] 1
n127:
	(7,15) 17
	[0,0] 1
n130:
	(7,15) 17
	[0,0] 1
n132:
	(7,15) 17
	[0,0] 1
n119:
	(7,15) 17
	[0,0] 1
n121:
	(7,15) 17
	[0,0] 1
n125:
	(7,15) 17
	[0,0] 1
n123:
	(7,15) 17
	[0,0] 1
n110:
	(7,11) 25
	[0,0] 1
n109:
	(7,11) 25
	[0,0] 1
n108:
	(7,11) 25
	[0,0] 1
n107:
	(7,11) 25
	[0,0] 1
n106:
	(7,11) 25
	[0,0] 1
n105:
	(7,11) 25
	[0,0] 1
n104:
	(7,11) 25
	[0,0] 1
n103:
	(7,11) 25
	[0,0] 1
n102:
	(7,6) 25
	[0,0] 1
n101:
	(7,6) 25
	[0,0] 1
n100:
	(7,6) 25
	[0,0] 1
n99:
	(7,6) 25
	[0,0] 1
n98:
	(7,6) 25
	[0,0] 1
n97:
	(7,6) 25
	[0,0] 1
n96:
	(7,6) 25
	[0,0] 1
n95:
	(7,6) 25
	[0,0] 1
n94:
	(3,10) 29
	[0,0] 1
n93:
	(3,10) 29
	[0,0] 1
n91:
	(3,10) 29
	[0,0] 1
n90:
	(3,10) 29
	[0,0] 1
n89:
	(3,10) 29
	[0,0] 1
n88:
	(3,10) 29
	[0,0] 1
n87:
	(3,10) 29
	[0,0] 1
n86:
	(3,10) 29
	[0,0] 1
n85:
	(3,15) 29
	[0,0] 1
n83:
	(3,15) 29
	[0,0] 1
n81:
	(3,15) 29
	[0,0] 1
n78:
	(3,15) 29
	[0,0] 1
n76:
	(3,15) 29
	[0,0] 1
n74:
	(3,15) 29
	[0,0] 1
n72:
	(3,15) 29
	[0,0] 1
n71:
	(3,15) 29
	[0,0] 1
n69:
	(3,15) 29
	[0,0] 1
n67:
	(3,15) 29
	[0,0] 1
n66:
	(3,15) 29
	[0,0] 1
n65:
	(3,15) 29
	[0,0] 1
n64:
	(3,15) 29
	[0,0] 1
n62:
	(3,16) 29
	[0,0] 1
n61:
	(3,16) 29
	[0,0] 1
n59:
	(3,15) 29
	[0,0] 1
n92:
	(5,2) 34
	[0,0] 1
n79:
	(10,2) 34
	[0,0] 1
n75:
	(10,2) 34
	[0,0] 1
n58:
	(3,8) 36
	[0,0] 1
n57:
	(8,3) 36
	[0,0] 1
n55:
	(8,3) 36
	[0,0] 1
n53:
	(3,9) 12
	[0,0] 1
n52:
	(3,9) 12
	[0,0] 1
n50:
	(3,9) 18
	[0,0] 1
n49:
	(3,9) 12
	[0,0] 1
n48:
	(3,9) 12
	[0,0] 1
n47:
	(3,9) 12
	[0,0] 1
n46:
	(3,9) 12
	[0,0] 1
n45:
	(3,9) 12
	[0,0] 1
n44:
	(3,9) 12
	[0,0] 1
n43:
	(5,5) 39
	[0,0] 1
n41:
	(5,3) 39
	[0,0] 1
n54:
	(5,3) 32
	[0,0] 1
n39:
	(3,5) 29
	[0,0] 1
n38:
	(3,5) 29
	[0,0] 1
n36:
	(3,5) 29
	[0,0] 1
n35:
	(3,5) 29
	[0,0] 1
n34:
	(3,5) 29
	[0,0] 1
n42:
	(2,4) 31
	[0,0] 1
n134:
	(5,3) 19
	[0,0] 1
n33:
	(3,5) 29
	[0,0] 1
n32:
	(3,5) 29
	[0,0] 1
n31:
	(3,5) 29
	[0,0] 1
n30:
	(2,6) 14
	[0,0] 1
n29:
	(2,6) 14
	[0,0] 1
n40:
	(2,4) 40
	[0,0] 1
n60:
	(5,3) 40
	[0,0] 1
n51:
	(4,2) 17
	[0,0] 1
n28:
	(2,2) 32
	[0,0] 1
n27:
	(2,2) 32
	[0,0] 1
n26:
	(2,2) 43
	[0,0] 1
n25:
	(2,2) 43
	[0,0] 1
n84:
	(4,8) 17
	[0,1] 1
n82:
	(4,8) 17
	[0,1] 1
n56:
	(2,2) 42
	[0,0] 1
n73:
	(4,8) 17
	[0,1] 1
n77:
	(4,8) 17
	[0,1] 1
n169:
	(2,2) 14
	[0,0] 1
n70:
	(4,8) 17
	[0,1] 1
n80:
	(4,8) 17
	[0,1] 1
n37:
	(2,2) 32
	[0,0] 1
n24:
	(2,2) 32
	[0,0] 1
n23:
	(2,2) 32
	[0,0] 1
n22:
	(2,2) 32
	[0,0] 1
n21:
	(2,2) 42
	[0,0] 1
n20:
	(4,8) 23
	[0,1] 1
n19:
	(2,2) 32
	[0,0] 1
n18:
	(2,2) 32
	[0,0] 1
n17:
	(2,2) 33
	[0,0] 1
n16:
	(4,8) 16
	[0,1] 1
n15:
	(2,2) 32
	[0,0] 1
n14:
	(4,8) 16
	[0,1] 1
n164:
	(2,2) 22
	[0,0] 1
n68:
	(4,8) 17
	[0,1] 1
n63:
	(4,8) 17
	[0,1] 1

-----------------------------------
Sum of T(sa0)s: ∞
Sum of T(sa1)s: ∞
Testability index: ∞