0:
	(1,1) 1
	[0,0] 0
1:
	(1,1) 6
	[0,0] 1
x:
	(1,1) ∞
	[0,0] ∞
n0:
	(1,1) 16
	[0,0] 2
n1:
	(1,1) 11
	[0,0] 1
n2:
	(1,1) ∞
	[0,0] ∞
n3:
	(1,1) 18
	[0,0] 1
n4[7]:
	(1,1) ∞
	[0,0] ∞
n4[6]:
	(1,1) ∞
	[0,0] ∞
n4[5]:
	(1,1) 58
	[0,0] 3
n4[4]:
	(1,1) 58
	[0,0] 3
n4[3]:
	(1,1) 11
	[0,0] 1
n4[2]:
	(1,1) 11
	[0,0] 1
n4[1]:
	(1,1) 11
	[0,0] 1
n4[0]:
	(1,1) 11
	[0,0] 1
n5[7]:
	(1,1) ∞
	[0,0] ∞
n5[6]:
	(1,1) ∞
	[0,0] ∞
n5[5]:
	(1,1) 66
	[0,0] 1
n5[4]:
	(1,1) 71
	[0,0] 2
n5[3]:
	(1,1) 71
	[0,0] 2
n5[2]:
	(1,1) 70
	[0,0] 2
n5[1]:
	(1,1) 74
	[0,0] 3
n5[0]:
	(1,1) 59
	[0,0] 3
n13[6]:
	(8,4) 0
	[1,0] 0
n13[7]:
	(8,4) 0
	[1,0] 0
n12[7]:
	(2,2) 0
	[0,0] 0
n7[0]+1:
	(2,2) 18
	[0,0] 2
n7[0]+2:
	(2,2) 5
	[0,0] 1
n7[0]+3:
	(4,11) 3
	[1,1] 0
n7[0]:
	(7,3) 0
	[1,0] 0
n7[1]+1:
	(2,2) 18
	[0,0] 2
n7[1]+2:
	(2,2) 5
	[0,0] 1
n7[1]+3:
	(4,11) 3
	[1,1] 0
n7[1]:
	(7,3) 0
	[1,0] 0
n7[2]+1:
	(2,2) 18
	[0,0] 2
n7[2]+2:
	(2,2) 5
	[0,0] 1
n7[2]+3:
	(4,11) 3
	[1,1] 0
n7[2]:
	(7,3) 0
	[1,0] 0
n6[1]+1:
	(2,2) 36
	[0,0] 2
n6[1]+2:
	(2,2) 5
	[0,0] 1
n6[1]+3:
	(4,29) 3
	[1,1] 0
n6[1]:
	(7,3) 0
	[1,0] 0
n6[2]+1:
	(2,2) 40
	[0,0] 2
n6[2]+2:
	(2,2) 5
	[0,0] 1
n6[2]+3:
	(4,33) 3
	[1,1] 0
n6[2]:
	(7,3) 0
	[1,0] 0
n6[0]+1:
	(2,2) 40
	[0,0] 2
n6[0]+2:
	(2,2) 5
	[0,0] 1
n6[0]+3:
	(4,33) 3
	[1,1] 0
n6[0]:
	(7,3) 0
	[1,0] 0
n249:
	(6,7) 7
	[0,0] 1
n248:
	(6,7) 7
	[0,0] 1
n247:
	(6,7) 7
	[0,0] 1
n246:
	(3,29) 7
	[0,0] 1
n245:
	(3,29) 7
	[0,0] 1
n244:
	(3,25) 7
	[0,0] 1
n243:
	(22,29) 10
	[0,0] 1
n242:
	(26,26) 10
	[0,0] 1
n241:
	(26,26) 10
	[0,0] 1
n15+1:
	(2,2) 19
	[0,0] 2
n15+2:
	(2,2) 5
	[0,0] 1
n15+3:
	(4,12) 3
	[1,1] 0
n15:
	(7,3) 0
	[1,0] 0
n14+1:
	(2,2) 45
	[0,0] 3
n14+2:
	(2,2) 5
	[0,0] 1
n14+3:
	(4,38) 3
	[1,2] 0
n14:
	(7,3) 0
	[1,0] 0
n240:
	(16,52) 20
	[0,1] 1
n239:
	(16,50) 20
	[0,1] 1
n238:
	(13,21) 26
	[0,0] 1
n16[4]+1:
	(2,2) 132
	[0,0] 6
n16[4]+2:
	(2,2) 77
	[0,0] 4
n16[4]+3:
	(4,53) 75
	[1,2] 3
n16[4]:
	(7,3) 72
	[1,0] 3
n16[1]+1:
	(2,2) 202
	[0,0] 8
n16[1]+2:
	(2,2) 147
	[0,0] 6
n16[1]+3:
	(4,53) 145
	[1,2] 5
n16[1]:
	(7,3) 142
	[1,0] 5
n16[2]+1:
	(2,2) 202
	[0,0] 8
n16[2]+2:
	(2,2) 147
	[0,0] 6
n16[2]+3:
	(4,53) 145
	[1,2] 5
n16[2]:
	(7,3) 142
	[1,0] 5
n16[3]+1:
	(2,2) 132
	[0,0] 6
n16[3]+2:
	(2,2) 77
	[0,0] 4
n16[3]+3:
	(4,53) 75
	[1,2] 3
n16[3]:
	(7,3) 72
	[1,0] 3
n16[7]+1:
	(2,2) 125
	[0,0] 5
n16[7]+2:
	(2,2) 70
	[0,0] 3
n16[7]+3:
	(4,53) 68
	[1,2] 2
n16[7]:
	(7,3) 65
	[1,0] 2
n16[5]+1:
	(2,2) 125
	[0,0] 5
n16[5]+2:
	(2,2) 70
	[0,0] 3
n16[5]+3:
	(4,53) 68
	[1,2] 2
n16[5]:
	(7,3) 65
	[1,0] 2
n16[6]+1:
	(2,2) 125
	[0,0] 5
n16[6]+2:
	(2,2) 70
	[0,0] 3
n16[6]+3:
	(4,53) 68
	[1,2] 2
n16[6]:
	(7,3) 65
	[1,0] 2
n16[0]+1:
	(2,2) 194
	[0,0] 8
n16[0]+2:
	(2,2) 147
	[0,0] 6
n16[0]+3:
	(4,45) 145
	[1,2] 5
n16[0]:
	(7,3) 142
	[1,0] 5
n237:
	(9,25) 27
	[0,0] 1
n236:
	(9,25) 27
	[0,0] 1
n235:
	(9,25) 30
	[0,0] 1
n234:
	(3,8) 7
	[0,0] 1
n233:
	(3,34) 7
	[0,1] 1
n16[8]+1:
	(2,2) 125
	[0,0] 5
n16[8]+2:
	(2,2) 70
	[0,0] 3
n16[8]+3:
	(4,53) 68
	[1,2] 2
n16[8]:
	(7,3) 65
	[1,0] 2
n16[9]+1:
	(2,2) 124
	[0,0] 5
n16[9]+2:
	(2,2) 70
	[0,0] 3
n16[9]+3:
	(4,52) 68
	[1,2] 2
n16[9]:
	(7,3) 65
	[1,0] 2
n231:
	(21,21) 49
	[0,0] 2
n230:
	(11,49) 149
	[0,1] 6
n229:
	(11,49) 149
	[0,1] 6
n228:
	(5,7) 10
	[0,0] 1
n227:
	(10,41) 149
	[0,1] 6
n226:
	(11,49) 79
	[0,1] 4
n232:
	(20,20) 32
	[0,0] 1
n225:
	(31,21) 10
	[1,0] 1
n224:
	(11,49) 79
	[0,1] 4
n223:
	(11,49) 72
	[0,1] 3
n222:
	(11,49) 72
	[0,1] 3
n221:
	(11,49) 72
	[0,1] 3
n220:
	(11,48) 72
	[0,1] 3
n219:
	(11,49) 72
	[0,1] 3
n218:
	(5,57) 78
	[0,1] 3
n217:
	(4,19) 13
	[0,0] 1
n216:
	(5,47) 78
	[0,3] 3
n215:
	(5,57) 154
	[0,1] 6
n214:
	(5,48) 78
	[0,3] 3
n213:
	(5,57) 155
	[0,1] 6
n212:
	(5,48) 155
	[0,3] 6
n211:
	(5,57) 155
	[0,1] 6
n210:
	(5,48) 155
	[0,3] 6
n209:
	(5,57) 85
	[0,1] 4
n208:
	(5,48) 85
	[0,3] 4
n207:
	(5,57) 85
	[0,1] 4
n206:
	(5,48) 78
	[0,3] 3
n205:
	(9,36) 22
	[0,1] 1
n204:
	(11,30) 20
	[0,1] 1
n203:
	(5,57) 78
	[0,1] 3
n202:
	(5,57) 78
	[0,1] 3
n201:
	(5,57) 78
	[0,1] 3
n200:
	(5,48) 78
	[0,3] 3
n199:
	(5,57) 78
	[0,1] 3
n198:
	(5,48) 85
	[0,3] 4
n197:
	(11,23) 41
	[0,1] 1
n196:
	(26,15) 46
	[1,0] 1
n195:
	(8,19) 44
	[0,0] 1
n194:
	(24,15) 46
	[1,0] 1
n193:
	(4,40) 155
	[0,3] 6
n192:
	(2,4) 15
	[0,0] 1
n191:
	(5,48) 78
	[0,3] 3
n188:
	(14,22) 56
	[0,1] 2
n187:
	(16,25) 56
	[0,2] 2
n186:
	(15,25) 24
	[0,2] 1
n190:
	(32,4) 93
	[2,0] 4
n189:
	(52,4) 83
	[1,0] 3
n185:
	(14,3) 18
	[0,0] 1
n183:
	(31,12) 27
	[1,0] 1
n181:
	(5,26) 47
	[0,2] 1
n180:
	(5,22) 47
	[0,1] 1
n179:
	(5,18) 47
	[0,0] 1
n184:
	(2,13) 17
	[0,0] 1
n182:
	(11,30) 28
	[0,1] 1
n12[1]+1:
	(2,2) 34
	[0,0] 4
n12[1]+2:
	(2,2) 5
	[0,0] 1
n12[1]+3:
	(4,27) 3
	[1,3] 0
n12[1]:
	(7,3) 0
	[1,0] 0
n12[2]+1:
	(2,2) 31
	[0,0] 3
n12[2]+2:
	(2,2) 5
	[0,0] 1
n12[2]+3:
	(4,24) 3
	[1,2] 0
n12[2]:
	(7,3) 0
	[1,0] 0
n12[3]+1:
	(2,2) 34
	[0,0] 4
n12[3]+2:
	(2,2) 5
	[0,0] 1
n12[3]+3:
	(4,27) 3
	[1,3] 0
n12[3]:
	(7,3) 0
	[1,0] 0
n12[5]+1:
	(2,2) 32
	[0,0] 3
n12[5]+2:
	(2,2) 5
	[0,0] 1
n12[5]+3:
	(4,25) 3
	[1,2] 0
n12[5]:
	(7,3) 0
	[1,0] 0
n12[0]+1:
	(2,2) 35
	[0,0] 4
n12[0]+2:
	(2,2) 5
	[0,0] 1
n12[0]+3:
	(4,28) 3
	[1,3] 0
n12[0]:
	(7,3) 0
	[1,0] 0
n12[4]+1:
	(2,2) 31
	[0,0] 3
n12[4]+2:
	(2,2) 5
	[0,0] 1
n12[4]+3:
	(4,24) 3
	[1,2] 0
n12[4]:
	(7,3) 0
	[1,0] 0
n12[6]+1:
	(2,2) 29
	[0,0] 2
n12[6]+2:
	(2,2) 5
	[0,0] 1
n12[6]+3:
	(4,22) 3
	[1,1] 0
n12[6]:
	(7,3) 0
	[1,0] 0
n177:
	(2,22) 50
	[0,1] 1
n176:
	(2,24) 50
	[0,2] 1
n178:
	(11,49) 19
	[0,1] 1
n174:
	(2,25) 50
	[0,2] 1
n173:
	(2,21) 50
	[0,1] 1
n172:
	(2,25) 50
	[0,2] 1
n171:
	(8,24) 64
	[0,2] 2
n170:
	(6,21) 64
	[0,1] 2
n169:
	(7,21) 63
	[0,1] 2
n168:
	(7,24) 32
	[0,2] 1
n175:
	(21,3) 104
	[1,0] 3
n162:
	(3,20) 67
	[0,1] 2
n161:
	(3,20) 7
	[0,1] 1
n160:
	(3,23) 36
	[0,2] 1
n159:
	(3,23) 7
	[0,2] 1
n158:
	(3,24) 7
	[0,2] 1
n157:
	(3,21) 7
	[0,1] 1
n167:
	(3,20) 36
	[0,1] 1
n166:
	(3,21) 67
	[0,1] 2
n165:
	(3,23) 36
	[0,2] 1
n164:
	(3,23) 36
	[0,2] 1
n163:
	(3,24) 36
	[0,2] 1
n156:
	(23,3) 52
	[2,0] 1
n153:
	(20,2) 52
	[1,0] 1
n152:
	(3,18) 7
	[0,0] 1
n151:
	(3,23) 7
	[0,2] 1
n150:
	(22,2) 52
	[2,0] 1
n149:
	(2,17) 50
	[0,0] 1
n148:
	(3,20) 7
	[0,1] 1
n147:
	(2,26) 50
	[0,3] 1
n146:
	(23,2) 52
	[2,0] 1
n145:
	(19,2) 52
	[1,0] 1
n155:
	(2,22) 53
	[0,2] 1
n154:
	(18,10) 32
	[1,0] 1
n13[0]+1:
	(2,2) 16
	[0,0] 2
n13[0]+2:
	(2,2) 5
	[0,0] 1
n13[0]+3:
	(4,9) 3
	[1,1] 0
n13[0]:
	(7,3) 0
	[1,0] 0
n13[1]+1:
	(2,2) 16
	[0,0] 2
n13[1]+2:
	(2,2) 5
	[0,0] 1
n13[1]+3:
	(4,9) 3
	[1,1] 0
n13[1]:
	(7,3) 0
	[1,0] 0
n13[2]+1:
	(2,2) 16
	[0,0] 2
n13[2]+2:
	(2,2) 5
	[0,0] 1
n13[2]+3:
	(4,9) 3
	[1,1] 0
n13[2]:
	(7,3) 0
	[1,0] 0
n13[3]+1:
	(2,2) 16
	[0,0] 2
n13[3]+2:
	(2,2) 5
	[0,0] 1
n13[3]+3:
	(4,9) 3
	[1,1] 0
n13[3]:
	(7,3) 0
	[1,0] 0
n13[4]+1:
	(2,2) 18
	[0,0] 2
n13[4]+2:
	(2,2) 5
	[0,0] 1
n13[4]+3:
	(4,11) 3
	[1,1] 0
n13[4]:
	(7,3) 0
	[1,0] 0
n13[5]+1:
	(2,2) 18
	[0,0] 2
n13[5]+2:
	(2,2) 5
	[0,0] 1
n13[5]+3:
	(4,11) 3
	[1,1] 0
n13[5]:
	(7,3) 0
	[1,0] 0
n8[0]+1:
	(2,2) 18
	[0,0] 2
n8[0]+2:
	(2,2) 5
	[0,0] 1
n8[0]+3:
	(4,11) 3
	[1,1] 0
n8[0]:
	(7,3) 0
	[1,0] 0
n8[2]+1:
	(2,2) 18
	[0,0] 2
n8[2]+2:
	(2,2) 5
	[0,0] 1
n8[2]+3:
	(4,11) 3
	[1,1] 0
n8[2]:
	(7,3) 0
	[1,0] 0
n9[0]+1:
	(2,2) 18
	[0,0] 2
n9[0]+2:
	(2,2) 5
	[0,0] 1
n9[0]+3:
	(4,11) 3
	[1,1] 0
n9[0]:
	(7,3) 0
	[1,0] 0
n9[1]+1:
	(2,2) 18
	[0,0] 2
n9[1]+2:
	(2,2) 5
	[0,0] 1
n9[1]+3:
	(4,11) 3
	[1,1] 0
n9[1]:
	(7,3) 0
	[1,0] 0
n9[2]+1:
	(2,2) 18
	[0,0] 2
n9[2]+2:
	(2,2) 5
	[0,0] 1
n9[2]+3:
	(4,11) 3
	[1,1] 0
n9[2]:
	(7,3) 0
	[1,0] 0
n10[0]+1:
	(2,2) 18
	[0,0] 2
n10[0]+2:
	(2,2) 5
	[0,0] 1
n10[0]+3:
	(4,11) 3
	[1,1] 0
n10[0]:
	(7,3) 0
	[1,0] 0
n8[1]+1:
	(2,2) 18
	[0,0] 2
n8[1]+2:
	(2,2) 5
	[0,0] 1
n8[1]+3:
	(4,11) 3
	[1,1] 0
n8[1]:
	(7,3) 0
	[1,0] 0
n144:
	(24,5) 52
	[3,0] 1
n138:
	(15,10) 10
	[0,1] 1
n137:
	(21,5) 10
	[2,0] 1
n135:
	(18,6) 10
	[1,0] 1
n11[0]+1:
	(2,2) 18
	[0,0] 2
n11[0]+2:
	(2,2) 5
	[0,0] 1
n11[0]+3:
	(4,11) 3
	[1,1] 0
n11[0]:
	(7,3) 0
	[1,0] 0
n11[1]+1:
	(2,2) 18
	[0,0] 2
n11[1]+2:
	(2,2) 5
	[0,0] 1
n11[1]+3:
	(4,11) 3
	[1,1] 0
n11[1]:
	(7,3) 0
	[1,0] 0
n11[2]+1:
	(2,2) 18
	[0,0] 2
n11[2]+2:
	(2,2) 5
	[0,0] 1
n11[2]+3:
	(4,11) 3
	[1,1] 0
n11[2]:
	(7,3) 0
	[1,0] 0
n10[2]+1:
	(2,2) 18
	[0,0] 2
n10[2]+2:
	(2,2) 5
	[0,0] 1
n10[2]+3:
	(4,11) 3
	[1,1] 0
n10[2]:
	(7,3) 0
	[1,0] 0
n10[1]+1:
	(2,2) 18
	[0,0] 2
n10[1]+2:
	(2,2) 5
	[0,0] 1
n10[1]+3:
	(4,11) 3
	[1,1] 0
n10[1]:
	(7,3) 0
	[1,0] 0
n143:
	(4,23) 53
	[0,3] 1
n142:
	(17,5) 10
	[1,0] 1
n141:
	(20,4) 10
	[2,0] 1
n140:
	(17,4) 10
	[1,0] 1
n139:
	(9,14) 11
	[1,0] 1
n136:
	(4,20) 11
	[0,2] 1
n134:
	(5,17) 11
	[0,1] 1
n133:
	(20,5) 10
	[2,0] 1
n132:
	(3,7) 7
	[0,0] 1
n131:
	(3,5) 7
	[0,0] 1
n130:
	(3,5) 7
	[0,0] 1
n129:
	(3,5) 7
	[0,0] 1
n128:
	(3,5) 7
	[0,0] 1
n127:
	(3,7) 7
	[0,0] 1
n126:
	(3,7) 7
	[0,0] 1
n125:
	(3,7) 7
	[0,0] 1
n124:
	(3,7) 7
	[0,0] 1
n123:
	(3,7) 7
	[0,0] 1
n122:
	(3,7) 7
	[0,0] 1
n121:
	(3,7) 7
	[0,0] 1
n120:
	(3,7) 7
	[0,0] 1
n119:
	(3,7) 7
	[0,0] 1
n118:
	(3,7) 7
	[0,0] 1
n117:
	(2,6) 11
	[0,0] 1
n116:
	(2,6) 11
	[0,0] 1
n115:
	(2,6) 11
	[0,0] 1
n114:
	(3,7) 7
	[0,0] 1
n113:
	(3,7) 7
	[0,0] 1
n112:
	(3,7) 7
	[0,0] 1
n111:
	(4,8) 208
	[0,1] 7
n110:
	(4,8) 138
	[0,1] 5
n109:
	(4,8) 131
	[0,1] 4
n108:
	(4,8) 13
	[0,1] 1
n107:
	(4,8) 10
	[0,1] 1
n106:
	(4,8) 10
	[0,1] 1
n105:
	(4,8) 13
	[0,1] 1
n104:
	(4,8) 10
	[0,1] 1
n103:
	(4,8) 10
	[0,1] 1
n102:
	(4,8) 138
	[0,1] 5
n101:
	(4,8) 208
	[0,1] 7
n100:
	(4,8) 10
	[0,1] 1
n99:
	(4,8) 131
	[0,1] 4
n98:
	(4,8) 10
	[0,1] 1
n97:
	(4,8) 13
	[0,1] 1
n96:
	(4,8) 10
	[0,1] 1
n95:
	(4,8) 10
	[0,1] 1
n94:
	(4,8) 10
	[0,1] 1
n93:
	(4,8) 207
	[0,1] 7
n92:
	(4,8) 10
	[0,1] 1
n91:
	(4,8) 10
	[0,1] 1
n90:
	(4,8) 10
	[0,1] 1
n89:
	(15,19) 118
	[1,0] 6
n88:
	(15,19) 111
	[1,0] 5
n87:
	(15,11) 188
	[1,0] 8
n86:
	(15,19) 111
	[1,0] 5
n85:
	(15,19) 111
	[1,0] 5
n84:
	(14,18) 111
	[1,0] 5
n83:
	(15,17) 188
	[1,0] 8
n82:
	(15,19) 111
	[1,0] 5
n81:
	(15,19) 118
	[1,0] 6
n80:
	(2,2) 58
	[0,0] 3
n79:
	(4,8) 131
	[0,1] 4
n78:
	(4,8) 131
	[0,1] 4
n77:
	(2,2) 10
	[0,0] 1
n76:
	(2,2) 57
	[0,0] 3
n75:
	(2,2) 86
	[0,0] 3
n74:
	(4,8) 10
	[0,1] 1
n73:
	(2,2) 10
	[0,0] 1
n72:
	(2,2) 57
	[0,0] 3
n71:
	(4,8) 10
	[0,1] 1
n70:
	(4,8) 131
	[0,1] 4
n69:
	(2,2) 10
	[0,0] 1
n68:
	(2,2) 10
	[0,0] 1
n67:
	(2,2) 54
	[0,0] 2
n66:
	(30,11) 38
	[0,1] 2
n65:
	(2,2) 10
	[0,0] 1
n64:
	(15,4) 15
	[2,0] 1
n63:
	(9,9) 16
	[0,1] 1
n62:
	(12,4) 16
	[1,0] 1
n61:
	(12,4) 15
	[1,0] 1
n60:
	(7,24) 32
	[0,2] 1
n59:
	(25,22) 45
	[0,0] 2
n259:
	(10,29) 39
	[1,0] 2
n26:
	(19,9) 49
	[0,1] 2
n25:
	(14,10) 54
	[0,1] 2
n24:
	(9,9) 59
	[0,1] 2
n23:
	(9,9) 59
	[0,1] 2
n22:
	(4,15) 64
	[0,2] 2
n21:
	(4,8) 64
	[0,1] 2
n20:
	(4,8) 64
	[0,1] 2
n19:
	(4,8) 64
	[0,1] 2
n18:
	(4,8) 64
	[0,1] 2
n17:
	(4,8) 64
	[0,1] 2
n258:
	(17,13) 112
	[0,1] 5
n257:
	(18,14) 112
	[0,1] 5
n58:
	(9,51) 116
	[1,0] 5
n57:
	(4,17) 122
	[0,2] 6
n256:
	(18,14) 112
	[0,1] 5
n56:
	(46,10) 121
	[0,1] 5
n55:
	(9,45) 117
	[1,0] 5
n54:
	(4,17) 122
	[0,2] 6
n255:
	(18,14) 112
	[0,1] 5
n53:
	(40,10) 122
	[0,1] 5
n52:
	(9,39) 117
	[1,0] 5
n51:
	(4,17) 122
	[0,2] 6
n254:
	(18,14) 112
	[0,1] 5
n50:
	(34,10) 122
	[0,1] 5
n49:
	(9,33) 117
	[1,0] 5
n48:
	(4,17) 122
	[0,2] 6
n253:
	(18,14) 119
	[0,1] 6
n47:
	(28,10) 122
	[0,1] 5
n46:
	(9,27) 123
	[1,0] 5
n45:
	(4,17) 129
	[0,2] 7
n252:
	(18,14) 119
	[0,1] 6
n44:
	(22,10) 128
	[0,1] 5
n43:
	(9,21) 124
	[1,0] 5
n42:
	(4,17) 129
	[0,2] 7
n251:
	(16,14) 189
	[0,1] 8
n41:
	(16,10) 129
	[0,1] 5
n40:
	(9,15) 130
	[1,0] 5
n39:
	(4,17) 199
	[0,2] 9
n250:
	(10,14) 189
	[0,1] 8
n38:
	(10,10) 135
	[0,1] 5
n37:
	(9,9) 136
	[1,0] 5
n36:
	(4,15) 199
	[0,2] 9
n35:
	(4,8) 141
	[0,1] 5
n34:
	(4,8) 146
	[0,1] 5
n33:
	(4,8) 163
	[0,1] 5
n32:
	(4,8) 141
	[0,1] 5
n31:
	(4,8) 141
	[0,1] 5
n30:
	(4,8) 152
	[0,1] 5
n29:
	(4,8) 158
	[0,1] 5
n28:
	(4,8) 141
	[0,1] 5
n27:
	(4,8) 146
	[0,1] 5

-----------------------------------
Sum of T(sa0)s: ∞
Sum of T(sa1)s: ∞
Testability index: ∞