0:
	(1,1) 1
	[0,0] 0
1:
	(1,1) ∞
	[0,0] ∞
x:
	(1,1) ∞
	[0,0] ∞
n0[63]:
	(1,1) 6
	[0,0] 0
n0[62]:
	(1,1) 6
	[0,0] 0
n0[61]:
	(1,1) 6
	[0,0] 0
n0[60]:
	(1,1) 6
	[0,0] 0
n0[59]:
	(1,1) 6
	[0,0] 0
n0[58]:
	(1,1) 5
	[0,0] 0
n0[57]:
	(1,1) 6
	[0,0] 0
n0[56]:
	(1,1) 5
	[0,0] 0
n0[55]:
	(1,1) 5
	[0,0] 0
n0[54]:
	(1,1) 5
	[0,0] 0
n0[53]:
	(1,1) 5
	[0,0] 0
n0[52]:
	(1,1) 5
	[0,0] 0
n0[51]:
	(1,1) 5
	[0,0] 0
n0[50]:
	(1,1) 5
	[0,0] 0
n0[49]:
	(1,1) 5
	[0,0] 0
n0[48]:
	(1,1) 5
	[0,0] 0
n0[47]:
	(1,1) 5
	[0,0] 0
n0[46]:
	(1,1) 5
	[0,0] 0
n0[45]:
	(1,1) 5
	[0,0] 0
n0[44]:
	(1,1) 5
	[0,0] 0
n0[43]:
	(1,1) 5
	[0,0] 0
n0[42]:
	(1,1) 5
	[0,0] 0
n0[41]:
	(1,1) 5
	[0,0] 0
n0[40]:
	(1,1) 5
	[0,0] 0
n0[39]:
	(1,1) 5
	[0,0] 0
n0[38]:
	(1,1) 5
	[0,0] 0
n0[37]:
	(1,1) 5
	[0,0] 0
n0[36]:
	(1,1) 5
	[0,0] 0
n0[35]:
	(1,1) 5
	[0,0] 0
n0[34]:
	(1,1) 5
	[0,0] 0
n0[33]:
	(1,1) 5
	[0,0] 0
n0[32]:
	(1,1) 5
	[0,0] 0
n0[31]:
	(1,1) 5
	[0,0] 0
n0[30]:
	(1,1) 5
	[0,0] 0
n0[29]:
	(1,1) 5
	[0,0] 0
n0[28]:
	(1,1) 5
	[0,0] 0
n0[27]:
	(1,1) 5
	[0,0] 0
n0[26]:
	(1,1) 5
	[0,0] 0
n0[25]:
	(1,1) 5
	[0,0] 0
n0[24]:
	(1,1) 5
	[0,0] 0
n0[23]:
	(1,1) 5
	[0,0] 0
n0[22]:
	(1,1) 5
	[0,0] 0
n0[21]:
	(1,1) 5
	[0,0] 0
n0[20]:
	(1,1) 5
	[0,0] 0
n0[19]:
	(1,1) 5
	[0,0] 0
n0[18]:
	(1,1) 5
	[0,0] 0
n0[17]:
	(1,1) 5
	[0,0] 0
n0[16]:
	(1,1) 5
	[0,0] 0
n0[15]:
	(1,1) 5
	[0,0] 0
n0[14]:
	(1,1) 5
	[0,0] 0
n0[13]:
	(1,1) 5
	[0,0] 0
n0[12]:
	(1,1) 5
	[0,0] 0
n0[11]:
	(1,1) 5
	[0,0] 0
n0[10]:
	(1,1) 5
	[0,0] 0
n0[9]:
	(1,1) 5
	[0,0] 0
n0[8]:
	(1,1) 5
	[0,0] 0
n0[7]:
	(1,1) 5
	[0,0] 0
n0[6]:
	(1,1) 5
	[0,0] 0
n0[5]:
	(1,1) 5
	[0,0] 0
n0[4]:
	(1,1) 5
	[0,0] 0
n0[3]:
	(1,1) 5
	[0,0] 0
n0[2]:
	(1,1) 5
	[0,0] 0
n0[1]:
	(1,1) 5
	[0,0] 0
n0[0]:
	(1,1) 5
	[0,0] 0
n1[31]:
	(1,1) 14
	[0,0] 0
n1[30]:
	(1,1) 14
	[0,0] 0
n1[29]:
	(1,1) 14
	[0,0] 0
n1[28]:
	(1,1) 14
	[0,0] 0
n1[27]:
	(1,1) 14
	[0,0] 0
n1[26]:
	(1,1) 14
	[0,0] 0
n1[25]:
	(1,1) 14
	[0,0] 0
n1[24]:
	(1,1) 14
	[0,0] 0
n1[23]:
	(1,1) 20
	[0,0] 0
n1[22]:
	(1,1) 20
	[0,0] 0
n1[21]:
	(1,1) 20
	[0,0] 0
n1[20]:
	(1,1) 20
	[0,0] 0
n1[19]:
	(1,1) 20
	[0,0] 0
n1[18]:
	(1,1) 20
	[0,0] 0
n1[17]:
	(1,1) 20
	[0,0] 0
n1[16]:
	(1,1) 20
	[0,0] 0
n1[15]:
	(1,1) 36
	[0,0] 0
n1[14]:
	(1,1) 34
	[0,0] 0
n1[13]:
	(1,1) 36
	[0,0] 0
n1[12]:
	(1,1) 34
	[0,0] 0
n1[11]:
	(1,1) 36
	[0,0] 0
n1[10]:
	(1,1) 39
	[0,0] 0
n1[9]:
	(1,1) 41
	[0,0] 0
n1[8]:
	(1,1) 39
	[0,0] 0
n1[7]:
	(1,1) 45
	[0,0] 0
n1[6]:
	(1,1) 49
	[0,0] 0
n1[5]:
	(1,1) 51
	[0,0] 0
n1[4]:
	(1,1) 49
	[0,0] 0
n1[3]:
	(1,1) 51
	[0,0] 0
n1[2]:
	(1,1) 49
	[0,0] 0
n1[1]:
	(1,1) 51
	[0,0] 0
n1[0]:
	(1,1) 45
	[0,0] 0
n2[3]:
	(1,1) 9
	[0,0] 0
n2[2]:
	(1,1) 9
	[0,0] 0
n2[1]:
	(1,1) 9
	[0,0] 0
n2[0]:
	(1,1) 12
	[0,0] 0
n3:
	(1,1) 15
	[0,0] 0
n4[1]:
	(1,1) 19
	[0,0] 0
n4[0]:
	(1,1) 21
	[0,0] 0
n5[5]:
	(1,1) 16
	[0,0] 0
n5[4]:
	(1,1) 16
	[0,0] 0
n5[3]:
	(1,1) 16
	[0,0] 0
n5[2]:
	(1,1) 16
	[0,0] 0
n5[1]:
	(1,1) 16
	[0,0] 0
n5[0]:
	(1,1) 16
	[0,0] 0
n13[4]:
	(2,2) 0
	[0,0] 0
n13[5]:
	(2,2) 0
	[0,0] 0
n13[6]:
	(2,2) 0
	[0,0] 0
n13[7]:
	(2,2) 0
	[0,0] 0
n12[0]:
	(2,2) 0
	[0,0] 0
n12[1]:
	(2,2) 0
	[0,0] 0
n12[2]:
	(2,2) 0
	[0,0] 0
n2374:
	(4,4) 138
	[0,0] 0
n2373:
	(32,6) 38
	[0,0] 0
n2372:
	(32,6) 38
	[0,0] 0
n2371:
	(32,6) 38
	[0,0] 0
n2370:
	(33,6) 38
	[0,0] 0
n10:
	(8,63) 0
	[0,0] 0
n8:
	(7,12) 0
	[0,0] 0
n2369:
	(4,616) 3
	[0,0] 0
n2368:
	(3,192) 5
	[0,0] 0
n2367:
	(580,178) 39
	[0,0] 0
n2366:
	(180,2) 17
	[0,0] 0
n2364:
	(35,3) 584
	[0,0] 0
n2363:
	(178,546) 441
	[0,0] 0
n2362:
	(178,402) 19
	[0,0] 0
n2410:
	(5,32) 39
	[0,0] 0
n2396:
	(5,31) 25
	[0,0] 0
n2397:
	(5,31) 39
	[0,0] 0
n2411:
	(5,31) 39
	[0,0] 0
n2361:
	(24,5) 47
	[0,0] 0
n2360:
	(23,4) 33
	[0,0] 0
n2359:
	(23,4) 47
	[0,0] 0
n2358:
	(23,4) 47
	[0,0] 0
n2357:
	(19,4) 51
	[0,0] 0
n2356:
	(19,4) 52
	[0,0] 0
n2355:
	(19,4) 37
	[0,0] 0
n2354:
	(19,4) 51
	[0,0] 0
n2353:
	(15,5) 55
	[0,0] 0
n2352:
	(15,5) 41
	[0,0] 0
n2351:
	(15,5) 56
	[0,0] 0
n2350:
	(15,5) 55
	[0,0] 0
n2349:
	(7,4) 63
	[0,0] 0
n2348:
	(7,4) 64
	[0,0] 0
n2347:
	(7,4) 64
	[0,0] 0
n2346:
	(7,4) 49
	[0,0] 0
n2345:
	(7,4) 63
	[0,0] 0
n2344:
	(7,4) 63
	[0,0] 0
n2343:
	(7,4) 49
	[0,0] 0
n2342:
	(7,4) 49
	[0,0] 0
n2341:
	(7,4) 64
	[0,0] 0
n2340:
	(7,4) 63
	[0,0] 0
n2339:
	(7,4) 63
	[0,0] 0
n2338:
	(7,4) 63
	[0,0] 0
n2337:
	(3,3) 53
	[0,0] 0
n2336:
	(3,3) 67
	[0,0] 0
n2335:
	(3,3) 67
	[0,0] 0
n2334:
	(3,3) 67
	[0,0] 0
n2333:
	(3,3) 53
	[0,0] 0
n2332:
	(3,3) 67
	[0,0] 0
n2331:
	(3,3) 53
	[0,0] 0
n2330:
	(3,3) 68
	[0,0] 0
n2329:
	(3,3) 68
	[0,0] 0
n2328:
	(3,3) 53
	[0,0] 0
n2327:
	(3,3) 67
	[0,0] 0
n2326:
	(3,3) 53
	[0,0] 0
n2325:
	(3,3) 68
	[0,0] 0
n2324:
	(3,3) 53
	[0,0] 0
n2323:
	(3,3) 67
	[0,0] 0
n2322:
	(3,3) 68
	[0,0] 0
n2321:
	(4,4) 67
	[0,0] 0
n2320:
	(3,3) 67
	[0,0] 0
n2319:
	(3,3) 67
	[0,0] 0
n2318:
	(3,3) 53
	[0,0] 0
n2317:
	(3,3) 53
	[0,0] 0
n2316:
	(3,3) 67
	[0,0] 0
n2315:
	(3,3) 67
	[0,0] 0
n2314:
	(3,3) 67
	[0,0] 0
n2313:
	(3,3) 68
	[0,0] 0
n2312:
	(3,3) 67
	[0,0] 0
n2311:
	(3,3) 68
	[0,0] 0
n2310:
	(3,3) 67
	[0,0] 0
n2309:
	(3,3) 67
	[0,0] 0
n2308:
	(3,3) 68
	[0,0] 0
n2307:
	(3,3) 67
	[0,0] 0
n2306:
	(3,3) 67
	[0,0] 0
n2425:
	(3,3) 68
	[0,0] 0
n2424:
	(3,5) 20
	[0,0] 0
n2423:
	(4,2) 18
	[0,0] 0
n2305:
	(2,2) 23
	[0,0] 0
n2304:
	(2,2) 20
	[0,0] 0
n2444:
	(2,2) 242
	[0,0] 0
n2429:
	(2,2) 242
	[0,0] 0
n2430:
	(2,2) 242
	[0,0] 0
n2431:
	(2,2) 242
	[0,0] 0
n2432:
	(2,2) 242
	[0,0] 0
n2433:
	(2,2) 242
	[0,0] 0
n2434:
	(2,2) 242
	[0,0] 0
n2435:
	(2,2) 242
	[0,0] 0
n2436:
	(2,2) 242
	[0,0] 0
n2437:
	(2,2) 242
	[0,0] 0
n2438:
	(2,2) 242
	[0,0] 0
n2439:
	(2,2) 242
	[0,0] 0
n2440:
	(2,2) 242
	[0,0] 0
n2441:
	(2,2) 242
	[0,0] 0
n2442:
	(2,2) 242
	[0,0] 0
n2443:
	(2,2) 242
	[0,0] 0
n2492:
	(2,2) 242
	[0,0] 0
n2445:
	(2,2) 242
	[0,0] 0
n2446:
	(2,2) 242
	[0,0] 0
n2447:
	(2,2) 242
	[0,0] 0
n2448:
	(2,2) 242
	[0,0] 0
n2449:
	(2,2) 242
	[0,0] 0
n2450:
	(2,2) 242
	[0,0] 0
n2451:
	(2,2) 242
	[0,0] 0
n2452:
	(2,2) 242
	[0,0] 0
n2453:
	(2,2) 242
	[0,0] 0
n2454:
	(2,2) 242
	[0,0] 0
n2455:
	(2,2) 242
	[0,0] 0
n2456:
	(2,2) 242
	[0,0] 0
n2457:
	(2,2) 242
	[0,0] 0
n2458:
	(2,2) 242
	[0,0] 0
n2459:
	(2,2) 242
	[0,0] 0
n2476:
	(2,2) 242
	[0,0] 0
n2461:
	(2,2) 242
	[0,0] 0
n2462:
	(2,2) 242
	[0,0] 0
n2463:
	(2,2) 242
	[0,0] 0
n2464:
	(2,2) 242
	[0,0] 0
n2465:
	(2,2) 242
	[0,0] 0
n2466:
	(2,2) 242
	[0,0] 0
n2467:
	(2,2) 242
	[0,0] 0
n2468:
	(2,2) 242
	[0,0] 0
n2469:
	(2,2) 242
	[0,0] 0
n2470:
	(2,2) 242
	[0,0] 0
n2471:
	(2,2) 242
	[0,0] 0
n2472:
	(2,2) 242
	[0,0] 0
n2473:
	(2,2) 242
	[0,0] 0
n2474:
	(2,2) 242
	[0,0] 0
n2475:
	(2,2) 242
	[0,0] 0
n2460:
	(2,2) 242
	[0,0] 0
n2477:
	(2,2) 242
	[0,0] 0
n2478:
	(2,2) 242
	[0,0] 0
n2479:
	(2,2) 242
	[0,0] 0
n2480:
	(2,2) 242
	[0,0] 0
n2481:
	(2,2) 242
	[0,0] 0
n2482:
	(2,2) 242
	[0,0] 0
n2483:
	(2,2) 242
	[0,0] 0
n2484:
	(2,2) 242
	[0,0] 0
n2485:
	(2,2) 242
	[0,0] 0
n2486:
	(2,2) 242
	[0,0] 0
n2487:
	(2,2) 242
	[0,0] 0
n2488:
	(2,2) 242
	[0,0] 0
n2489:
	(2,2) 242
	[0,0] 0
n2490:
	(2,2) 242
	[0,0] 0
n2491:
	(2,2) 242
	[0,0] 0
n9:
	(6,94) 0
	[0,0] 0
n2303:
	(2,558) 4
	[0,0] 0
n2302:
	(556,4) 6
	[0,0] 0
n13[2]:
	(7,61) 0
	[0,0] 0
n2426:
	(545,177) 17
	[0,0] 0
n13[1]:
	(7,65) 0
	[0,0] 0
n13[0]:
	(7,67) 0
	[0,0] 0
n2301:
	(363,176) 199
	[0,0] 0
n2300:
	(3,189) 4
	[0,0] 0
n2299:
	(3,200) 4
	[0,0] 0
n2298:
	(3,189) 4
	[0,0] 0
n13[3]:
	(3,235) 0
	[0,0] 0
n2296:
	(176,176) 17
	[0,0] 0
n2295:
	(187,207) 17
	[0,0] 0
n2294:
	(222,43) 13
	[0,0] 0
n2293:
	(176,181) 17
	[0,0] 0
n2377:
	(2,11) 5
	[0,0] 0
n2292:
	(9,21) 7
	[0,0] 0
n2291:
	(4,20) 12
	[0,0] 0
n2290:
	(4,22) 12
	[0,0] 0
n12[3]:
	(7,20) 0
	[0,0] 0
n2289:
	(9,16) 23
	[0,0] 0
n2288:
	(3,31) 4
	[0,0] 0
n2287:
	(14,14) 20
	[0,0] 0
n2286:
	(3,15) 29
	[0,0] 0
n2285:
	(5,19) 27
	[0,0] 0
n12[4]:
	(7,20) 0
	[0,0] 0
n2284:
	(11,128) 35
	[0,0] 0
n2283:
	(8,113) 36
	[0,0] 0
n2493:
	(22,177) 597
	[0,0] 0
n2282:
	(3,32) 4
	[0,0] 0
n2281:
	(5,19) 29
	[0,0] 0
n2280:
	(18,36) 17
	[0,0] 0
n2279:
	(125,21) 649
	[0,0] 0
n2278:
	(108,12) 55
	[0,0] 0
n2277:
	(11,176) 37
	[0,0] 0
n2276:
	(19,55) 17
	[0,0] 0
n2275:
	(51,14) 98
	[0,0] 0
n2274:
	(10,3) 22
	[0,0] 0
n12[5]:
	(3,32) 0
	[0,0] 0
n2273:
	(18,36) 35
	[0,0] 0
n2272:
	(72,20) 702
	[0,0] 0
n2270:
	(82,11) 81
	[0,0] 0
n2269:
	(163,11) 50
	[0,0] 0
n2268:
	(37,15) 112
	[0,0] 0
n2271:
	(19,71) 13
	[0,0] 0
n2267:
	(18,36) 53
	[0,0] 0
n2266:
	(3,17) 29
	[0,0] 0
n2265:
	(19,62) 53
	[0,0] 0
n2264:
	(6,2) 26
	[0,0] 0
n2263:
	(150,12) 63
	[0,0] 0
n2262:
	(10,224) 36
	[0,0] 0
n7[3]:
	(49,7) 0
	[0,0] 0
n7[2]:
	(47,7) 0
	[0,0] 0
n7[1]:
	(49,7) 0
	[0,0] 0
n7[6]:
	(47,7) 0
	[0,0] 0
n2260:
	(18,44) 71
	[0,0] 0
n2259:
	(4,17) 28
	[0,0] 0
n2258:
	(61,7) 88
	[0,0] 0
n2257:
	(39,10) 124
	[0,0] 0
n2256:
	(31,16) 118
	[0,0] 0
n7[4]:
	(47,10) 0
	[0,0] 0
n2261:
	(35,18) 49
	[0,0] 0
n7[11]:
	(34,8) 0
	[0,0] 0
n2255:
	(45,18) 4
	[0,0] 0
n2254:
	(43,20) 4
	[0,0] 0
n2253:
	(45,19) 4
	[0,0] 0
n2252:
	(118,12) 95
	[0,0] 0
n7[12]:
	(32,8) 0
	[0,0] 0
n2251:
	(9,106) 36
	[0,0] 0
n2250:
	(167,9) 93
	[0,0] 0
n2249:
	(25,12) 138
	[0,0] 0
n2248:
	(43,17) 4
	[0,0] 0
n2247:
	(29,12) 134
	[0,0] 0
n2246:
	(47,6) 102
	[0,0] 0
n2245:
	(27,16) 122
	[0,0] 0
n7[5]:
	(49,10) 0
	[0,0] 0
n2244:
	(42,9) 5
	[0,0] 0
n7[0]:
	(43,10) 0
	[0,0] 0
n7[15]:
	(34,7) 0
	[0,0] 0
n7[14]:
	(32,9) 0
	[0,0] 0
n7[13]:
	(34,8) 0
	[0,0] 0
n7[9]:
	(39,7) 0
	[0,0] 0
n7[8]:
	(37,8) 0
	[0,0] 0
n7[10]:
	(37,7) 0
	[0,0] 0
n7[7]:
	(43,7) 0
	[0,0] 0
n2243:
	(26,52) 89
	[0,0] 0
n2242:
	(8,13) 26
	[0,0] 0
n2403:
	(17,17) 67
	[0,0] 0
n2241:
	(24,19) 10
	[0,0] 0
n2240:
	(30,19) 4
	[0,0] 0
n2239:
	(37,8) 10
	[0,0] 0
n2238:
	(35,17) 14
	[0,0] 0
n2237:
	(33,19) 14
	[0,0] 0
n2236:
	(35,18) 14
	[0,0] 0
n2235:
	(38,9) 5
	[0,0] 0
n2234:
	(22,18) 10
	[0,0] 0
n2233:
	(60,11) 153
	[0,0] 0
n2232:
	(44,9) 5
	[0,0] 0
n2231:
	(57,11) 156
	[0,0] 0
n2230:
	(90,8) 52
	[0,0] 0
n2229:
	(35,20) 4
	[0,0] 0
n2228:
	(139,8) 121
	[0,0] 0
n2227:
	(33,19) 4
	[0,0] 0
n2226:
	(13,11) 150
	[0,0] 0
n2225:
	(11,11) 152
	[0,0] 0
n2224:
	(42,11) 121
	[0,0] 0
n2223:
	(52,27) 722
	[0,0] 0
n2220:
	(26,52) 115
	[0,0] 0
n2219:
	(13,11) 150
	[0,0] 0
n2218:
	(39,19) 4
	[0,0] 0
n2217:
	(36,7) 113
	[0,0] 0
n2216:
	(13,17) 136
	[0,0] 0
n2215:
	(13,15) 136
	[0,0] 0
n2214:
	(33,16) 14
	[0,0] 0
n2213:
	(27,8) 5
	[0,0] 0
n2212:
	(29,7) 5
	[0,0] 0
n2211:
	(15,13) 148
	[0,0] 0
n2210:
	(4,13) 30
	[0,0] 0
n2209:
	(3,12) 31
	[0,0] 0
n2208:
	(32,7) 5
	[0,0] 0
n2207:
	(4,29) 43
	[0,0] 0
n2206:
	(51,26) 723
	[0,0] 0
n2205:
	(19,10) 144
	[0,0] 0
n2222:
	(26,51) 89
	[0,0] 0
n2221:
	(35,18) 37
	[0,0] 0
n7[17]:
	(18,8) 0
	[0,0] 0
n2204:
	(24,8) 25
	[0,0] 0
n7[16]:
	(18,8) 0
	[0,0] 0
n2203:
	(27,18) 20
	[0,0] 0
n7[23]:
	(18,8) 0
	[0,0] 0
n7[18]:
	(18,8) 0
	[0,0] 0
n2202:
	(23,8) 20
	[0,0] 0
n2201:
	(5,2802) 38
	[0,0] 0
n2200:
	(5,109) 38
	[0,0] 0
n2199:
	(31,11) 182
	[0,0] 0
n2198:
	(29,10) 184
	[0,0] 0
n2197:
	(30,10) 183
	[0,0] 0
n2196:
	(29,10) 184
	[0,0] 0
n2195:
	(27,11) 186
	[0,0] 0
n7[22]:
	(18,8) 0
	[0,0] 0
n2194:
	(46,7) 96
	[0,0] 0
n2193:
	(43,9) 99
	[0,0] 0
n2192:
	(111,12) 149
	[0,0] 0
n2191:
	(35,11) 128
	[0,0] 0
n2190:
	(28,18) 9
	[0,0] 0
n7[21]:
	(18,8) 0
	[0,0] 0
n2189:
	(29,18) 14
	[0,0] 0
n7[20]:
	(18,8) 0
	[0,0] 0
n7[19]:
	(18,8) 0
	[0,0] 0
n2188:
	(23,16) 26
	[0,0] 0
n2187:
	(22,18) 25
	[0,0] 0
n2186:
	(26,18) 23
	[0,0] 0
n2185:
	(22,7) 10
	[0,0] 0
n2184:
	(25,17) 9
	[0,0] 0
n2183:
	(24,7) 125
	[0,0] 0
n2182:
	(23,19) 24
	[0,0] 0
n2181:
	(9,21) 25
	[0,0] 0
n2180:
	(9,21) 40
	[0,0] 0
n2179:
	(9,21) 38
	[0,0] 0
n2178:
	(26,26) 141
	[0,0] 0
n2176:
	(9,21) 40
	[0,0] 0
n2175:
	(9,21) 23
	[0,0] 0
n2174:
	(9,21) 25
	[0,0] 0
n2173:
	(9,21) 28
	[0,0] 0
n2172:
	(9,21) 30
	[0,0] 0
n2171:
	(6,10) 157
	[0,0] 0
n2170:
	(6,10) 157
	[0,0] 0
n2169:
	(5,10) 158
	[0,0] 0
n2168:
	(5,10) 158
	[0,0] 0
n2167:
	(6,10) 157
	[0,0] 0
n2166:
	(7,12) 156
	[0,0] 0
n2165:
	(7,12) 156
	[0,0] 0
n2164:
	(6,10) 157
	[0,0] 0
n2163:
	(6,10) 157
	[0,0] 0
n2162:
	(5,14) 144
	[0,0] 0
n2161:
	(6,16) 143
	[0,0] 0
n2160:
	(6,16) 143
	[0,0] 0
n2159:
	(7,16) 142
	[0,0] 0
n2158:
	(5,14) 144
	[0,0] 0
n2157:
	(9,21) 34
	[0,0] 0
n2156:
	(9,21) 38
	[0,0] 0
n2155:
	(13,13) 136
	[0,0] 0
n2154:
	(13,13) 136
	[0,0] 0
n2153:
	(9,9) 154
	[0,0] 0
n2152:
	(9,9) 154
	[0,0] 0
n2151:
	(9,9) 154
	[0,0] 0
n2400:
	(25,25) 168
	[0,0] 0
n2405:
	(25,25) 115
	[0,0] 0
n2399:
	(17,17) 36
	[0,0] 0
n2404:
	(25,25) 115
	[0,0] 0
n2406:
	(25,25) 142
	[0,0] 0
n2402:
	(17,17) 67
	[0,0] 0
n2401:
	(17,17) 54
	[0,0] 0
n2177:
	(15,15) 57
	[0,0] 0
n7[25]:
	(12,7) 0
	[0,0] 0
n2150:
	(3,11) 160
	[0,0] 0
n2149:
	(3,11) 160
	[0,0] 0
n2148:
	(3,11) 160
	[0,0] 0
n2147:
	(3,17) 146
	[0,0] 0
n2146:
	(3,15) 146
	[0,0] 0
n2145:
	(3,15) 146
	[0,0] 0
n2144:
	(3,15) 146
	[0,0] 0
n2143:
	(3,15) 146
	[0,0] 0
n2142:
	(3,11) 160
	[0,0] 0
n2141:
	(3,17) 146
	[0,0] 0
n2140:
	(3,11) 160
	[0,0] 0
n2139:
	(3,11) 160
	[0,0] 0
n2138:
	(3,11) 160
	[0,0] 0
n2137:
	(3,11) 160
	[0,0] 0
n2136:
	(19,18) 30
	[0,0] 0
n2135:
	(21,19) 13
	[0,0] 0
n2134:
	(2787,4) 53
	[0,0] 0
n2133:
	(66,20) 81
	[0,0] 0
n2132:
	(12,10) 201
	[0,0] 0
n2131:
	(12,10) 201
	[0,0] 0
n2130:
	(17,10) 196
	[0,0] 0
n2129:
	(13,10) 200
	[0,0] 0
n2128:
	(15,9) 198
	[0,0] 0
n2127:
	(13,10) 200
	[0,0] 0
n2126:
	(16,9) 197
	[0,0] 0
n2125:
	(13,10) 200
	[0,0] 0
n2124:
	(15,9) 198
	[0,0] 0
n2123:
	(13,10) 200
	[0,0] 0
n2122:
	(13,10) 200
	[0,0] 0
n2121:
	(13,10) 200
	[0,0] 0
n2120:
	(34,6) 108
	[0,0] 0
n2119:
	(36,9) 106
	[0,0] 0
n2118:
	(23,18) 14
	[0,0] 0
n2117:
	(56,10) 204
	[0,0] 0
n2116:
	(25,19) 14
	[0,0] 0
n2115:
	(54,11) 206
	[0,0] 0
n2114:
	(56,11) 204
	[0,0] 0
n2113:
	(13,11) 150
	[0,0] 0
n2112:
	(19,18) 18
	[0,0] 0
n2111:
	(15,7) 34
	[0,0] 0
n7[30]:
	(12,7) 0
	[0,0] 0
n2110:
	(18,17) 29
	[0,0] 0
n2109:
	(17,15) 32
	[0,0] 0
n2108:
	(20,18) 14
	[0,0] 0
n2107:
	(16,17) 31
	[0,0] 0
n2106:
	(20,17) 29
	[0,0] 0
n2105:
	(18,18) 14
	[0,0] 0
n2104:
	(12,7) 31
	[0,0] 0
n2103:
	(14,17) 29
	[0,0] 0
n7[29]:
	(12,7) 0
	[0,0] 0
n7[27]:
	(12,7) 0
	[0,0] 0
n7[26]:
	(12,7) 0
	[0,0] 0
n7[28]:
	(12,7) 0
	[0,0] 0
n7[24]:
	(12,7) 0
	[0,0] 0
n2102:
	(3,11) 160
	[0,0] 0
n2101:
	(4,20) 39
	[0,0] 0
n2100:
	(19,17) 24
	[0,0] 0
n2099:
	(17,18) 30
	[0,0] 0
n2098:
	(4,29) 45
	[0,0] 0
n2097:
	(4,37) 45
	[0,0] 0
n2096:
	(4,37) 43
	[0,0] 0
n2095:
	(4,37) 45
	[0,0] 0
n2094:
	(4,37) 39
	[0,0] 0
n2093:
	(4,29) 39
	[0,0] 0
n2092:
	(4,29) 43
	[0,0] 0
n2091:
	(4,20) 43
	[0,0] 0
n2090:
	(4,20) 45
	[0,0] 0
n2089:
	(4,20) 30
	[0,0] 0
n2088:
	(4,20) 43
	[0,0] 0
n2087:
	(4,20) 28
	[0,0] 0
n2086:
	(4,20) 45
	[0,0] 0
n2085:
	(4,23) 30
	[0,0] 0
n2084:
	(4,23) 28
	[0,0] 0
n2083:
	(4,25) 30
	[0,0] 0
n2082:
	(4,20) 28
	[0,0] 0
n2081:
	(4,23) 28
	[0,0] 0
n2080:
	(4,20) 30
	[0,0] 0
n2079:
	(4,23) 30
	[0,0] 0
n2078:
	(4,20) 33
	[0,0] 0
n2077:
	(4,23) 33
	[0,0] 0
n2076:
	(4,20) 35
	[0,0] 0
n2075:
	(4,25) 33
	[0,0] 0
n2074:
	(4,23) 35
	[0,0] 0
n7[31]:
	(12,7) 0
	[0,0] 0
n2073:
	(4,20) 43
	[0,0] 0
n2072:
	(9,7) 9
	[0,0] 0
n2071:
	(9,7) 9
	[0,0] 0
n2070:
	(9,7) 9
	[0,0] 0
n2069:
	(9,7) 38
	[0,0] 0
n2068:
	(9,7) 9
	[0,0] 0
n2067:
	(2,9) 161
	[0,0] 0
n2066:
	(2,13) 147
	[0,0] 0
n2065:
	(2,13) 147
	[0,0] 0
n2064:
	(9,7) 23
	[0,0] 0
n2063:
	(9,7) 25
	[0,0] 0
n2062:
	(2,15) 147
	[0,0] 0
n2061:
	(9,7) 9
	[0,0] 0
n2060:
	(2,9) 161
	[0,0] 0
n2059:
	(2,9) 161
	[0,0] 0
n2058:
	(2,9) 161
	[0,0] 0
n2057:
	(2,9) 161
	[0,0] 0
n2056:
	(2,9) 161
	[0,0] 0
n2055:
	(2,9) 161
	[0,0] 0
n2054:
	(21,10) 142
	[0,0] 0
n2053:
	(2,9) 161
	[0,0] 0
n2052:
	(2,9) 161
	[0,0] 0
n2051:
	(2,13) 147
	[0,0] 0
n2050:
	(2,15) 147
	[0,0] 0
n2049:
	(9,7) 9
	[0,0] 0
n2048:
	(2,13) 147
	[0,0] 0
n2047:
	(9,7) 9
	[0,0] 0
n2046:
	(9,7) 9
	[0,0] 0
n2042:
	(12,12) 149
	[0,0] 0
n2038:
	(14,16) 33
	[0,0] 0
n2037:
	(3,6) 9
	[0,0] 0
n2036:
	(3,6) 9
	[0,0] 0
n2035:
	(3,6) 9
	[0,0] 0
n2034:
	(3,6) 9
	[0,0] 0
n2033:
	(3,6) 9
	[0,0] 0
n2032:
	(3,6) 9
	[0,0] 0
n2031:
	(3,6) 9
	[0,0] 0
n2030:
	(3,6) 15
	[0,0] 0
n2029:
	(3,6) 15
	[0,0] 0
n2028:
	(3,6) 15
	[0,0] 0
n2027:
	(3,6) 15
	[0,0] 0
n2026:
	(3,6) 15
	[0,0] 0
n2025:
	(3,6) 15
	[0,0] 0
n2024:
	(3,6) 15
	[0,0] 0
n2023:
	(3,6) 15
	[0,0] 0
n2022:
	(7,3) 27
	[0,0] 0
n2021:
	(28,9) 114
	[0,0] 0
n2020:
	(27,9) 233
	[0,0] 0
n2019:
	(28,10) 232
	[0,0] 0
n2018:
	(27,10) 233
	[0,0] 0
n2017:
	(27,7) 233
	[0,0] 0
n2016:
	(26,10) 234
	[0,0] 0
n2015:
	(27,10) 233
	[0,0] 0
n2014:
	(26,10) 234
	[0,0] 0
n2013:
	(29,10) 231
	[0,0] 0
n2012:
	(3,6) 31
	[0,0] 0
n2011:
	(3,6) 29
	[0,0] 0
n2010:
	(3,6) 31
	[0,0] 0
n2009:
	(3,6) 29
	[0,0] 0
n2008:
	(3,6) 31
	[0,0] 0
n2007:
	(3,6) 34
	[0,0] 0
n2006:
	(3,6) 34
	[0,0] 0
n2005:
	(3,6) 36
	[0,0] 0
n2004:
	(3,6) 40
	[0,0] 0
n2003:
	(3,6) 40
	[0,0] 0
n2002:
	(3,6) 46
	[0,0] 0
n2001:
	(3,6) 44
	[0,0] 0
n2000:
	(3,6) 46
	[0,0] 0
n1999:
	(3,6) 44
	[0,0] 0
n1998:
	(3,6) 46
	[0,0] 0
n1997:
	(3,6) 44
	[0,0] 0
n1996:
	(3,6) 9
	[0,0] 0
n1995:
	(14,17) 20
	[0,0] 0
n1994:
	(13,18) 36
	[0,0] 0
n1993:
	(12,16) 35
	[0,0] 0
n1992:
	(14,16) 35
	[0,0] 0
n1991:
	(12,17) 20
	[0,0] 0
n1990:
	(1795,197) 1045
	[0,0] 0
n1989:
	(12,17) 20
	[0,0] 0
n1988:
	(38,19) 109
	[0,0] 0
n1987:
	(14,18) 20
	[0,0] 0
n1986:
	(20,5) 122
	[0,0] 0
n1985:
	(14,18) 23
	[0,0] 0
n1984:
	(15,18) 24
	[0,0] 0
n1983:
	(13,16) 30
	[0,0] 0
n1982:
	(12,17) 35
	[0,0] 0
n1981:
	(10,21) 39
	[0,0] 0
n1980:
	(10,21) 33
	[0,0] 0
n1979:
	(10,21) 24
	[0,0] 0
n1978:
	(5,9) 208
	[0,0] 0
n1977:
	(6,9) 207
	[0,0] 0
n1976:
	(5,9) 208
	[0,0] 0
n1975:
	(6,9) 207
	[0,0] 0
n1974:
	(7,9) 206
	[0,0] 0
n1973:
	(7,9) 206
	[0,0] 0
n1972:
	(5,9) 208
	[0,0] 0
n1971:
	(6,9) 207
	[0,0] 0
n1970:
	(6,9) 207
	[0,0] 0
n1969:
	(6,9) 207
	[0,0] 0
n1968:
	(7,9) 206
	[0,0] 0
n1967:
	(6,9) 207
	[0,0] 0
n1966:
	(6,9) 207
	[0,0] 0
n1965:
	(6,9) 207
	[0,0] 0
n1964:
	(5,9) 208
	[0,0] 0
n1963:
	(7,9) 206
	[0,0] 0
n1962:
	(6,9) 207
	[0,0] 0
n1961:
	(6,9) 207
	[0,0] 0
n1960:
	(6,9) 207
	[0,0] 0
n1959:
	(6,9) 207
	[0,0] 0
n1958:
	(7,12) 156
	[0,0] 0
n1957:
	(5,10) 158
	[0,0] 0
n1956:
	(10,21) 27
	[0,0] 0
n2494:
	(4,62) 4
	[0,0] 0
n1955:
	(9,9) 63
	[0,0] 0
n2045:
	(15,15) 59
	[0,0] 0
n2044:
	(23,23) 59
	[0,0] 0
n2043:
	(23,23) 59
	[0,0] 0
n2041:
	(11,11) 42
	[0,0] 0
n2040:
	(23,23) 57
	[0,0] 0
n2039:
	(23,23) 53
	[0,0] 0
n1954:
	(14,14) 149
	[0,0] 0
n1952:
	(8,8) 163
	[0,0] 0
n1950:
	(8,8) 163
	[0,0] 0
n1947:
	(8,8) 163
	[0,0] 0
n1945:
	(8,8) 163
	[0,0] 0
n1943:
	(8,8) 163
	[0,0] 0
n1941:
	(8,8) 163
	[0,0] 0
n1939:
	(8,8) 163
	[0,0] 0
n1936:
	(8,8) 163
	[0,0] 0
n1931:
	(14,14) 149
	[0,0] 0
n1928:
	(12,12) 149
	[0,0] 0
n1926:
	(12,12) 149
	[0,0] 0
n1923:
	(12,12) 149
	[0,0] 0
n1921:
	(8,8) 163
	[0,0] 0
n6[42]:
	(6,6) 0
	[0,0] 0
n6[43]:
	(6,6) 0
	[0,0] 0
n6[55]:
	(6,6) 0
	[0,0] 0
n6[45]:
	(6,6) 0
	[0,0] 0
n6[46]:
	(6,6) 0
	[0,0] 0
n6[47]:
	(6,6) 0
	[0,0] 0
n6[48]:
	(6,6) 0
	[0,0] 0
n6[49]:
	(6,6) 0
	[0,0] 0
n6[33]:
	(6,6) 0
	[0,0] 0
n1919:
	(8,8) 205
	[0,0] 0
n1918:
	(8,8) 205
	[0,0] 0
n1917:
	(8,8) 205
	[0,0] 0
n1916:
	(9,9) 154
	[0,0] 0
n6[2]:
	(6,6) 0
	[0,0] 0
n6[1]:
	(6,6) 0
	[0,0] 0
n6[3]:
	(6,6) 0
	[0,0] 0
n6[50]:
	(6,6) 0
	[0,0] 0
n6[34]:
	(6,6) 0
	[0,0] 0
n6[44]:
	(6,6) 0
	[0,0] 0
n6[5]:
	(6,6) 0
	[0,0] 0
n6[35]:
	(6,6) 0
	[0,0] 0
n6[51]:
	(6,6) 0
	[0,0] 0
n6[4]:
	(6,6) 0
	[0,0] 0
n6[7]:
	(6,6) 0
	[0,0] 0
n6[6]:
	(6,6) 0
	[0,0] 0
n6[36]:
	(6,6) 0
	[0,0] 0
n6[59]:
	(7,7) 0
	[0,0] 0
n6[37]:
	(6,6) 0
	[0,0] 0
n6[38]:
	(6,6) 0
	[0,0] 0
n6[58]:
	(6,6) 0
	[0,0] 0
n6[52]:
	(6,6) 0
	[0,0] 0
n6[57]:
	(7,7) 0
	[0,0] 0
n1915:
	(11,11) 152
	[0,0] 0
n6[16]:
	(6,6) 0
	[0,0] 0
n6[17]:
	(6,6) 0
	[0,0] 0
n6[15]:
	(6,6) 0
	[0,0] 0
n6[13]:
	(6,6) 0
	[0,0] 0
n6[14]:
	(6,6) 0
	[0,0] 0
n6[39]:
	(6,6) 0
	[0,0] 0
n6[12]:
	(6,6) 0
	[0,0] 0
n6[10]:
	(6,6) 0
	[0,0] 0
n6[9]:
	(6,6) 0
	[0,0] 0
n6[8]:
	(6,6) 0
	[0,0] 0
n6[62]:
	(7,7) 0
	[0,0] 0
n6[11]:
	(6,6) 0
	[0,0] 0
n6[61]:
	(7,7) 0
	[0,0] 0
n6[31]:
	(6,6) 0
	[0,0] 0
n6[63]:
	(7,7) 0
	[0,0] 0
n6[30]:
	(6,6) 0
	[0,0] 0
n6[29]:
	(6,6) 0
	[0,0] 0
n6[60]:
	(7,7) 0
	[0,0] 0
n6[56]:
	(6,6) 0
	[0,0] 0
n6[28]:
	(6,6) 0
	[0,0] 0
n6[27]:
	(6,6) 0
	[0,0] 0
n6[26]:
	(6,6) 0
	[0,0] 0
n6[25]:
	(6,6) 0
	[0,0] 0
n6[24]:
	(6,6) 0
	[0,0] 0
n6[23]:
	(6,6) 0
	[0,0] 0
n6[22]:
	(6,6) 0
	[0,0] 0
n6[21]:
	(6,6) 0
	[0,0] 0
n6[19]:
	(6,6) 0
	[0,0] 0
n6[53]:
	(6,6) 0
	[0,0] 0
n6[20]:
	(6,6) 0
	[0,0] 0
n6[18]:
	(6,6) 0
	[0,0] 0
n6[40]:
	(6,6) 0
	[0,0] 0
n6[32]:
	(6,6) 0
	[0,0] 0
n6[0]:
	(6,6) 0
	[0,0] 0
n6[54]:
	(6,6) 0
	[0,0] 0
n6[41]:
	(6,6) 0
	[0,0] 0
n1953:
	(13,13) 42
	[0,0] 0
n1951:
	(7,7) 52
	[0,0] 0
n1949:
	(7,7) 56
	[0,0] 0
n1948:
	(7,7) 58
	[0,0] 0
n1946:
	(7,7) 56
	[0,0] 0
n1944:
	(7,7) 58
	[0,0] 0
n1942:
	(7,7) 41
	[0,0] 0
n1940:
	(7,7) 41
	[0,0] 0
n1938:
	(7,7) 43
	[0,0] 0
n1937:
	(7,7) 48
	[0,0] 0
n1935:
	(7,7) 46
	[0,0] 0
n1934:
	(7,7) 43
	[0,0] 0
n1933:
	(15,15) 56
	[0,0] 0
n1932:
	(15,15) 38
	[0,0] 0
n1930:
	(13,13) 45
	[0,0] 0
n1929:
	(11,11) 47
	[0,0] 0
n1927:
	(11,11) 45
	[0,0] 0
n1925:
	(11,11) 42
	[0,0] 0
n1924:
	(11,11) 40
	[0,0] 0
n1922:
	(11,11) 40
	[0,0] 0
n1920:
	(7,7) 56
	[0,0] 0
n1912:
	(3,8) 210
	[0,0] 0
n2495:
	(3,66) 4
	[0,0] 0
n2496:
	(3,60) 4
	[0,0] 0
n1911:
	(2,8) 211
	[0,0] 0
n1910:
	(3,8) 210
	[0,0] 0
n1909:
	(3,8) 210
	[0,0] 0
n1908:
	(3,8) 210
	[0,0] 0
n1907:
	(3,10) 210
	[0,0] 0
n1906:
	(3,10) 210
	[0,0] 0
n1905:
	(3,8) 210
	[0,0] 0
n1904:
	(3,8) 210
	[0,0] 0
n1903:
	(3,8) 210
	[0,0] 0
n1902:
	(3,13) 160
	[0,0] 0
n1901:
	(2,8) 211
	[0,0] 0
n1900:
	(3,11) 160
	[0,0] 0
n1899:
	(4,130) 30
	[0,0] 0
n1898:
	(1791,196) 1049
	[0,0] 0
n1897:
	(42,4) 105
	[0,0] 0
n1896:
	(35,65) 112
	[0,0] 0
n1895:
	(17,6) 125
	[0,0] 0
n1894:
	(12,9) 130
	[0,0] 0
n1893:
	(12,9) 248
	[0,0] 0
n1892:
	(15,9) 245
	[0,0] 0
n1891:
	(12,9) 248
	[0,0] 0
n1890:
	(13,9) 247
	[0,0] 0
n1889:
	(13,9) 247
	[0,0] 0
n1888:
	(13,9) 247
	[0,0] 0
n1887:
	(12,9) 248
	[0,0] 0
n1886:
	(12,9) 248
	[0,0] 0
n1885:
	(14,9) 246
	[0,0] 0
n1884:
	(13,9) 247
	[0,0] 0
n1883:
	(12,9) 248
	[0,0] 0
n1882:
	(15,9) 245
	[0,0] 0
n1881:
	(13,9) 247
	[0,0] 0
n1880:
	(3,16) 40
	[0,0] 0
n1879:
	(3,8) 210
	[0,0] 0
n1878:
	(3,8) 210
	[0,0] 0
n2497:
	(3,64) 4
	[0,0] 0
n1877:
	(3,8) 210
	[0,0] 0
n1876:
	(3,8) 210
	[0,0] 0
n1875:
	(3,8) 210
	[0,0] 0
n1874:
	(3,8) 210
	[0,0] 0
n2498:
	(3,93) 3
	[0,0] 0
n1873:
	(3,10) 210
	[0,0] 0
n1872:
	(3,8) 210
	[0,0] 0
n1871:
	(5,20) 13
	[0,0] 0
n1870:
	(5,20) 13
	[0,0] 0
n1869:
	(5,20) 44
	[0,0] 0
n1868:
	(5,20) 13
	[0,0] 0
n1867:
	(5,20) 42
	[0,0] 0
n1866:
	(5,20) 13
	[0,0] 0
n1865:
	(5,20) 29
	[0,0] 0
n1864:
	(5,20) 44
	[0,0] 0
n1863:
	(5,20) 42
	[0,0] 0
n1862:
	(5,20) 44
	[0,0] 0
n1861:
	(5,20) 27
	[0,0] 0
n1860:
	(5,20) 38
	[0,0] 0
n1859:
	(5,20) 29
	[0,0] 0
n1858:
	(5,20) 27
	[0,0] 0
n1857:
	(5,20) 13
	[0,0] 0
n1856:
	(5,20) 29
	[0,0] 0
n1855:
	(5,20) 32
	[0,0] 0
n1854:
	(5,20) 34
	[0,0] 0
n1853:
	(5,20) 13
	[0,0] 0
n1852:
	(5,20) 32
	[0,0] 0
n1851:
	(5,20) 38
	[0,0] 0
n1850:
	(5,20) 13
	[0,0] 0
n1849:
	(5,20) 42
	[0,0] 0
n1848:
	(5,20) 13
	[0,0] 0
n1847:
	(3,8) 210
	[0,0] 0
n1846:
	(3,8) 210
	[0,0] 0
n1845:
	(3,8) 210
	[0,0] 0
n2376:
	(12,2) 20
	[0,0] 0
n1914:
	(13,3) 55
	[0,0] 0
n1913:
	(3,9) 12
	[0,0] 0
n1844:
	(2,8) 211
	[0,0] 0
n1843:
	(2,8) 211
	[0,0] 0
n1842:
	(2,8) 211
	[0,0] 0
n1841:
	(2,8) 211
	[0,0] 0
n1840:
	(2,8) 211
	[0,0] 0
n1839:
	(2,8) 211
	[0,0] 0
n1838:
	(2,8) 211
	[0,0] 0
n1837:
	(2,8) 211
	[0,0] 0
n1836:
	(2,8) 211
	[0,0] 0
n1835:
	(2,8) 211
	[0,0] 0
n1834:
	(2,8) 211
	[0,0] 0
n1833:
	(2,8) 211
	[0,0] 0
n1832:
	(2,8) 211
	[0,0] 0
n1831:
	(2,8) 211
	[0,0] 0
n1830:
	(2,8) 211
	[0,0] 0
n1829:
	(2,8) 211
	[0,0] 0
n1828:
	(2,8) 211
	[0,0] 0
n1827:
	(14,8) 246
	[0,0] 0
n1826:
	(2,8) 211
	[0,0] 0
n1825:
	(3,19) 4
	[0,0] 0
n1824:
	(3,19) 4
	[0,0] 0
n1822:
	(4,22) 45
	[0,0] 0
n1821:
	(4,22) 39
	[0,0] 0
n1820:
	(4,20) 30
	[0,0] 0
n1819:
	(4,20) 33
	[0,0] 0
n1818:
	(8,17) 4
	[0,0] 0
n1817:
	(8,17) 10
	[0,0] 0
n1816:
	(8,15) 41
	[0,0] 0
n1815:
	(11,20) 38
	[0,0] 0
n1814:
	(8,17) 41
	[0,0] 0
n1813:
	(8,16) 10
	[0,0] 0
n1812:
	(8,17) 10
	[0,0] 0
n1811:
	(8,17) 39
	[0,0] 0
n1810:
	(9,15) 38
	[0,0] 0
n1809:
	(11,20) 38
	[0,0] 0
n1808:
	(8,17) 41
	[0,0] 0
n1807:
	(10,18) 24
	[0,0] 0
n1806:
	(10,73) 37
	[0,0] 0
n1805:
	(8,15) 39
	[0,0] 0
n1804:
	(8,17) 41
	[0,0] 0
n1803:
	(9,15) 40
	[0,0] 0
n1802:
	(10,18) 33
	[0,0] 0
n1801:
	(8,15) 35
	[0,0] 0
n1800:
	(8,17) 26
	[0,0] 0
n1799:
	(8,17) 24
	[0,0] 0
n1798:
	(10,18) 24
	[0,0] 0
n1797:
	(8,17) 4
	[0,0] 0
n1796:
	(8,17) 24
	[0,0] 0
n1795:
	(8,17) 4
	[0,0] 0
n1794:
	(8,17) 4
	[0,0] 0
n1793:
	(15,8) 127
	[0,0] 0
n1792:
	(8,17) 4
	[0,0] 0
n1791:
	(8,17) 29
	[0,0] 0
n1790:
	(15,8) 127
	[0,0] 0
n1789:
	(8,17) 4
	[0,0] 0
n1788:
	(8,17) 29
	[0,0] 0
n1787:
	(13,6) 247
	[0,0] 0
n1786:
	(13,6) 247
	[0,0] 0
n1785:
	(8,17) 4
	[0,0] 0
n1784:
	(9,18) 30
	[0,0] 0
n1783:
	(9,17) 30
	[0,0] 0
n1782:
	(8,17) 4
	[0,0] 0
n1781:
	(8,16) 10
	[0,0] 0
n1780:
	(2,11) 161
	[0,0] 0
n1779:
	(8,17) 29
	[0,0] 0
n1778:
	(8,17) 10
	[0,0] 0
n1777:
	(8,17) 29
	[0,0] 0
n1776:
	(2,9) 161
	[0,0] 0
n1775:
	(9,18) 34
	[0,0] 0
n1774:
	(8,17) 10
	[0,0] 0
n1773:
	(7,15) 36
	[0,0] 0
n1772:
	(8,17) 10
	[0,0] 0
n1771:
	(9,15) 38
	[0,0] 0
n1770:
	(8,17) 39
	[0,0] 0
n1769:
	(8,17) 10
	[0,0] 0
n1767:
	(5,377) 44
	[0,0] 0
n1766:
	(5,992) 42
	[0,0] 0
n1765:
	(5,1001) 44
	[0,0] 0
n1764:
	(5,915) 42
	[0,0] 0
n1763:
	(5,552) 44
	[0,0] 0
n1762:
	(5,206) 38
	[0,0] 0
n1761:
	(5,535) 42
	[0,0] 0
n1760:
	(4,221) 45
	[0,0] 0
n1759:
	(4,173) 43
	[0,0] 0
n1758:
	(4,123) 45
	[0,0] 0
n1757:
	(4,72) 43
	[0,0] 0
n1756:
	(4,40) 45
	[0,0] 0
n1755:
	(4,29) 39
	[0,0] 0
n1754:
	(4,239) 39
	[0,0] 0
n1753:
	(4,66) 33
	[0,0] 0
n1752:
	(4,163) 35
	[0,0] 0
n1751:
	(4,224) 33
	[0,0] 0
n1750:
	(4,238) 43
	[0,0] 0
n1749:
	(5,19) 44
	[0,0] 0
n1748:
	(5,19) 44
	[0,0] 0
n1747:
	(11,5) 131
	[0,0] 0
n1746:
	(906,195) 1934
	[0,0] 0
n1745:
	(991,3) 1849
	[0,0] 0
n1744:
	(3,16) 46
	[0,0] 0
n1743:
	(3,16) 44
	[0,0] 0
n1742:
	(3,16) 46
	[0,0] 0
n1741:
	(3,16) 44
	[0,0] 0
n1740:
	(3,16) 44
	[0,0] 0
n1739:
	(3,16) 44
	[0,0] 0
n1738:
	(3,16) 44
	[0,0] 0
n1737:
	(3,16) 40
	[0,0] 0
n1736:
	(3,16) 44
	[0,0] 0
n1735:
	(3,16) 46
	[0,0] 0
n1734:
	(3,16) 34
	[0,0] 0
n1733:
	(3,16) 29
	[0,0] 0
n1732:
	(3,16) 29
	[0,0] 0
n1731:
	(3,16) 34
	[0,0] 0
n1730:
	(3,14) 46
	[0,0] 0
n1729:
	(3,14) 44
	[0,0] 0
n1728:
	(3,14) 46
	[0,0] 0
n1727:
	(3,16) 15
	[0,0] 0
n1726:
	(3,16) 15
	[0,0] 0
n1725:
	(3,16) 15
	[0,0] 0
n1724:
	(3,16) 34
	[0,0] 0
n1723:
	(3,16) 15
	[0,0] 0
n1722:
	(3,16) 34
	[0,0] 0
n1721:
	(3,16) 9
	[0,0] 0
n1720:
	(3,16) 15
	[0,0] 0
n1719:
	(3,16) 9
	[0,0] 0
n1718:
	(3,16) 36
	[0,0] 0
n1717:
	(3,16) 9
	[0,0] 0
n1716:
	(3,16) 9
	[0,0] 0
n1715:
	(3,16) 9
	[0,0] 0
n1714:
	(3,16) 9
	[0,0] 0
n1713:
	(3,16) 9
	[0,0] 0
n1712:
	(3,16) 29
	[0,0] 0
n1711:
	(3,16) 9
	[0,0] 0
n1710:
	(3,16) 31
	[0,0] 0
n1709:
	(3,16) 31
	[0,0] 0
n1708:
	(3,16) 29
	[0,0] 0
n1707:
	(3,16) 31
	[0,0] 0
n1706:
	(3,16) 15
	[0,0] 0
n1705:
	(3,16) 15
	[0,0] 0
n1704:
	(3,16) 15
	[0,0] 0
n1703:
	(3,14) 44
	[0,0] 0
n1702:
	(3,14) 40
	[0,0] 0
n1701:
	(3,14) 40
	[0,0] 0
n1700:
	(3,14) 44
	[0,0] 0
n1699:
	(3,14) 46
	[0,0] 0
n1698:
	(20,6) 129
	[0,0] 0
n1697:
	(29,64) 118
	[0,0] 0
n1696:
	(27,21) 120
	[0,0] 0
n1695:
	(12,3) 135
	[0,0] 0
n1694:
	(4,20) 2
	[0,0] 0
n1693:
	(4,18) 2
	[0,0] 0
n1692:
	(4,17) 2
	[0,0] 0
n1691:
	(5,19) 2
	[0,0] 0
n1690:
	(4,19) 2
	[0,0] 0
n1689:
	(4,20) 2
	[0,0] 0
n1688:
	(4,18) 2
	[0,0] 0
n1687:
	(4,20) 2
	[0,0] 0
n1686:
	(4,21) 2
	[0,0] 0
n1685:
	(4,21) 2
	[0,0] 0
n1684:
	(4,21) 2
	[0,0] 0
n1683:
	(4,20) 2
	[0,0] 0
n1682:
	(4,17) 2
	[0,0] 0
n1681:
	(4,17) 2
	[0,0] 0
n1680:
	(4,21) 2
	[0,0] 0
n1679:
	(4,18) 2
	[0,0] 0
n1678:
	(4,21) 2
	[0,0] 0
n1677:
	(5,22) 2
	[0,0] 0
n1676:
	(4,20) 2
	[0,0] 0
n1675:
	(4,21) 2
	[0,0] 0
n1674:
	(4,18) 2
	[0,0] 0
n1673:
	(5,19) 2
	[0,0] 0
n1672:
	(4,21) 2
	[0,0] 0
n1671:
	(4,17) 2
	[0,0] 0
n1670:
	(4,22) 2
	[0,0] 0
n1669:
	(4,22) 2
	[0,0] 0
n1668:
	(4,18) 2
	[0,0] 0
n1667:
	(4,16) 2
	[0,0] 0
n1666:
	(4,21) 2
	[0,0] 0
n1665:
	(4,17) 2
	[0,0] 0
n1664:
	(4,15) 2
	[0,0] 0
n1663:
	(4,20) 2
	[0,0] 0
n1662:
	(4,16) 2
	[0,0] 0
n1661:
	(4,22) 2
	[0,0] 0
n1660:
	(4,19) 2
	[0,0] 0
n1659:
	(4,19) 2
	[0,0] 0
n1658:
	(4,18) 2
	[0,0] 0
n1657:
	(4,20) 2
	[0,0] 0
n1656:
	(4,16) 2
	[0,0] 0
n1655:
	(4,17) 2
	[0,0] 0
n1654:
	(4,19) 2
	[0,0] 0
n1653:
	(4,20) 2
	[0,0] 0
n1652:
	(4,18) 2
	[0,0] 0
n1651:
	(4,20) 2
	[0,0] 0
n1650:
	(4,19) 2
	[0,0] 0
n1649:
	(4,21) 2
	[0,0] 0
n1648:
	(4,16) 2
	[0,0] 0
n1647:
	(5,23) 2
	[0,0] 0
n1646:
	(4,17) 2
	[0,0] 0
n1645:
	(5,21) 2
	[0,0] 0
n1644:
	(4,20) 2
	[0,0] 0
n1643:
	(4,19) 2
	[0,0] 0
n1642:
	(4,20) 2
	[0,0] 0
n1641:
	(4,21) 2
	[0,0] 0
n1640:
	(4,17) 2
	[0,0] 0
n1639:
	(4,20) 2
	[0,0] 0
n1638:
	(4,17) 2
	[0,0] 0
n1637:
	(5,22) 2
	[0,0] 0
n1636:
	(4,21) 2
	[0,0] 0
n1635:
	(4,21) 2
	[0,0] 0
n1634:
	(4,22) 2
	[0,0] 0
n1633:
	(4,20) 2
	[0,0] 0
n1632:
	(4,18) 2
	[0,0] 0
n1631:
	(4,16) 2
	[0,0] 0
n2375:
	(10,3) 22
	[0,0] 0
n1768:
	(11,2) 12
	[0,0] 0
n11:
	(7,7) 0
	[0,0] 0
n1629:
	(6,6) 27
	[0,0] 0
n1627:
	(6,6) 46
	[0,0] 0
n1625:
	(6,6) 48
	[0,0] 0
n1623:
	(7,7) 213
	[0,0] 0
n1621:
	(6,6) 43
	[0,0] 0
n1619:
	(6,6) 58
	[0,0] 0
n1617:
	(7,7) 213
	[0,0] 0
n1615:
	(6,6) 41
	[0,0] 0
n1612:
	(6,6) 43
	[0,0] 0
n1610:
	(6,6) 41
	[0,0] 0
n1608:
	(6,6) 27
	[0,0] 0
n1605:
	(6,6) 27
	[0,0] 0
n1603:
	(6,6) 56
	[0,0] 0
n1601:
	(6,6) 27
	[0,0] 0
n1599:
	(6,6) 58
	[0,0] 0
n1597:
	(6,6) 56
	[0,0] 0
n1595:
	(8,8) 163
	[0,0] 0
n1593:
	(10,10) 163
	[0,0] 0
n1591:
	(6,6) 43
	[0,0] 0
n1588:
	(6,6) 27
	[0,0] 0
n1586:
	(7,7) 213
	[0,0] 0
n1584:
	(6,6) 27
	[0,0] 0
n1582:
	(6,6) 56
	[0,0] 0
n1580:
	(6,6) 27
	[0,0] 0
n1578:
	(6,6) 52
	[0,0] 0
n1564:
	(5,19) 29
	[0,0] 0
n1563:
	(5,19) 44
	[0,0] 0
n1562:
	(5,19) 29
	[0,0] 0
n1561:
	(5,19) 29
	[0,0] 0
n1560:
	(5,19) 34
	[0,0] 0
n1559:
	(5,19) 38
	[0,0] 0
n1558:
	(4,17) 14
	[0,0] 0
n1557:
	(4,17) 45
	[0,0] 0
n1556:
	(4,15) 14
	[0,0] 0
n1555:
	(4,17) 14
	[0,0] 0
n1554:
	(4,17) 43
	[0,0] 0
n1553:
	(4,17) 43
	[0,0] 0
n1552:
	(4,17) 45
	[0,0] 0
n1551:
	(4,17) 30
	[0,0] 0
n1550:
	(4,17) 45
	[0,0] 0
n1549:
	(4,17) 39
	[0,0] 0
n1548:
	(4,17) 28
	[0,0] 0
n1547:
	(4,17) 8
	[0,0] 0
n1546:
	(4,17) 33
	[0,0] 0
n1545:
	(4,17) 39
	[0,0] 0
n1544:
	(4,17) 30
	[0,0] 0
n1543:
	(4,17) 28
	[0,0] 0
n1542:
	(4,17) 8
	[0,0] 0
n1541:
	(4,17) 33
	[0,0] 0
n1540:
	(4,17) 8
	[0,0] 0
n1539:
	(4,17) 8
	[0,0] 0
n1538:
	(4,17) 8
	[0,0] 0
n1537:
	(4,17) 8
	[0,0] 0
n1536:
	(4,17) 30
	[0,0] 0
n1535:
	(4,17) 8
	[0,0] 0
n1534:
	(4,17) 35
	[0,0] 0
n1533:
	(4,17) 8
	[0,0] 0
n1532:
	(4,15) 14
	[0,0] 0
n1531:
	(4,17) 14
	[0,0] 0
n1530:
	(4,17) 14
	[0,0] 0
n1529:
	(4,17) 14
	[0,0] 0
n1528:
	(4,17) 43
	[0,0] 0
n1527:
	(4,17) 14
	[0,0] 0
n1526:
	(6,8) 254
	[0,0] 0
n1525:
	(6,8) 254
	[0,0] 0
n1524:
	(5,8) 255
	[0,0] 0
n1523:
	(13,7) 43
	[0,0] 0
n1522:
	(5,8) 255
	[0,0] 0
n1521:
	(56,81) 104
	[0,0] 0
n1520:
	(5,5) 255
	[0,0] 0
n1519:
	(6,8) 254
	[0,0] 0
n1518:
	(6,8) 136
	[0,0] 0
n1517:
	(7,8) 135
	[0,0] 0
n1516:
	(5,8) 137
	[0,0] 0
n1515:
	(6,8) 136
	[0,0] 0
n1514:
	(5,8) 255
	[0,0] 0
n1513:
	(6,8) 254
	[0,0] 0
n1512:
	(7,8) 253
	[0,0] 0
n1511:
	(7,8) 253
	[0,0] 0
n1510:
	(6,8) 254
	[0,0] 0
n1509:
	(6,8) 254
	[0,0] 0
n1508:
	(6,8) 254
	[0,0] 0
n1507:
	(7,8) 253
	[0,0] 0
n1506:
	(5,8) 255
	[0,0] 0
n1505:
	(6,8) 254
	[0,0] 0
n1504:
	(5,8) 255
	[0,0] 0
n1503:
	(6,8) 254
	[0,0] 0
n1502:
	(7,8) 253
	[0,0] 0
n1501:
	(6,8) 254
	[0,0] 0
n1500:
	(6,8) 254
	[0,0] 0
n1499:
	(6,8) 254
	[0,0] 0
n1498:
	(7,8) 253
	[0,0] 0
n1497:
	(6,8) 254
	[0,0] 0
n1496:
	(6,8) 254
	[0,0] 0
n1495:
	(7,8) 253
	[0,0] 0
n1494:
	(6,8) 254
	[0,0] 0
n1493:
	(5,8) 255
	[0,0] 0
n1492:
	(5,5) 255
	[0,0] 0
n1491:
	(7,7) 253
	[0,0] 0
n1490:
	(7,7) 135
	[0,0] 0
n1489:
	(7,7) 135
	[0,0] 0
n1488:
	(7,7) 253
	[0,0] 0
n1487:
	(7,7) 135
	[0,0] 0
n1486:
	(7,7) 253
	[0,0] 0
n1485:
	(7,7) 135
	[0,0] 0
n1484:
	(11,11) 65
	[0,0] 0
n1483:
	(11,11) 65
	[0,0] 0
n1482:
	(11,11) 71
	[0,0] 0
n1481:
	(7,7) 64
	[0,0] 0
n1480:
	(7,7) 67
	[0,0] 0
n1479:
	(7,7) 67
	[0,0] 0
n1630:
	(6,6) 1
	[0,0] 0
n1478:
	(11,11) 71
	[0,0] 0
n1477:
	(11,11) 71
	[0,0] 0
n1476:
	(7,7) 48
	[0,0] 0
n1475:
	(11,11) 69
	[0,0] 0
n1474:
	(7,7) 51
	[0,0] 0
n1473:
	(7,7) 46
	[0,0] 0
n1472:
	(7,7) 46
	[0,0] 0
n1471:
	(7,7) 64
	[0,0] 0
n1470:
	(5,5) 67
	[0,0] 0
n1469:
	(11,11) 71
	[0,0] 0
n1468:
	(11,11) 69
	[0,0] 0
n1467:
	(5,5) 67
	[0,0] 0
n1628:
	(5,5) 28
	[0,0] 0
n1626:
	(5,5) 47
	[0,0] 0
n1624:
	(5,5) 49
	[0,0] 0
n1622:
	(6,6) 27
	[0,0] 0
n1620:
	(5,5) 44
	[0,0] 0
n1618:
	(5,5) 59
	[0,0] 0
n1616:
	(6,6) 52
	[0,0] 0
n1614:
	(5,5) 42
	[0,0] 0
n1613:
	(6,6) 46
	[0,0] 0
n1611:
	(5,5) 44
	[0,0] 0
n1609:
	(5,5) 42
	[0,0] 0
n1607:
	(5,5) 28
	[0,0] 0
n1606:
	(9,9) 58
	[0,0] 0
n1604:
	(5,5) 28
	[0,0] 0
n1602:
	(5,5) 57
	[0,0] 0
n1600:
	(5,5) 28
	[0,0] 0
n1598:
	(5,5) 59
	[0,0] 0
n1596:
	(5,5) 57
	[0,0] 0
n1594:
	(7,7) 46
	[0,0] 0
n1592:
	(9,9) 52
	[0,0] 0
n1590:
	(5,5) 44
	[0,0] 0
n1589:
	(7,7) 43
	[0,0] 0
n1587:
	(5,5) 28
	[0,0] 0
n1585:
	(6,6) 58
	[0,0] 0
n1583:
	(5,5) 28
	[0,0] 0
n1581:
	(5,5) 57
	[0,0] 0
n1579:
	(5,5) 28
	[0,0] 0
n1577:
	(5,5) 53
	[0,0] 0
n1576:
	(5,5) 46
	[0,0] 0
n1575:
	(5,5) 48
	[0,0] 0
n1574:
	(5,5) 50
	[0,0] 0
n1573:
	(5,5) 51
	[0,0] 0
n1572:
	(5,5) 48
	[0,0] 0
n1571:
	(5,5) 48
	[0,0] 0
n1570:
	(5,5) 43
	[0,0] 0
n1569:
	(5,5) 43
	[0,0] 0
n1568:
	(5,5) 46
	[0,0] 0
n1567:
	(5,5) 53
	[0,0] 0
n1566:
	(5,5) 45
	[0,0] 0
n1565:
	(5,5) 45
	[0,0] 0
n1455:
	(13,4) 32
	[0,0] 0
n1453:
	(7,133) 153
	[0,0] 0
n1452:
	(3,7) 257
	[0,0] 0
n1451:
	(3,7) 257
	[0,0] 0
n1450:
	(3,7) 257
	[0,0] 0
n1449:
	(3,7) 257
	[0,0] 0
n1448:
	(3,7) 257
	[0,0] 0
n1447:
	(3,7) 257
	[0,0] 0
n1446:
	(3,7) 257
	[0,0] 0
n1445:
	(3,7) 257
	[0,0] 0
n1444:
	(3,7) 257
	[0,0] 0
n1443:
	(3,7) 257
	[0,0] 0
n1442:
	(3,7) 257
	[0,0] 0
n1441:
	(3,7) 257
	[0,0] 0
n1440:
	(3,7) 257
	[0,0] 0
n1439:
	(9,3) 14
	[0,0] 0
n1438:
	(3,7) 257
	[0,0] 0
n1437:
	(3,7) 257
	[0,0] 0
n1436:
	(3,7) 257
	[0,0] 0
n1435:
	(3,7) 257
	[0,0] 0
n1434:
	(3,7) 257
	[0,0] 0
n1433:
	(3,7) 257
	[0,0] 0
n1432:
	(3,7) 139
	[0,0] 0
n1431:
	(3,7) 139
	[0,0] 0
n1430:
	(3,7) 257
	[0,0] 0
n1429:
	(3,7) 139
	[0,0] 0
n1428:
	(9,5) 140
	[0,0] 0
n1427:
	(13,6) 129
	[0,0] 0
n1426:
	(14,72) 133
	[0,0] 0
n1425:
	(11,6) 131
	[0,0] 0
n1424:
	(10,5) 139
	[0,0] 0
n1423:
	(14,19) 2826
	[0,0] 0
n1422:
	(11,6) 138
	[0,0] 0
n1421:
	(13,118) 134
	[0,0] 0
n1420:
	(13,20) 134
	[0,0] 0
n1419:
	(14,63) 133
	[0,0] 0
n1418:
	(10,5) 139
	[0,0] 0
n1466:
	(13,4) 231
	[0,0] 0
n1465:
	(8,3) 9
	[0,0] 0
n1464:
	(9,3) 9
	[0,0] 0
n1463:
	(11,4) 9
	[0,0] 0
n1462:
	(10,3) 9
	[0,0] 0
n1461:
	(10,3) 9
	[0,0] 0
n1460:
	(10,3) 9
	[0,0] 0
n1459:
	(9,3) 9
	[0,0] 0
n1458:
	(9,3) 9
	[0,0] 0
n1457:
	(12,3) 56
	[0,0] 0
n1456:
	(11,3) 40
	[0,0] 0
n1454:
	(3,12) 33
	[0,0] 0
n1417:
	(6,3) 26
	[0,0] 0
n1413:
	(13,4) 12
	[0,0] 0
n1410:
	(2,7) 258
	[0,0] 0
n1409:
	(3,7) 257
	[0,0] 0
n1408:
	(3,7) 257
	[0,0] 0
n1407:
	(3,7) 257
	[0,0] 0
n1406:
	(3,7) 257
	[0,0] 0
n1405:
	(3,7) 257
	[0,0] 0
n1404:
	(3,7) 139
	[0,0] 0
n1403:
	(3,7) 257
	[0,0] 0
n1402:
	(3,7) 257
	[0,0] 0
n1401:
	(2,7) 258
	[0,0] 0
n1400:
	(2,7) 258
	[0,0] 0
n1399:
	(2,7) 258
	[0,0] 0
n1398:
	(8,5) 134
	[0,0] 0
n1397:
	(988,2) 1852
	[0,0] 0
n1396:
	(903,541) 1937
	[0,0] 0
n1395:
	(8,2) 139
	[0,0] 0
n1394:
	(73,3) 87
	[0,0] 0
n1393:
	(2,7) 140
	[0,0] 0
n1392:
	(2,7) 140
	[0,0] 0
n1391:
	(2,7) 258
	[0,0] 0
n1390:
	(2,7) 258
	[0,0] 0
n1389:
	(2,7) 258
	[0,0] 0
n1388:
	(2,7) 258
	[0,0] 0
n1387:
	(2,7) 258
	[0,0] 0
n1386:
	(2,7) 258
	[0,0] 0
n1385:
	(2,7) 258
	[0,0] 0
n1384:
	(2,7) 258
	[0,0] 0
n1383:
	(2,7) 258
	[0,0] 0
n1382:
	(2,7) 258
	[0,0] 0
n1381:
	(2,7) 140
	[0,0] 0
n1380:
	(2,7) 258
	[0,0] 0
n1379:
	(2,7) 258
	[0,0] 0
n1378:
	(2,7) 258
	[0,0] 0
n1377:
	(2,7) 140
	[0,0] 0
n1376:
	(2,7) 258
	[0,0] 0
n1375:
	(2,7) 258
	[0,0] 0
n1374:
	(2,7) 258
	[0,0] 0
n1373:
	(2,7) 258
	[0,0] 0
n1372:
	(2,7) 258
	[0,0] 0
n1371:
	(2,7) 258
	[0,0] 0
n1370:
	(2,7) 258
	[0,0] 0
n1369:
	(2,7) 258
	[0,0] 0
n1368:
	(2,7) 258
	[0,0] 0
n1367:
	(2,7) 258
	[0,0] 0
n1416:
	(2,5) 5
	[0,0] 0
n1415:
	(12,3) 36
	[0,0] 0
n1414:
	(13,4) 20
	[0,0] 0
n1412:
	(3,12) 13
	[0,0] 0
n1411:
	(11,3) 14
	[0,0] 0
n1366:
	(5,5) 42
	[0,0] 0
n1364:
	(5,5) 26
	[0,0] 0
n1361:
	(81,49) 15
	[0,0] 0
n1351:
	(7,4) 26
	[0,0] 0
n1349:
	(5,5) 26
	[0,0] 0
n1347:
	(5,5) 26
	[0,0] 0
n1344:
	(5,5) 52
	[0,0] 0
n1342:
	(5,5) 43
	[0,0] 0
n1341:
	(5,5) 43
	[0,0] 0
n1339:
	(5,5) 57
	[0,0] 0
n1336:
	(5,5) 55
	[0,0] 0
n1333:
	(5,5) 43
	[0,0] 0
n1331:
	(5,5) 51
	[0,0] 0
n1330:
	(5,5) 137
	[0,0] 0
n1329:
	(7,5) 135
	[0,0] 0
n1328:
	(3,6) 7
	[0,0] 0
n1327:
	(6,3) 141
	[0,0] 0
n1326:
	(6,153) 141
	[0,0] 0
n1325:
	(6,524) 2834
	[0,0] 0
n1324:
	(6,117) 141
	[0,0] 0
n1323:
	(5,56) 142
	[0,0] 0
n1322:
	(7,19) 140
	[0,0] 0
n1321:
	(5,113) 142
	[0,0] 0
n1320:
	(6,62) 141
	[0,0] 0
n1319:
	(7,197) 140
	[0,0] 0
n1318:
	(7,71) 140
	[0,0] 0
n1317:
	(5,5) 137
	[0,0] 0
n1316:
	(7,40) 16
	[0,0] 0
n1315:
	(6,137) 141
	[0,0] 0
n1314:
	(5,5) 137
	[0,0] 0
n1313:
	(5,5) 144
	[0,0] 0
n1312:
	(5,5) 144
	[0,0] 0
n1311:
	(5,5) 144
	[0,0] 0
n1310:
	(5,5) 137
	[0,0] 0
n1309:
	(7,18) 2833
	[0,0] 0
n1308:
	(5,5) 137
	[0,0] 0
n1307:
	(5,5) 144
	[0,0] 0
n1306:
	(4,4) 145
	[0,0] 0
n1305:
	(4,4) 145
	[0,0] 0
n1304:
	(4,4) 145
	[0,0] 0
n1303:
	(4,4) 145
	[0,0] 0
n1302:
	(99,7) 187
	[0,0] 0
n1301:
	(3,3) 47
	[0,0] 0
n1300:
	(3,3) 50
	[0,0] 0
n1299:
	(3,3) 30
	[0,0] 0
n1298:
	(3,3) 30
	[0,0] 0
n1297:
	(3,3) 50
	[0,0] 0
n1296:
	(3,3) 48
	[0,0] 0
n1295:
	(3,3) 30
	[0,0] 0
n1294:
	(3,3) 30
	[0,0] 0
n1293:
	(3,3) 30
	[0,0] 0
n1292:
	(3,3) 30
	[0,0] 0
n1291:
	(3,3) 55
	[0,0] 0
n1290:
	(3,3) 59
	[0,0] 0
n1289:
	(3,3) 30
	[0,0] 0
n1365:
	(4,4) 43
	[0,0] 0
n1363:
	(4,4) 27
	[0,0] 0
n1362:
	(48,80) 16
	[0,0] 0
n1360:
	(3,3) 26
	[0,0] 0
n1359:
	(3,3) 26
	[0,0] 0
n1358:
	(5,3) 13
	[0,0] 0
n1357:
	(5,5) 53
	[0,0] 0
n1356:
	(7,3) 36
	[0,0] 0
n1355:
	(6,2) 37
	[0,0] 0
n1354:
	(4,2) 13
	[0,0] 0
n1353:
	(5,5) 26
	[0,0] 0
n1352:
	(6,2) 17
	[0,0] 0
n1350:
	(3,6) 4
	[0,0] 0
n1348:
	(4,4) 27
	[0,0] 0
n1346:
	(4,4) 27
	[0,0] 0
n1345:
	(4,4) 53
	[0,0] 0
n1343:
	(4,4) 44
	[0,0] 0
n1340:
	(4,4) 44
	[0,0] 0
n1338:
	(4,4) 58
	[0,0] 0
n1337:
	(5,5) 48
	[0,0] 0
n1335:
	(4,4) 56
	[0,0] 0
n1334:
	(4,4) 44
	[0,0] 0
n1332:
	(4,4) 52
	[0,0] 0
n1288:
	(5,5) 42
	[0,0] 0
n1286:
	(5,5) 20
	[0,0] 0
n1284:
	(5,5) 26
	[0,0] 0
n1282:
	(5,5) 20
	[0,0] 0
n1280:
	(5,5) 20
	[0,0] 0
n1278:
	(5,5) 20
	[0,0] 0
n1276:
	(5,5) 47
	[0,0] 0
n1274:
	(5,5) 42
	[0,0] 0
n1266:
	(5,5) 40
	[0,0] 0
n1264:
	(5,5) 26
	[0,0] 0
n1262:
	(5,5) 20
	[0,0] 0
n1260:
	(5,5) 20
	[0,0] 0
n1258:
	(5,5) 40
	[0,0] 0
n1255:
	(5,5) 45
	[0,0] 0
n1253:
	(5,5) 20
	[0,0] 0
n1251:
	(5,5) 20
	[0,0] 0
n1249:
	(29,29) 118
	[0,0] 0
n1248:
	(884,884) 1956
	[0,0] 0
n1247:
	(900,900) 1940
	[0,0] 0
n1246:
	(986,986) 1854
	[0,0] 0
n1245:
	(3,3) 61
	[0,0] 0
n1244:
	(3,3) 50
	[0,0] 0
n1243:
	(3,3) 69
	[0,0] 0
n1242:
	(3,3) 71
	[0,0] 0
n1241:
	(3,3) 48
	[0,0] 0
n1240:
	(3,3) 50
	[0,0] 0
n1239:
	(3,3) 71
	[0,0] 0
n1238:
	(3,3) 71
	[0,0] 0
n1237:
	(3,3) 71
	[0,0] 0
n1236:
	(3,3) 68
	[0,0] 0
n1235:
	(3,3) 68
	[0,0] 0
n1234:
	(3,3) 68
	[0,0] 0
n1233:
	(3,3) 55
	[0,0] 0
n1232:
	(3,3) 50
	[0,0] 0
n1231:
	(3,3) 50
	[0,0] 0
n1230:
	(3,3) 69
	[0,0] 0
n1229:
	(3,3) 68
	[0,0] 0
n1228:
	(3,3) 49
	[0,0] 0
n1227:
	(3,3) 61
	[0,0] 0
n1226:
	(3,3) 59
	[0,0] 0
n1225:
	(3,3) 45
	[0,0] 0
n1224:
	(3,3) 64
	[0,0] 0
n1223:
	(3,3) 47
	[0,0] 0
n1222:
	(3,3) 53
	[0,0] 0
n1221:
	(3,3) 59
	[0,0] 0
n1220:
	(3,3) 50
	[0,0] 0
n1219:
	(3,3) 55
	[0,0] 0
n1218:
	(3,3) 52
	[0,0] 0
n1217:
	(3,3) 45
	[0,0] 0
n1216:
	(3,3) 51
	[0,0] 0
n1215:
	(3,3) 46
	[0,0] 0
n1214:
	(3,3) 44
	[0,0] 0
n1213:
	(3,3) 46
	[0,0] 0
n1212:
	(3,3) 46
	[0,0] 0
n1211:
	(3,3) 47
	[0,0] 0
n1210:
	(3,3) 49
	[0,0] 0
n1209:
	(3,3) 44
	[0,0] 0
n1208:
	(3,3) 69
	[0,0] 0
n1287:
	(4,4) 43
	[0,0] 0
n1285:
	(4,4) 21
	[0,0] 0
n1283:
	(4,4) 27
	[0,0] 0
n1281:
	(4,4) 21
	[0,0] 0
n1279:
	(4,4) 21
	[0,0] 0
n1277:
	(4,4) 21
	[0,0] 0
n1275:
	(4,4) 48
	[0,0] 0
n1273:
	(4,4) 43
	[0,0] 0
n1272:
	(5,5) 50
	[0,0] 0
n1271:
	(3,3) 55
	[0,0] 0
n1270:
	(3,3) 50
	[0,0] 0
n1269:
	(3,3) 30
	[0,0] 0
n1268:
	(3,3) 47
	[0,0] 0
n1267:
	(3,3) 52
	[0,0] 0
n1265:
	(4,4) 41
	[0,0] 0
n1263:
	(4,4) 27
	[0,0] 0
n1261:
	(4,4) 21
	[0,0] 0
n1259:
	(4,4) 21
	[0,0] 0
n1257:
	(4,4) 41
	[0,0] 0
n1256:
	(5,5) 45
	[0,0] 0
n1254:
	(4,4) 46
	[0,0] 0
n1252:
	(4,4) 21
	[0,0] 0
n1250:
	(4,4) 21
	[0,0] 0
n1206:
	(66,8) 220
	[0,0] 0
n1198:
	(2,523) 2838
	[0,0] 0
n1197:
	(3,89) 144
	[0,0] 0
n1196:
	(2,213) 145
	[0,0] 0
n1195:
	(2,18) 145
	[0,0] 0
n1194:
	(7,38) 49
	[0,0] 0
n1193:
	(2,4) 147
	[0,0] 0
n1192:
	(2,194) 2838
	[0,0] 0
n1191:
	(2,540) 2838
	[0,0] 0
n1190:
	(2,210) 145
	[0,0] 0
n1188:
	(2,228) 145
	[0,0] 0
n1187:
	(2,162) 145
	[0,0] 0
n1186:
	(2,112) 145
	[0,0] 0
n1185:
	(2,55) 145
	[0,0] 0
n1184:
	(2,61) 145
	[0,0] 0
n1183:
	(3,136) 144
	[0,0] 0
n1182:
	(2,4) 140
	[0,0] 0
n1181:
	(2,4) 140
	[0,0] 0
n1180:
	(4,2) 19
	[0,0] 0
n1179:
	(2,227) 145
	[0,0] 0
n1178:
	(2,152) 145
	[0,0] 0
n1177:
	(2,365) 2838
	[0,0] 0
n1176:
	(2,4) 147
	[0,0] 0
n1175:
	(2,4) 147
	[0,0] 0
n1207:
	(5,3) 14
	[0,0] 0
n1205:
	(7,65) 16
	[0,0] 0
n1204:
	(4,2) 14
	[0,0] 0
n1203:
	(2,5) 15
	[0,0] 0
n1202:
	(4,2) 39
	[0,0] 0
n1201:
	(4,2) 14
	[0,0] 0
n1200:
	(4,2) 21
	[0,0] 0
n1199:
	(5,3) 20
	[0,0] 0
n1172:
	(3,70) 144
	[0,0] 0
n1171:
	(2,4) 140
	[0,0] 0
n1170:
	(2,4) 140
	[0,0] 0
n1169:
	(2,4) 147
	[0,0] 0
n1168:
	(2,4) 140
	[0,0] 0
n1167:
	(2,4) 140
	[0,0] 0
n1166:
	(2,4) 140
	[0,0] 0
n1165:
	(2,4) 140
	[0,0] 0
n1164:
	(3,194) 2837
	[0,0] 0
n1163:
	(3,18) 144
	[0,0] 0
n1162:
	(2,4) 140
	[0,0] 0
n1161:
	(2,4) 147
	[0,0] 0
n1160:
	(3,206) 144
	[0,0] 0
n1159:
	(2,4) 140
	[0,0] 0
n1158:
	(2,4) 140
	[0,0] 0
n1157:
	(2,4) 147
	[0,0] 0
n1156:
	(3,208) 144
	[0,0] 0
n1155:
	(3,17) 2837
	[0,0] 0
n1154:
	(2,4) 147
	[0,0] 0
n1153:
	(2,4) 140
	[0,0] 0
n1152:
	(3,522) 2837
	[0,0] 0
n1151:
	(3,196) 144
	[0,0] 0
n1150:
	(3,116) 144
	[0,0] 0
n1149:
	(2,4) 140
	[0,0] 0
n1148:
	(3,161) 144
	[0,0] 0
n1147:
	(2,4) 140
	[0,0] 0
n1146:
	(2,4) 147
	[0,0] 0
n1145:
	(3,537) 2837
	[0,0] 0
n1144:
	(3,207) 144
	[0,0] 0
n1143:
	(3,2) 144
	[0,0] 0
n1142:
	(3,2) 144
	[0,0] 0
n1174:
	(3,2) 14
	[0,0] 0
n1173:
	(3,2) 7
	[0,0] 0
n1141:
	(33,6) 253
	[0,0] 0
n1140:
	(32,6) 254
	[0,0] 0
n1139:
	(32,6) 24
	[0,0] 0
n1138:
	(32,6) 49
	[0,0] 0
n1137:
	(52,47) 16
	[0,0] 0
n1136:
	(2,2) 13
	[0,0] 0
n1135:
	(208,194) 58
	[0,0] 0
n1134:
	(2,2) 13
	[0,0] 0
n1133:
	(2,2) 13
	[0,0] 0
n1132:
	(225,205) 56
	[0,0] 0
n1131:
	(2,2) 13
	[0,0] 0
n1130:
	(53,87) 46
	[0,0] 0
n1129:
	(2,2) 13
	[0,0] 0
n1128:
	(901,898) 56
	[0,0] 0
n1127:
	(226,204) 52
	[0,0] 0
n1126:
	(2,2) 13
	[0,0] 0
n1125:
	(27,37) 58
	[0,0] 0
n1124:
	(2,2) 21
	[0,0] 0
n1123:
	(2,2) 16
	[0,0] 0
n1122:
	(2,2) 19
	[0,0] 0
n1121:
	(2,2) 19
	[0,0] 0
n1120:
	(2,2) 19
	[0,0] 0
n1119:
	(2,2) 19
	[0,0] 0
n1118:
	(2,2) 11
	[0,0] 0
n1117:
	(10,3) 11
	[0,0] 0
n1116:
	(11,11) 11
	[0,0] 0
n1115:
	(9,4) 11
	[0,0] 0
n1114:
	(7,8) 11
	[0,0] 0
n1113:
	(2,2) 43
	[0,0] 0
n1112:
	(2,2) 43
	[0,0] 0
n1111:
	(2,2) 29
	[0,0] 0
n1110:
	(2,2) 29
	[0,0] 0
n1109:
	(2,2) 48
	[0,0] 0
n1108:
	(2,2) 23
	[0,0] 0
n1107:
	(2,2) 56
	[0,0] 0
n1106:
	(2,2) 48
	[0,0] 0
n1105:
	(2,2) 23
	[0,0] 0
n1104:
	(2,2) 58
	[0,0] 0
n1103:
	(2,2) 43
	[0,0] 0
n1102:
	(2,2) 43
	[0,0] 0
n1101:
	(2,2) 23
	[0,0] 0
n1100:
	(2,2) 23
	[0,0] 0
n1099:
	(2,2) 52
	[0,0] 0
n1098:
	(2,2) 50
	[0,0] 0
n1097:
	(2,2) 23
	[0,0] 0
n1096:
	(2,2) 56
	[0,0] 0
n1095:
	(2,2) 35
	[0,0] 0
n1094:
	(2,2) 33
	[0,0] 0
n1093:
	(2,2) 35
	[0,0] 0
n1092:
	(2,2) 35
	[0,0] 0
n1091:
	(2,2) 33
	[0,0] 0
n1090:
	(2,2) 38
	[0,0] 0
n1089:
	(2,2) 40
	[0,0] 0
n1088:
	(2,2) 48
	[0,0] 0
n1087:
	(2,2) 48
	[0,0] 0
n1086:
	(2,2) 58
	[0,0] 0
n1085:
	(2,2) 44
	[0,0] 0
n1084:
	(2,2) 50
	[0,0] 0
n1083:
	(2,2) 50
	[0,0] 0
n1082:
	(2,2) 48
	[0,0] 0
n1081:
	(3,5) 17
	[0,0] 0
n1080:
	(54,28) 16
	[0,0] 0
n1079:
	(2,2) 16
	[0,0] 0
n1078:
	(49,67) 17
	[0,0] 0
n1077:
	(48,37) 16
	[0,0] 0
n1076:
	(2,2) 41
	[0,0] 0
n1075:
	(2,2) 13
	[0,0] 0
n1074:
	(16,16) 52
	[0,0] 0
n1073:
	(987,984) 58
	[0,0] 0
n1072:
	(150,134) 48
	[0,0] 0
n1071:
	(978,882) 56
	[0,0] 0
n1070:
	(2,2) 13
	[0,0] 0
n1069:
	(110,114) 58
	[0,0] 0
n1068:
	(59,68) 56
	[0,0] 0
n1067:
	(521,15) 56
	[0,0] 0
n1066:
	(363,520) 58
	[0,0] 0
n1065:
	(160,159) 56
	[0,0] 0
n1064:
	(211,206) 46
	[0,0] 0
n1063:
	(192,192) 52
	[0,0] 0
n1062:
	(538,535) 58
	[0,0] 0
n1061:
	(2,2) 16
	[0,0] 0
n1060:
	(2,2) 8
	[0,0] 0
n1059:
	(2,2) 19
	[0,0] 0
n1058:
	(2,2) 19
	[0,0] 0
n1057:
	(2,2) 19
	[0,0] 0
n1056:
	(2,2) 19
	[0,0] 0
n1055:
	(2,2) 19
	[0,0] 0
n1054:
	(7,4) 11
	[0,0] 0
n1053:
	(10,8) 11
	[0,0] 0
n1052:
	(10,4) 11
	[0,0] 0
n1051:
	(6,3) 11
	[0,0] 0
n1050:
	(2,2) 54
	[0,0] 0
n1049:
	(2,2) 29
	[0,0] 0
n1048:
	(2,2) 23
	[0,0] 0
n1047:
	(2,2) 23
	[0,0] 0
n1046:
	(2,2) 46
	[0,0] 0
n1045:
	(2,2) 29
	[0,0] 0
n1044:
	(2,2) 29
	[0,0] 0
n1043:
	(2,2) 29
	[0,0] 0
n1042:
	(2,2) 23
	[0,0] 0
n1041:
	(2,2) 45
	[0,0] 0
n1040:
	(2,2) 29
	[0,0] 0
n1039:
	(2,2) 29
	[0,0] 0
n1038:
	(2,2) 58
	[0,0] 0
n1037:
	(2,2) 58
	[0,0] 0
n1036:
	(2,2) 38
	[0,0] 0
n1035:
	(2,2) 56
	[0,0] 0
n1034:
	(2,2) 43
	[0,0] 0
n1033:
	(2,2) 43
	[0,0] 0
n1032:
	(2,2) 44
	[0,0] 0
n1031:
	(2,2) 58
	[0,0] 0
n1030:
	(2,2) 58
	[0,0] 0
n1029:
	(2,2) 48
	[0,0] 0
n1028:
	(2,2) 50
	[0,0] 0
n1027:
	(2,2) 48
	[0,0] 0
n1026:
	(9,9) 204
	[0,0] 0
n2398:
	(180,175) 18
	[0,0] 0
n2412:
	(42,221) 14
	[0,0] 0
n2413:
	(206,186) 18
	[0,0] 0
n54:
	(134,139) 59
	[0,0] 0
n53:
	(73,227) 125
	[0,0] 0
n52:
	(134,114) 90
	[0,0] 0
n2414:
	(175,175) 18
	[0,0] 0
n51:
	(48,152) 156
	[0,0] 0
n50:
	(178,72) 174
	[0,0] 0
n49:
	(71,177) 133
	[0,0] 0
n48:
	(65,133) 133
	[0,0] 0
n47:
	(65,47) 243
	[0,0] 0
n46:
	(46,64) 220
	[0,0] 0
n45:
	(106,106) 204
	[0,0] 0
n44:
	(105,105) 88
	[0,0] 0
n43:
	(44,81) 240
	[0,0] 0
n42:
	(86,87) 222
	[0,0] 0
n41:
	(86,85) 180
	[0,0] 0
n40:
	(86,41) 149
	[0,0] 0
n39:
	(40,85) 150
	[0,0] 0
n38:
	(70,70) 240
	[0,0] 0
n37:
	(69,69) 124
	[0,0] 0
n36:
	(62,62) 259
	[0,0] 0
n35:
	(61,61) 132
	[0,0] 0
n34:
	(38,39) 197
	[0,0] 0
n33:
	(46,47) 189
	[0,0] 0
n32:
	(19,37) 217
	[0,0] 0
n31:
	(19,45) 217
	[0,0] 0
n30:
	(43,43) 150
	[0,0] 0
n29:
	(43,43) 150
	[0,0] 0
n28:
	(43,43) 150
	[0,0] 0
n27:
	(19,45) 265
	[0,0] 0
n26:
	(19,45) 217
	[0,0] 0
n25:
	(27,53) 209
	[0,0] 0
n24:
	(26,51) 236
	[0,0] 0
n23:
	(18,43) 303
	[0,0] 0
n22:
	(18,43) 236
	[0,0] 0
n21:
	(18,18) 236
	[0,0] 0
n20:
	(26,26) 284
	[0,0] 0
n19:
	(26,26) 236
	[0,0] 0
n18:
	(18,18) 292
	[0,0] 0
n17:
	(18,18) 244
	[0,0] 0
n16:
	(26,26) 236
	[0,0] 0
n15:
	(26,26) 236
	[0,0] 0
n14:
	(18,18) 244
	[0,0] 0
n2408:
	(46,51) 17
	[0,0] 0
n2407:
	(36,47) 17
	[0,0] 0
n2409:
	(27,53) 17
	[0,0] 0
n67:
	(30,35) 34
	[0,0] 0
n66:
	(34,29) 34
	[0,0] 0
n65:
	(21,47) 42
	[0,0] 0
n64:
	(46,20) 24
	[0,0] 0
n63:
	(16,69) 47
	[0,0] 0
n62:
	(34,15) 82
	[0,0] 0
n61:
	(39,13) 31
	[0,0] 0
n60:
	(34,15) 82
	[0,0] 0
n59:
	(7,66) 90
	[0,0] 0
n58:
	(7,34) 90
	[0,0] 0
n57:
	(7,33) 90
	[0,0] 0
n56:
	(7,33) 56
	[0,0] 0
n55:
	(7,33) 90
	[0,0] 0
n2395:
	(86,52) 47
	[0,0] 0
n2394:
	(133,149) 49
	[0,0] 0
n526:
	(66,113) 67
	[0,0] 0
n525:
	(96,155) 84
	[0,0] 0
n2393:
	(205,210) 47
	[0,0] 0
n2392:
	(203,225) 53
	[0,0] 0
n524:
	(106,156) 133
	[0,0] 0
n523:
	(113,273) 139
	[0,0] 0
n522:
	(112,172) 144
	[0,0] 0
n2391:
	(204,224) 57
	[0,0] 0
n521:
	(122,154) 194
	[0,0] 0
n520:
	(132,112) 280
	[0,0] 0
n2390:
	(193,207) 59
	[0,0] 0
n519:
	(84,246) 328
	[0,0] 0
n518:
	(111,171) 150
	[0,0] 0
n517:
	(160,83) 414
	[0,0] 0
n516:
	(82,159) 239
	[0,0] 0
n515:
	(140,156) 272
	[0,0] 0
n514:
	(107,121) 145
	[0,0] 0
n2389:
	(158,159) 57
	[0,0] 0
n513:
	(88,195) 324
	[0,0] 0
n512:
	(118,81) 280
	[0,0] 0
n511:
	(80,117) 186
	[0,0] 0
n510:
	(88,110) 233
	[0,0] 0
n509:
	(109,87) 234
	[0,0] 0
n508:
	(78,79) 137
	[0,0] 0
n2388:
	(113,109) 59
	[0,0] 0
n507:
	(51,155) 361
	[0,0] 0
n506:
	(42,148) 279
	[0,0] 0
n505:
	(85,120) 434
	[0,0] 0
n504:
	(112,90) 166
	[0,0] 0
n503:
	(112,92) 169
	[0,0] 0
n502:
	(109,85) 167
	[0,0] 0
n501:
	(43,77) 173
	[0,0] 0
n500:
	(42,121) 219
	[0,0] 0
n499:
	(42,119) 214
	[0,0] 0
n498:
	(40,115) 212
	[0,0] 0
n497:
	(112,50) 404
	[0,0] 0
n496:
	(49,111) 212
	[0,0] 0
n495:
	(44,108) 208
	[0,0] 0
n494:
	(96,91) 161
	[0,0] 0
n493:
	(107,79) 136
	[0,0] 0
n492:
	(47,111) 209
	[0,0] 0
n491:
	(46,42) 126
	[0,0] 0
n2387:
	(67,58) 57
	[0,0] 0
n488:
	(107,41) 320
	[0,0] 0
n486:
	(52,36) 146
	[0,0] 0
n490:
	(42,105) 210
	[0,0] 0
n489:
	(38,111) 177
	[0,0] 0
n485:
	(91,66) 102
	[0,0] 0
n487:
	(40,106) 175
	[0,0] 0
n483:
	(71,71) 269
	[0,0] 0
n481:
	(70,70) 257
	[0,0] 0
n479:
	(71,71) 262
	[0,0] 0
n477:
	(20,45) 148
	[0,0] 0
n2386:
	(36,26) 59
	[0,0] 0
n484:
	(48,95) 191
	[0,0] 0
n482:
	(70,70) 253
	[0,0] 0
n480:
	(69,69) 247
	[0,0] 0
n478:
	(70,70) 250
	[0,0] 0
n473:
	(49,41) 291
	[0,0] 0
n476:
	(30,96) 138
	[0,0] 0
n475:
	(35,90) 133
	[0,0] 0
n474:
	(16,65) 164
	[0,0] 0
n472:
	(40,48) 283
	[0,0] 0
n471:
	(62,38) 77
	[0,0] 0
n470:
	(44,39) 283
	[0,0] 0
n468:
	(47,41) 286
	[0,0] 0
n465:
	(48,41) 267
	[0,0] 0
n463:
	(70,70) 218
	[0,0] 0
n469:
	(38,43) 278
	[0,0] 0
n467:
	(40,46) 280
	[0,0] 0
n466:
	(19,51) 114
	[0,0] 0
n464:
	(40,47) 246
	[0,0] 0
n462:
	(69,69) 212
	[0,0] 0
n461:
	(28,19) 96
	[0,0] 0
n458:
	(19,37) 302
	[0,0] 0
n457:
	(9,27) 106
	[0,0] 0
n456:
	(28,39) 303
	[0,0] 0
n455:
	(27,39) 266
	[0,0] 0
n454:
	(37,18) 67
	[0,0] 0
n460:
	(21,61) 94
	[0,0] 0
n459:
	(16,67) 99
	[0,0] 0
n453:
	(40,37) 248
	[0,0] 0
n451:
	(45,37) 184
	[0,0] 0
n449:
	(61,61) 162
	[0,0] 0
n447:
	(56,55) 259
	[0,0] 0
n445:
	(26,39) 300
	[0,0] 0
n444:
	(50,50) 266
	[0,0] 0
n452:
	(36,39) 245
	[0,0] 0
n443:
	(51,51) 272
	[0,0] 0
n450:
	(36,44) 129
	[0,0] 0
n448:
	(60,60) 163
	[0,0] 0
n446:
	(54,55) 232
	[0,0] 0
n442:
	(51,51) 269
	[0,0] 0
n440:
	(19,50) 312
	[0,0] 0
n439:
	(20,52) 322
	[0,0] 0
n438:
	(20,53) 285
	[0,0] 0
n437:
	(18,57) 321
	[0,0] 0
n436:
	(20,53) 319
	[0,0] 0
n435:
	(27,35) 146
	[0,0] 0
n441:
	(8,40) 77
	[0,0] 0
n434:
	(46,46) 109
	[0,0] 0
n431:
	(35,29) 199
	[0,0] 0
n429:
	(19,51) 274
	[0,0] 0
n428:
	(19,51) 307
	[0,0] 0
n427:
	(17,35) 267
	[0,0] 0
n426:
	(23,49) 298
	[0,0] 0
n433:
	(45,45) 110
	[0,0] 0
n425:
	(36,36) 245
	[0,0] 0
n432:
	(9,36) 76
	[0,0] 0
n430:
	(28,34) 195
	[0,0] 0
n420:
	(19,32) 210
	[0,0] 0
n419:
	(20,46) 282
	[0,0] 0
n418:
	(21,46) 263
	[0,0] 0
n424:
	(18,27) 298
	[0,0] 0
n423:
	(18,25) 305
	[0,0] 0
n422:
	(18,26) 163
	[0,0] 0
n421:
	(18,26) 287
	[0,0] 0
n417:
	(21,15) 145
	[0,0] 0
n415:
	(30,30) 87
	[0,0] 0
n413:
	(33,33) 305
	[0,0] 0
n411:
	(33,33) 339
	[0,0] 0
n409:
	(33,33) 345
	[0,0] 0
n407:
	(32,32) 342
	[0,0] 0
n405:
	(34,34) 189
	[0,0] 0
n416:
	(14,20) 141
	[0,0] 0
n414:
	(29,29) 83
	[0,0] 0
n404:
	(36,35) 251
	[0,0] 0
n412:
	(32,32) 288
	[0,0] 0
n410:
	(32,32) 291
	[0,0] 0
n408:
	(32,32) 249
	[0,0] 0
n406:
	(31,31) 285
	[0,0] 0
n403:
	(12,24) 149
	[0,0] 0
n402:
	(16,35) 157
	[0,0] 0
n401:
	(17,23) 308
	[0,0] 0
n400:
	(16,23) 297
	[0,0] 0
n399:
	(16,23) 173
	[0,0] 0
n398:
	(15,22) 315
	[0,0] 0
n397:
	(16,39) 165
	[0,0] 0
n394:
	(19,19) 355
	[0,0] 0
n392:
	(26,26) 302
	[0,0] 0
n390:
	(19,19) 353
	[0,0] 0
n388:
	(19,19) 319
	[0,0] 0
n2385:
	(15,15) 53
	[0,0] 0
n386:
	(26,26) 129
	[0,0] 0
n396:
	(18,18) 137
	[0,0] 0
n395:
	(18,18) 263
	[0,0] 0
n393:
	(18,18) 298
	[0,0] 0
n391:
	(25,25) 198
	[0,0] 0
n389:
	(18,18) 305
	[0,0] 0
n387:
	(18,18) 302
	[0,0] 0
n385:
	(19,15) 210
	[0,0] 0
n380:
	(18,8) 115
	[0,0] 0
n378:
	(23,17) 264
	[0,0] 0
n376:
	(16,15) 188
	[0,0] 0
n374:
	(14,27) 215
	[0,0] 0
n373:
	(13,29) 229
	[0,0] 0
n384:
	(14,18) 151
	[0,0] 0
n383:
	(14,16) 267
	[0,0] 0
n382:
	(14,15) 182
	[0,0] 0
n381:
	(14,15) 306
	[0,0] 0
n379:
	(7,17) 78
	[0,0] 0
n377:
	(16,22) 265
	[0,0] 0
n375:
	(14,15) 178
	[0,0] 0
n369:
	(22,21) 182
	[0,0] 0
n367:
	(20,20) 289
	[0,0] 0
n365:
	(17,17) 264
	[0,0] 0
n364:
	(17,17) 299
	[0,0] 0
n363:
	(17,17) 303
	[0,0] 0
n362:
	(17,17) 306
	[0,0] 0
n372:
	(17,17) 95
	[0,0] 0
n371:
	(14,16) 209
	[0,0] 0
n370:
	(13,14) 303
	[0,0] 0
n368:
	(20,21) 172
	[0,0] 0
n366:
	(19,19) 204
	[0,0] 0
n361:
	(9,7) 108
	[0,0] 0
n359:
	(8,21) 323
	[0,0] 0
n358:
	(8,21) 312
	[0,0] 0
n357:
	(8,21) 188
	[0,0] 0
n356:
	(8,21) 329
	[0,0] 0
n355:
	(7,13) 314
	[0,0] 0
n354:
	(7,13) 186
	[0,0] 0
n353:
	(7,13) 190
	[0,0] 0
n352:
	(6,12) 311
	[0,0] 0
n351:
	(14,18) 273
	[0,0] 0
n350:
	(9,17) 316
	[0,0] 0
n349:
	(9,17) 304
	[0,0] 0
n348:
	(8,13) 275
	[0,0] 0
n360:
	(6,8) 106
	[0,0] 0
n347:
	(10,10) 85
	[0,0] 0
n345:
	(14,12) 244
	[0,0] 0
n343:
	(15,15) 227
	[0,0] 0
n341:
	(9,15) 160
	[0,0] 0
n340:
	(8,13) 217
	[0,0] 0
n339:
	(9,17) 321
	[0,0] 0
n338:
	(9,17) 180
	[0,0] 0
n337:
	(12,12) 304
	[0,0] 0
n336:
	(11,11) 101
	[0,0] 0
n335:
	(12,12) 308
	[0,0] 0
n334:
	(12,12) 269
	[0,0] 0
n333:
	(12,12) 311
	[0,0] 0
n332:
	(13,13) 210
	[0,0] 0
n331:
	(12,12) 143
	[0,0] 0
n346:
	(9,9) 59
	[0,0] 0
n344:
	(11,13) 144
	[0,0] 0
n342:
	(14,14) 141
	[0,0] 0
n330:
	(9,7) 200
	[0,0] 0
n328:
	(7,13) 314
	[0,0] 0
n327:
	(7,13) 218
	[0,0] 0
n326:
	(7,13) 154
	[0,0] 0
n325:
	(4,9) 110
	[0,0] 0
n324:
	(7,13) 276
	[0,0] 0
n323:
	(7,13) 186
	[0,0] 0
n322:
	(6,14) 282
	[0,0] 0
n321:
	(7,15) 280
	[0,0] 0
n320:
	(7,13) 190
	[0,0] 0
n319:
	(6,14) 321
	[0,0] 0
n318:
	(6,14) 317
	[0,0] 0
n317:
	(7,13) 310
	[0,0] 0
n316:
	(6,14) 197
	[0,0] 0
n315:
	(6,14) 193
	[0,0] 0
n329:
	(6,8) 191
	[0,0] 0
n312:
	(9,7) 341
	[0,0] 0
n310:
	(11,11) 198
	[0,0] 0
n308:
	(9,7) 324
	[0,0] 0
n306:
	(11,11) 339
	[0,0] 0
n304:
	(11,11) 333
	[0,0] 0
n302:
	(11,11) 322
	[0,0] 0
n300:
	(6,11) 167
	[0,0] 0
n299:
	(8,12) 149
	[0,0] 0
n298:
	(6,11) 224
	[0,0] 0
n297:
	(6,13) 285
	[0,0] 0
n296:
	(14,13) 210
	[0,0] 0
n295:
	(14,13) 179
	[0,0] 0
n294:
	(10,10) 102
	[0,0] 0
n314:
	(6,8) 169
	[0,0] 0
n313:
	(11,13) 212
	[0,0] 0
n311:
	(6,8) 310
	[0,0] 0
n309:
	(10,10) 187
	[0,0] 0
n307:
	(6,8) 315
	[0,0] 0
n305:
	(10,10) 306
	[0,0] 0
n303:
	(10,10) 271
	[0,0] 0
n301:
	(10,10) 311
	[0,0] 0
n293:
	(6,6) 113
	[0,0] 0
n291:
	(6,6) 283
	[0,0] 0
n289:
	(8,8) 287
	[0,0] 0
n287:
	(8,17) 167
	[0,0] 0
n286:
	(5,13) 156
	[0,0] 0
n285:
	(4,9) 319
	[0,0] 0
n284:
	(4,9) 195
	[0,0] 0
n283:
	(8,13) 161
	[0,0] 0
n282:
	(8,12) 217
	[0,0] 0
n281:
	(4,9) 173
	[0,0] 0
n280:
	(4,9) 314
	[0,0] 0
n279:
	(4,10) 153
	[0,0] 0
n278:
	(7,7) 148
	[0,0] 0
n292:
	(5,5) 63
	[0,0] 0
n290:
	(5,5) 218
	[0,0] 0
n288:
	(7,7) 216
	[0,0] 0
n276:
	(6,6) 89
	[0,0] 0
n274:
	(6,6) 193
	[0,0] 0
n272:
	(6,6) 197
	[0,0] 0
n270:
	(6,6) 321
	[0,0] 0
n268:
	(6,6) 289
	[0,0] 0
n266:
	(6,6) 193
	[0,0] 0
n264:
	(6,6) 225
	[0,0] 0
n262:
	(6,6) 225
	[0,0] 0
n260:
	(6,6) 321
	[0,0] 0
n258:
	(6,6) 317
	[0,0] 0
n256:
	(6,6) 161
	[0,0] 0
n254:
	(6,6) 161
	[0,0] 0
n252:
	(6,6) 197
	[0,0] 0
n277:
	(5,5) 276
	[0,0] 0
n275:
	(5,5) 63
	[0,0] 0
n273:
	(5,5) 194
	[0,0] 0
n271:
	(5,5) 198
	[0,0] 0
n269:
	(5,5) 311
	[0,0] 0
n267:
	(5,5) 218
	[0,0] 0
n265:
	(5,5) 194
	[0,0] 0
n263:
	(5,5) 150
	[0,0] 0
n261:
	(5,5) 150
	[0,0] 0
n259:
	(5,5) 311
	[0,0] 0
n257:
	(5,5) 276
	[0,0] 0
n255:
	(5,5) 107
	[0,0] 0
n253:
	(5,5) 107
	[0,0] 0
n251:
	(5,5) 198
	[0,0] 0
n246:
	(8,7) 288
	[0,0] 0
n244:
	(9,7) 335
	[0,0] 0
n242:
	(8,7) 323
	[0,0] 0
n240:
	(5,8) 224
	[0,0] 0
n239:
	(4,10) 221
	[0,0] 0
n250:
	(6,7) 217
	[0,0] 0
n249:
	(6,7) 198
	[0,0] 0
n248:
	(6,7) 310
	[0,0] 0
n247:
	(6,7) 149
	[0,0] 0
n245:
	(6,7) 217
	[0,0] 0
n243:
	(6,8) 275
	[0,0] 0
n241:
	(6,7) 275
	[0,0] 0
n234:
	(8,7) 203
	[0,0] 0
n232:
	(8,7) 176
	[0,0] 0
n230:
	(8,7) 327
	[0,0] 0
n228:
	(8,7) 161
	[0,0] 0
n226:
	(8,7) 199
	[0,0] 0
n224:
	(8,7) 176
	[0,0] 0
n238:
	(6,7) 176
	[0,0] 0
n237:
	(6,7) 275
	[0,0] 0
n236:
	(6,7) 149
	[0,0] 0
n235:
	(6,7) 106
	[0,0] 0
n233:
	(6,7) 197
	[0,0] 0
n231:
	(6,7) 168
	[0,0] 0
n229:
	(6,7) 310
	[0,0] 0
n227:
	(6,7) 106
	[0,0] 0
n225:
	(6,7) 193
	[0,0] 0
n223:
	(6,7) 168
	[0,0] 0
n222:
	(3,5) 314
	[0,0] 0
n221:
	(3,5) 314
	[0,0] 0
n220:
	(3,5) 221
	[0,0] 0
n219:
	(3,5) 221
	[0,0] 0
n218:
	(3,5) 202
	[0,0] 0
n217:
	(3,5) 172
	[0,0] 0
n216:
	(3,5) 172
	[0,0] 0
n215:
	(3,5) 197
	[0,0] 0
n214:
	(3,5) 153
	[0,0] 0
n213:
	(3,5) 201
	[0,0] 0
n212:
	(3,5) 153
	[0,0] 0
n211:
	(3,5) 279
	[0,0] 0
n210:
	(3,5) 110
	[0,0] 0
n209:
	(3,5) 110
	[0,0] 0
n208:
	(3,5) 180
	[0,0] 0
n207:
	(3,5) 279
	[0,0] 0
n206:
	(4,9) 279
	[0,0] 0
n205:
	(3,3) 196
	[0,0] 0
n204:
	(3,3) 65
	[0,0] 0
n203:
	(3,3) 65
	[0,0] 0
n202:
	(4,4) 165
	[0,0] 0
n200:
	(4,4) 228
	[0,0] 0
n198:
	(3,3) 278
	[0,0] 0
n197:
	(3,3) 220
	[0,0] 0
n196:
	(3,3) 318
	[0,0] 0
n195:
	(3,3) 220
	[0,0] 0
n194:
	(3,3) 194
	[0,0] 0
n193:
	(3,3) 220
	[0,0] 0
n192:
	(3,3) 313
	[0,0] 0
n191:
	(3,3) 278
	[0,0] 0
n190:
	(3,3) 313
	[0,0] 0
n189:
	(3,3) 109
	[0,0] 0
n188:
	(3,3) 200
	[0,0] 0
n187:
	(3,3) 196
	[0,0] 0
n186:
	(3,3) 313
	[0,0] 0
n185:
	(3,3) 109
	[0,0] 0
n184:
	(3,3) 65
	[0,0] 0
n183:
	(3,3) 152
	[0,0] 0
n182:
	(3,3) 152
	[0,0] 0
n181:
	(3,3) 278
	[0,0] 0
n180:
	(3,3) 200
	[0,0] 0
n201:
	(3,3) 109
	[0,0] 0
n199:
	(3,3) 152
	[0,0] 0
n179:
	(6,4) 282
	[0,0] 0
n177:
	(6,4) 225
	[0,0] 0
n175:
	(3,5) 172
	[0,0] 0
n174:
	(3,5) 174
	[0,0] 0
n173:
	(3,5) 180
	[0,0] 0
n172:
	(3,5) 314
	[0,0] 0
n171:
	(3,5) 196
	[0,0] 0
n170:
	(3,5) 320
	[0,0] 0
n169:
	(3,5) 280
	[0,0] 0
n168:
	(3,5) 111
	[0,0] 0
n167:
	(3,5) 221
	[0,0] 0
n166:
	(3,5) 153
	[0,0] 0
n165:
	(3,5) 197
	[0,0] 0
n164:
	(3,5) 202
	[0,0] 0
n163:
	(3,5) 314
	[0,0] 0
n162:
	(3,5) 201
	[0,0] 0
n161:
	(3,5) 279
	[0,0] 0
n160:
	(3,5) 279
	[0,0] 0
n159:
	(3,5) 153
	[0,0] 0
n158:
	(3,5) 315
	[0,0] 0
n157:
	(3,5) 221
	[0,0] 0
n156:
	(3,5) 110
	[0,0] 0
n155:
	(3,5) 110
	[0,0] 0
n178:
	(3,5) 220
	[0,0] 0
n176:
	(3,5) 152
	[0,0] 0
n154:
	(2,3) 224
	[0,0] 0
n153:
	(2,3) 317
	[0,0] 0
n152:
	(2,3) 180
	[0,0] 0
n151:
	(2,3) 175
	[0,0] 0
n150:
	(2,3) 204
	[0,0] 0
n149:
	(2,3) 326
	[0,0] 0
n148:
	(2,3) 113
	[0,0] 0
n147:
	(2,3) 282
	[0,0] 0
n146:
	(2,3) 113
	[0,0] 0
n145:
	(2,3) 175
	[0,0] 0
n144:
	(2,3) 183
	[0,0] 0
n143:
	(2,3) 317
	[0,0] 0
n142:
	(2,3) 205
	[0,0] 0
n141:
	(2,3) 202
	[0,0] 0
n140:
	(2,3) 321
	[0,0] 0
n139:
	(2,3) 156
	[0,0] 0
n138:
	(2,3) 286
	[0,0] 0
n137:
	(2,3) 200
	[0,0] 0
n136:
	(2,3) 156
	[0,0] 0
n135:
	(2,3) 224
	[0,0] 0
n134:
	(2,3) 282
	[0,0] 0
n133:
	(2,3) 117
	[0,0] 0
n132:
	(3,5) 172
	[0,0] 0
n131:
	(2,2) 183
	[0,0] 0
n130:
	(2,2) 317
	[0,0] 0
n129:
	(2,2) 204
	[0,0] 0
n128:
	(2,2) 156
	[0,0] 0
n127:
	(2,2) 113
	[0,0] 0
n126:
	(2,2) 113
	[0,0] 0
n125:
	(2,2) 175
	[0,0] 0
n124:
	(2,2) 175
	[0,0] 0
n123:
	(2,2) 323
	[0,0] 0
n122:
	(2,2) 114
	[0,0] 0
n121:
	(2,2) 323
	[0,0] 0
n120:
	(2,2) 175
	[0,0] 0
n119:
	(2,2) 205
	[0,0] 0
n118:
	(2,2) 199
	[0,0] 0
n117:
	(2,2) 204
	[0,0] 0
n116:
	(2,2) 224
	[0,0] 0
n115:
	(2,2) 175
	[0,0] 0
n114:
	(2,2) 113
	[0,0] 0
n113:
	(2,2) 282
	[0,0] 0
n112:
	(2,2) 113
	[0,0] 0
n111:
	(2,2) 317
	[0,0] 0
n110:
	(2,2) 282
	[0,0] 0
n109:
	(2,2) 199
	[0,0] 0
n108:
	(2,2) 282
	[0,0] 0
n107:
	(2,2) 283
	[0,0] 0
n106:
	(2,2) 175
	[0,0] 0
n105:
	(2,2) 317
	[0,0] 0
n104:
	(2,2) 114
	[0,0] 0
n103:
	(2,2) 283
	[0,0] 0
n102:
	(2,2) 177
	[0,0] 0
n101:
	(2,2) 282
	[0,0] 0
n100:
	(2,2) 224
	[0,0] 0
n99:
	(2,2) 205
	[0,0] 0
n98:
	(2,2) 200
	[0,0] 0
n97:
	(2,2) 155
	[0,0] 0
n96:
	(2,2) 155
	[0,0] 0
n95:
	(2,2) 223
	[0,0] 0
n94:
	(2,2) 282
	[0,0] 0
n93:
	(2,2) 317
	[0,0] 0
n92:
	(2,2) 282
	[0,0] 0
n91:
	(2,2) 223
	[0,0] 0
n90:
	(2,2) 224
	[0,0] 0
n89:
	(2,2) 156
	[0,0] 0
n88:
	(2,2) 224
	[0,0] 0
n87:
	(2,2) 175
	[0,0] 0
n86:
	(2,2) 156
	[0,0] 0
n85:
	(2,2) 224
	[0,0] 0
n84:
	(2,2) 183
	[0,0] 0
n83:
	(2,2) 204
	[0,0] 0
n82:
	(2,2) 317
	[0,0] 0
n81:
	(2,2) 113
	[0,0] 0
n80:
	(2,2) 224
	[0,0] 0
n79:
	(2,2) 318
	[0,0] 0
n78:
	(2,2) 317
	[0,0] 0
n77:
	(2,2) 156
	[0,0] 0
n76:
	(2,2) 200
	[0,0] 0
n75:
	(2,2) 113
	[0,0] 0
n74:
	(2,2) 205
	[0,0] 0
n73:
	(2,2) 177
	[0,0] 0
n72:
	(2,2) 156
	[0,0] 0
n71:
	(2,2) 200
	[0,0] 0
n70:
	(2,2) 183
	[0,0] 0
n69:
	(2,2) 156
	[0,0] 0
n68:
	(2,2) 318
	[0,0] 0
n2383:
	(519,362) 59
	[0,0] 0
n2384:
	(14,520) 57
	[0,0] 0
n1018:
	(349,610) 72
	[0,0] 0
n2382:
	(881,977) 57
	[0,0] 0
n1017:
	(449,720) 233
	[0,0] 0
n1016:
	(627,815) 311
	[0,0] 0
n2381:
	(983,986) 59
	[0,0] 0
n1015:
	(615,783) 511
	[0,0] 0
n2380:
	(897,900) 57
	[0,0] 0
n1014:
	(349,253) 685
	[0,0] 0
n1013:
	(627,371) 671
	[0,0] 0
n1012:
	(611,614) 431
	[0,0] 0
n1011:
	(199,626) 843
	[0,0] 0
n1010:
	(171,656) 871
	[0,0] 0
n1009:
	(160,348) 522
	[0,0] 0
n1008:
	(92,448) 846
	[0,0] 0
n1007:
	(327,610) 718
	[0,0] 0
n1006:
	(637,573) 381
	[0,0] 0
n1005:
	(286,638) 668
	[0,0] 0
n1004:
	(286,636) 668
	[0,0] 0
n1003:
	(289,256) 1005
	[0,0] 0
n1002:
	(255,288) 615
	[0,0] 0
n1001:
	(456,457) 1013
	[0,0] 0
n1000:
	(456,455) 1014
	[0,0] 0
n2379:
	(534,537) 59
	[0,0] 0
n999:
	(323,326) 631
	[0,0] 0
n998:
	(199,170) 1328
	[0,0] 0
n997:
	(169,198) 1300
	[0,0] 0
n996:
	(216,271) 687
	[0,0] 0
n995:
	(351,352) 953
	[0,0] 0
n994:
	(351,350) 954
	[0,0] 0
n993:
	(286,285) 1020
	[0,0] 0
n992:
	(284,285) 1020
	[0,0] 0
n991:
	(114,322) 843
	[0,0] 0
n990:
	(119,171) 1379
	[0,0] 0
n989:
	(450,423) 170
	[0,0] 0
n988:
	(201,215) 757
	[0,0] 0
n987:
	(92,159) 778
	[0,0] 0
n986:
	(158,91) 779
	[0,0] 0
n985:
	(253,254) 1216
	[0,0] 0
n982:
	(170,13) 407
	[0,0] 0
n980:
	(78,157) 792
	[0,0] 0
n979:
	(71,254) 832
	[0,0] 0
n984:
	(211,451) 382
	[0,0] 0
n983:
	(211,449) 382
	[0,0] 0
n981:
	(12,169) 408
	[0,0] 0
n977:
	(69,258) 889
	[0,0] 0
n976:
	(146,200) 826
	[0,0] 0
n2378:
	(191,191) 53
	[0,0] 0
n975:
	(169,168) 1136
	[0,0] 0
n974:
	(214,215) 1090
	[0,0] 0
n978:
	(115,118) 1189
	[0,0] 0
n973:
	(55,195) 1495
	[0,0] 0
n972:
	(68,215) 904
	[0,0] 0
n971:
	(64,219) 962
	[0,0] 0
n970:
	(60,114) 1247
	[0,0] 0
n969:
	(110,113) 483
	[0,0] 0
n968:
	(78,168) 1420
	[0,0] 0
n967:
	(146,91) 803
	[0,0] 0
n966:
	(90,145) 487
	[0,0] 0
n965:
	(211,210) 622
	[0,0] 0
n964:
	(209,210) 622
	[0,0] 0
n963:
	(239,240) 592
	[0,0] 0
n962:
	(239,238) 593
	[0,0] 0
n961:
	(186,187) 900
	[0,0] 0
n960:
	(186,185) 901
	[0,0] 0
n959:
	(57,184) 1304
	[0,0] 0
n958:
	(57,182) 1250
	[0,0] 0
n957:
	(84,111) 512
	[0,0] 0
n956:
	(98,139) 534
	[0,0] 0
n955:
	(135,145) 891
	[0,0] 0
n954:
	(116,115) 1574
	[0,0] 0
n953:
	(114,115) 1190
	[0,0] 0
n952:
	(164,164) 80
	[0,0] 0
n951:
	(152,151) 1029
	[0,0] 0
n950:
	(150,151) 969
	[0,0] 0
n949:
	(28,109) 568
	[0,0] 0
n948:
	(78,54) 1612
	[0,0] 0
n947:
	(53,77) 1251
	[0,0] 0
n946:
	(71,68) 1076
	[0,0] 0
n945:
	(67,70) 1019
	[0,0] 0
n944:
	(27,107) 596
	[0,0] 0
n943:
	(96,97) 577
	[0,0] 0
n942:
	(76,143) 960
	[0,0] 0
n941:
	(135,134) 697
	[0,0] 0
n940:
	(113,112) 719
	[0,0] 0
n939:
	(88,93) 998
	[0,0] 0
n938:
	(126,127) 1306
	[0,0] 0
n937:
	(126,125) 706
	[0,0] 0
n936:
	(46,89) 586
	[0,0] 0
n935:
	(42,101) 631
	[0,0] 0
n934:
	(68,138) 1035
	[0,0] 0
n933:
	(55,95) 1273
	[0,0] 0
n932:
	(45,66) 1044
	[0,0] 0
n930:
	(81,81) 596
	[0,0] 0
n928:
	(68,134) 968
	[0,0] 0
n927:
	(44,95) 630
	[0,0] 0
n926:
	(108,107) 1012
	[0,0] 0
n925:
	(71,70) 1234
	[0,0] 0
n931:
	(83,83) 161
	[0,0] 0
n929:
	(80,80) 164
	[0,0] 0
n923:
	(57,56) 1431
	[0,0] 0
n921:
	(52,113) 673
	[0,0] 0
n920:
	(22,76) 1088
	[0,0] 0
n919:
	(52,107) 622
	[0,0] 0
n918:
	(24,70) 1065
	[0,0] 0
n924:
	(56,59) 775
	[0,0] 0
n922:
	(55,56) 776
	[0,0] 0
n915:
	(69,68) 1104
	[0,0] 0
n913:
	(48,55) 627
	[0,0] 0
n911:
	(46,41) 686
	[0,0] 0
n909:
	(68,67) 1105
	[0,0] 0
n907:
	(51,52) 780
	[0,0] 0
n917:
	(74,75) 757
	[0,0] 0
n916:
	(73,74) 758
	[0,0] 0
n914:
	(67,68) 764
	[0,0] 0
n912:
	(54,47) 628
	[0,0] 0
n910:
	(40,45) 635
	[0,0] 0
n908:
	(66,67) 765
	[0,0] 0
n906:
	(78,11) 499
	[0,0] 0
n903:
	(51,50) 1113
	[0,0] 0
n901:
	(30,57) 804
	[0,0] 0
n900:
	(21,54) 1347
	[0,0] 0
n899:
	(27,54) 805
	[0,0] 0
n898:
	(21,52) 1307
	[0,0] 0
n905:
	(10,77) 500
	[0,0] 0
n904:
	(43,44) 1067
	[0,0] 0
n902:
	(49,50) 1086
	[0,0] 0
n896:
	(64,67) 1055
	[0,0] 0
n894:
	(60,57) 726
	[0,0] 0
n892:
	(52,51) 734
	[0,0] 0
n890:
	(22,39) 658
	[0,0] 0
n889:
	(56,56) 188
	[0,0] 0
n888:
	(53,53) 191
	[0,0] 0
n897:
	(42,43) 683
	[0,0] 0
n895:
	(66,63) 1056
	[0,0] 0
n893:
	(56,59) 673
	[0,0] 0
n891:
	(50,51) 679
	[0,0] 0
n886:
	(27,53) 834
	[0,0] 0
n885:
	(28,55) 804
	[0,0] 0
n884:
	(20,51) 677
	[0,0] 0
n883:
	(22,45) 658
	[0,0] 0
n882:
	(28,55) 806
	[0,0] 0
n881:
	(21,41) 705
	[0,0] 0
n880:
	(21,48) 1115
	[0,0] 0
n887:
	(38,45) 539
	[0,0] 0
n879:
	(32,33) 1327
	[0,0] 0
n877:
	(22,49) 708
	[0,0] 0
n876:
	(27,53) 832
	[0,0] 0
n875:
	(21,42) 1090
	[0,0] 0
n874:
	(48,47) 784
	[0,0] 0
n873:
	(47,46) 785
	[0,0] 0
n872:
	(47,46) 785
	[0,0] 0
n871:
	(41,40) 791
	[0,0] 0
n878:
	(32,31) 800
	[0,0] 0
n870:
	(24,21) 1140
	[0,0] 0
n868:
	(21,50) 725
	[0,0] 0
n867:
	(28,57) 1135
	[0,0] 0
n866:
	(22,51) 1110
	[0,0] 0
n865:
	(28,57) 729
	[0,0] 0
n864:
	(21,46) 705
	[0,0] 0
n863:
	(28,53) 1108
	[0,0] 0
n862:
	(22,39) 562
	[0,0] 0
n861:
	(22,47) 1089
	[0,0] 0
n860:
	(28,53) 702
	[0,0] 0
n869:
	(20,23) 1115
	[0,0] 0
n857:
	(26,29) 677
	[0,0] 0
n855:
	(27,27) 834
	[0,0] 0
n853:
	(27,27) 834
	[0,0] 0
n851:
	(27,27) 832
	[0,0] 0
n849:
	(27,27) 832
	[0,0] 0
n847:
	(27,27) 650
	[0,0] 0
n845:
	(40,37) 1082
	[0,0] 0
n844:
	(40,37) 692
	[0,0] 0
n859:
	(26,26) 218
	[0,0] 0
n858:
	(29,29) 215
	[0,0] 0
n856:
	(28,25) 678
	[0,0] 0
n854:
	(26,26) 218
	[0,0] 0
n852:
	(26,26) 218
	[0,0] 0
n850:
	(26,26) 218
	[0,0] 0
n848:
	(26,26) 218
	[0,0] 0
n846:
	(26,26) 218
	[0,0] 0
n842:
	(38,9) 539
	[0,0] 0
n837:
	(22,21) 1139
	[0,0] 0
n835:
	(12,19) 1126
	[0,0] 0
n834:
	(20,45) 581
	[0,0] 0
n833:
	(22,37) 562
	[0,0] 0
n843:
	(19,20) 812
	[0,0] 0
n841:
	(8,37) 540
	[0,0] 0
n840:
	(19,20) 812
	[0,0] 0
n839:
	(20,21) 737
	[0,0] 0
n838:
	(19,20) 727
	[0,0] 0
n836:
	(20,21) 811
	[0,0] 0
n832:
	(21,20) 1380
	[0,0] 0
n830:
	(28,27) 747
	[0,0] 0
n828:
	(28,27) 1164
	[0,0] 0
n826:
	(28,27) 1164
	[0,0] 0
n824:
	(28,27) 1133
	[0,0] 0
n822:
	(28,27) 758
	[0,0] 0
n820:
	(28,27) 758
	[0,0] 0
n818:
	(21,20) 754
	[0,0] 0
n816:
	(22,23) 809
	[0,0] 0
n831:
	(19,20) 812
	[0,0] 0
n829:
	(26,27) 725
	[0,0] 0
n827:
	(26,27) 805
	[0,0] 0
n825:
	(26,27) 805
	[0,0] 0
n823:
	(26,27) 805
	[0,0] 0
n821:
	(26,27) 729
	[0,0] 0
n819:
	(26,27) 729
	[0,0] 0
n817:
	(19,20) 732
	[0,0] 0
n814:
	(22,19) 604
	[0,0] 0
n812:
	(10,19) 822
	[0,0] 0
n811:
	(9,18) 738
	[0,0] 0
n810:
	(10,23) 1128
	[0,0] 0
n809:
	(10,25) 1135
	[0,0] 0
n808:
	(9,18) 823
	[0,0] 0
n807:
	(9,18) 823
	[0,0] 0
n806:
	(9,18) 823
	[0,0] 0
n805:
	(10,19) 748
	[0,0] 0
n804:
	(9,18) 743
	[0,0] 0
n815:
	(18,21) 559
	[0,0] 0
n813:
	(18,21) 581
	[0,0] 0
n801:
	(22,19) 604
	[0,0] 0
n799:
	(22,19) 706
	[0,0] 0
n797:
	(17,17) 227
	[0,0] 0
n796:
	(17,17) 227
	[0,0] 0
n795:
	(17,17) 227
	[0,0] 0
n794:
	(17,17) 227
	[0,0] 0
n793:
	(17,17) 227
	[0,0] 0
n792:
	(17,17) 227
	[0,0] 0
n791:
	(17,17) 227
	[0,0] 0
n803:
	(18,21) 583
	[0,0] 0
n802:
	(18,21) 679
	[0,0] 0
n800:
	(18,21) 581
	[0,0] 0
n798:
	(18,21) 685
	[0,0] 0
n790:
	(10,19) 737
	[0,0] 0
n789:
	(10,19) 822
	[0,0] 0
n788:
	(10,19) 822
	[0,0] 0
n787:
	(10,19) 822
	[0,0] 0
n786:
	(10,19) 748
	[0,0] 0
n785:
	(10,19) 742
	[0,0] 0
n784:
	(9,21) 832
	[0,0] 0
n783:
	(10,21) 822
	[0,0] 0
n782:
	(9,17) 752
	[0,0] 0
n781:
	(9,17) 747
	[0,0] 0
n780:
	(10,19) 696
	[0,0] 0
n779:
	(10,19) 570
	[0,0] 0
n778:
	(10,19) 592
	[0,0] 0
n777:
	(14,15) 1137
	[0,0] 0
n775:
	(10,19) 690
	[0,0] 0
n774:
	(9,17) 832
	[0,0] 0
n773:
	(10,19) 594
	[0,0] 0
n772:
	(9,17) 832
	[0,0] 0
n771:
	(10,19) 592
	[0,0] 0
n770:
	(9,17) 758
	[0,0] 0
n769:
	(9,17) 832
	[0,0] 0
n768:
	(18,17) 814
	[0,0] 0
n767:
	(18,17) 814
	[0,0] 0
n766:
	(18,17) 814
	[0,0] 0
n765:
	(18,17) 738
	[0,0] 0
n764:
	(18,17) 738
	[0,0] 0
n763:
	(18,17) 734
	[0,0] 0
n776:
	(14,13) 818
	[0,0] 0
n761:
	(18,7) 559
	[0,0] 0
n758:
	(9,9) 747
	[0,0] 0
n756:
	(12,12) 841
	[0,0] 0
n754:
	(10,21) 705
	[0,0] 0
n753:
	(10,21) 579
	[0,0] 0
n752:
	(10,21) 699
	[0,0] 0
n751:
	(10,21) 601
	[0,0] 0
n750:
	(10,21) 601
	[0,0] 0
n749:
	(10,21) 603
	[0,0] 0
n748:
	(10,17) 696
	[0,0] 0
n747:
	(10,17) 570
	[0,0] 0
n746:
	(10,17) 592
	[0,0] 0
n745:
	(10,17) 690
	[0,0] 0
n744:
	(10,17) 592
	[0,0] 0
n743:
	(10,17) 594
	[0,0] 0
n762:
	(8,8) 236
	[0,0] 0
n760:
	(6,17) 560
	[0,0] 0
n759:
	(8,11) 823
	[0,0] 0
n757:
	(8,8) 236
	[0,0] 0
n755:
	(11,11) 233
	[0,0] 0
n740:
	(9,9) 758
	[0,0] 0
n736:
	(9,9) 832
	[0,0] 0
n734:
	(9,9) 752
	[0,0] 0
n732:
	(9,9) 832
	[0,0] 0
n730:
	(9,9) 747
	[0,0] 0
n728:
	(9,9) 832
	[0,0] 0
n726:
	(9,9) 758
	[0,0] 0
n724:
	(9,9) 758
	[0,0] 0
n722:
	(9,9) 832
	[0,0] 0
n720:
	(9,9) 832
	[0,0] 0
n718:
	(9,9) 752
	[0,0] 0
n716:
	(9,9) 834
	[0,0] 0
n714:
	(9,9) 832
	[0,0] 0
n712:
	(9,9) 832
	[0,0] 0
n742:
	(8,8) 236
	[0,0] 0
n741:
	(8,8) 236
	[0,0] 0
n739:
	(8,8) 236
	[0,0] 0
n738:
	(8,8) 236
	[0,0] 0
n737:
	(8,8) 236
	[0,0] 0
n735:
	(8,8) 236
	[0,0] 0
n733:
	(8,8) 236
	[0,0] 0
n731:
	(8,8) 236
	[0,0] 0
n729:
	(8,8) 236
	[0,0] 0
n727:
	(8,8) 236
	[0,0] 0
n725:
	(8,8) 236
	[0,0] 0
n723:
	(8,8) 236
	[0,0] 0
n721:
	(8,8) 236
	[0,0] 0
n719:
	(8,8) 236
	[0,0] 0
n717:
	(8,8) 236
	[0,0] 0
n715:
	(8,8) 236
	[0,0] 0
n713:
	(8,8) 236
	[0,0] 0
n711:
	(8,8) 236
	[0,0] 0
n707:
	(10,9) 1150
	[0,0] 0
n705:
	(10,9) 710
	[0,0] 0
n703:
	(10,9) 710
	[0,0] 0
n701:
	(10,9) 716
	[0,0] 0
n699:
	(10,9) 590
	[0,0] 0
n697:
	(10,9) 612
	[0,0] 0
n695:
	(6,9) 828
	[0,0] 0
n710:
	(8,9) 707
	[0,0] 0
n709:
	(8,9) 603
	[0,0] 0
n708:
	(8,9) 569
	[0,0] 0
n706:
	(8,9) 823
	[0,0] 0
n704:
	(8,9) 699
	[0,0] 0
n702:
	(8,9) 699
	[0,0] 0
n700:
	(8,9) 705
	[0,0] 0
n698:
	(8,9) 579
	[0,0] 0
n696:
	(8,9) 601
	[0,0] 0
n690:
	(10,9) 614
	[0,0] 0
n688:
	(10,9) 590
	[0,0] 0
n686:
	(10,9) 612
	[0,0] 0
n684:
	(10,9) 612
	[0,0] 0
n682:
	(10,9) 716
	[0,0] 0
n680:
	(10,9) 614
	[0,0] 0
n678:
	(10,9) 612
	[0,0] 0
n694:
	(8,9) 605
	[0,0] 0
n693:
	(8,9) 701
	[0,0] 0
n692:
	(8,9) 581
	[0,0] 0
n691:
	(8,9) 603
	[0,0] 0
n689:
	(8,9) 603
	[0,0] 0
n687:
	(8,9) 579
	[0,0] 0
n685:
	(8,9) 601
	[0,0] 0
n683:
	(8,9) 601
	[0,0] 0
n681:
	(8,9) 705
	[0,0] 0
n679:
	(8,9) 603
	[0,0] 0
n677:
	(8,9) 601
	[0,0] 0
n676:
	(4,7) 584
	[0,0] 0
n675:
	(4,7) 828
	[0,0] 0
n674:
	(4,7) 712
	[0,0] 0
n673:
	(4,7) 606
	[0,0] 0
n672:
	(4,7) 586
	[0,0] 0
n671:
	(4,7) 710
	[0,0] 0
n670:
	(4,7) 704
	[0,0] 0
n669:
	(4,7) 606
	[0,0] 0
n668:
	(4,7) 704
	[0,0] 0
n667:
	(4,7) 710
	[0,0] 0
n666:
	(4,7) 608
	[0,0] 0
n665:
	(4,7) 574
	[0,0] 0
n664:
	(4,7) 606
	[0,0] 0
n663:
	(4,7) 608
	[0,0] 0
n662:
	(4,7) 706
	[0,0] 0
n661:
	(4,7) 610
	[0,0] 0
n660:
	(4,7) 606
	[0,0] 0
n659:
	(4,7) 584
	[0,0] 0
n658:
	(4,7) 608
	[0,0] 0
n657:
	(4,7) 608
	[0,0] 0
n656:
	(5,5) 239
	[0,0] 0
n654:
	(5,5) 239
	[0,0] 0
n653:
	(5,5) 239
	[0,0] 0
n652:
	(5,5) 239
	[0,0] 0
n651:
	(5,5) 239
	[0,0] 0
n650:
	(5,5) 239
	[0,0] 0
n649:
	(5,5) 239
	[0,0] 0
n648:
	(5,5) 239
	[0,0] 0
n647:
	(5,5) 239
	[0,0] 0
n646:
	(5,5) 239
	[0,0] 0
n645:
	(5,5) 239
	[0,0] 0
n644:
	(5,5) 239
	[0,0] 0
n643:
	(5,5) 239
	[0,0] 0
n642:
	(5,5) 239
	[0,0] 0
n641:
	(5,5) 239
	[0,0] 0
n640:
	(5,5) 239
	[0,0] 0
n639:
	(5,5) 239
	[0,0] 0
n638:
	(5,5) 239
	[0,0] 0
n637:
	(5,5) 239
	[0,0] 0
n636:
	(5,5) 239
	[0,0] 0
n635:
	(5,5) 239
	[0,0] 0
n655:
	(5,5) 239
	[0,0] 0
n634:
	(8,5) 569
	[0,0] 0
n632:
	(4,7) 608
	[0,0] 0
n631:
	(4,7) 710
	[0,0] 0
n630:
	(4,7) 706
	[0,0] 0
n629:
	(4,7) 712
	[0,0] 0
n628:
	(4,7) 608
	[0,0] 0
n627:
	(4,7) 606
	[0,0] 0
n626:
	(4,7) 586
	[0,0] 0
n625:
	(4,7) 610
	[0,0] 0
n624:
	(4,7) 830
	[0,0] 0
n623:
	(4,7) 606
	[0,0] 0
n622:
	(4,7) 704
	[0,0] 0
n621:
	(4,7) 574
	[0,0] 0
n620:
	(4,7) 710
	[0,0] 0
n619:
	(4,7) 608
	[0,0] 0
n618:
	(4,7) 584
	[0,0] 0
n617:
	(4,7) 608
	[0,0] 0
n616:
	(4,7) 606
	[0,0] 0
n615:
	(4,7) 606
	[0,0] 0
n614:
	(4,7) 704
	[0,0] 0
n613:
	(4,7) 828
	[0,0] 0
n633:
	(4,7) 570
	[0,0] 0
n612:
	(3,5) 708
	[0,0] 0
n611:
	(3,5) 614
	[0,0] 0
n610:
	(3,5) 578
	[0,0] 0
n609:
	(3,5) 714
	[0,0] 0
n608:
	(3,5) 612
	[0,0] 0
n607:
	(3,5) 612
	[0,0] 0
n606:
	(3,5) 588
	[0,0] 0
n605:
	(3,5) 710
	[0,0] 0
n604:
	(3,5) 612
	[0,0] 0
n603:
	(3,5) 832
	[0,0] 0
n602:
	(3,5) 834
	[0,0] 0
n601:
	(4,7) 584
	[0,0] 0
n600:
	(3,5) 708
	[0,0] 0
n599:
	(3,5) 588
	[0,0] 0
n598:
	(3,5) 612
	[0,0] 0
n597:
	(3,5) 610
	[0,0] 0
n596:
	(3,5) 610
	[0,0] 0
n595:
	(3,5) 610
	[0,0] 0
n594:
	(3,5) 714
	[0,0] 0
n593:
	(3,5) 610
	[0,0] 0
n592:
	(3,5) 716
	[0,0] 0
n591:
	(3,5) 590
	[0,0] 0
n590:
	(3,3) 716
	[0,0] 0
n589:
	(3,3) 588
	[0,0] 0
n588:
	(3,3) 588
	[0,0] 0
n587:
	(3,3) 612
	[0,0] 0
n586:
	(3,3) 714
	[0,0] 0
n585:
	(3,3) 574
	[0,0] 0
n584:
	(3,3) 710
	[0,0] 0
n583:
	(3,3) 714
	[0,0] 0
n582:
	(3,3) 610
	[0,0] 0
n581:
	(3,3) 610
	[0,0] 0
n580:
	(3,3) 578
	[0,0] 0
n579:
	(3,3) 708
	[0,0] 0
n578:
	(3,3) 834
	[0,0] 0
n577:
	(3,3) 590
	[0,0] 0
n576:
	(3,3) 610
	[0,0] 0
n575:
	(3,3) 714
	[0,0] 0
n574:
	(3,3) 588
	[0,0] 0
n573:
	(3,3) 714
	[0,0] 0
n572:
	(3,3) 708
	[0,0] 0
n571:
	(3,3) 610
	[0,0] 0
n570:
	(3,3) 716
	[0,0] 0
n569:
	(3,3) 710
	[0,0] 0
n568:
	(3,3) 610
	[0,0] 0
n567:
	(3,3) 612
	[0,0] 0
n566:
	(3,3) 610
	[0,0] 0
n565:
	(3,3) 716
	[0,0] 0
n564:
	(3,3) 614
	[0,0] 0
n563:
	(3,3) 714
	[0,0] 0
n562:
	(3,3) 832
	[0,0] 0
n561:
	(3,3) 610
	[0,0] 0
n560:
	(3,3) 578
	[0,0] 0
n559:
	(3,3) 610
	[0,0] 0
n558:
	(3,3) 612
	[0,0] 0
n557:
	(3,3) 610
	[0,0] 0
n556:
	(3,3) 590
	[0,0] 0
n555:
	(3,3) 612
	[0,0] 0
n554:
	(3,3) 612
	[0,0] 0
n553:
	(3,3) 708
	[0,0] 0
n552:
	(3,3) 832
	[0,0] 0
n551:
	(3,3) 610
	[0,0] 0
n550:
	(3,3) 574
	[0,0] 0
n549:
	(3,3) 614
	[0,0] 0
n548:
	(3,3) 708
	[0,0] 0
n547:
	(3,3) 612
	[0,0] 0
n546:
	(3,3) 834
	[0,0] 0
n545:
	(3,3) 614
	[0,0] 0
n544:
	(3,3) 612
	[0,0] 0
n543:
	(3,3) 612
	[0,0] 0
n542:
	(3,3) 588
	[0,0] 0
n541:
	(3,3) 588
	[0,0] 0
n540:
	(3,3) 588
	[0,0] 0
n539:
	(3,3) 714
	[0,0] 0
n538:
	(3,3) 610
	[0,0] 0
n537:
	(3,3) 612
	[0,0] 0
n536:
	(3,3) 610
	[0,0] 0
n535:
	(3,3) 708
	[0,0] 0
n534:
	(3,3) 710
	[0,0] 0
n533:
	(3,3) 590
	[0,0] 0
n532:
	(3,3) 612
	[0,0] 0
n531:
	(3,3) 578
	[0,0] 0
n530:
	(3,3) 612
	[0,0] 0
n529:
	(3,3) 612
	[0,0] 0
n528:
	(3,3) 708
	[0,0] 0
n527:
	(3,3) 832
	[0,0] 0
n2428:
	(401,177) 20
	[0,0] 0
n1022:
	(177,364) 244
	[0,0] 0
n1021:
	(223,176) 198
	[0,0] 0
n1020:
	(176,176) 432
	[0,0] 0
n1019:
	(187,207) 421
	[0,0] 0
n2427:
	(66,48) 18
	[0,0] 0
n1025:
	(29,107) 55
	[0,0] 0
n1024:
	(54,28) 108
	[0,0] 0
n1023:
	(52,47) 110
	[0,0] 0
n2421:
	(10,10) 12
	[0,0] 0
n2419:
	(7,6) 12
	[0,0] 0
n2422:
	(3,9) 12
	[0,0] 0
n2527:
	(3,6) 15
	[0,0] 0
n2417:
	(2,9) 12
	[0,0] 0
n2526:
	(2,7) 16
	[0,0] 0
n2525:
	(7,9) 15
	[0,0] 0
n2524:
	(3,8) 18
	[0,0] 0
n2418:
	(3,8) 12
	[0,0] 0
n2420:
	(7,9) 12
	[0,0] 0
n2523:
	(6,6) 15
	[0,0] 0
n2522:
	(5,5) 18
	[0,0] 0
n2521:
	(7,7) 14
	[0,0] 0
n2520:
	(6,6) 15
	[0,0] 0
n2519:
	(3,10) 17
	[0,0] 0
n2518:
	(3,5) 18
	[0,0] 0
n2416:
	(3,6) 12
	[0,0] 0
n2517:
	(2,8) 19
	[0,0] 0
n2415:
	(2,5) 12
	[0,0] 0
n2516:
	(2,11) 17
	[0,0] 0
n2515:
	(4,8) 15
	[0,0] 0
n2514:
	(4,2) 16
	[0,0] 0
n2513:
	(9,3) 19
	[0,0] 0
n2512:
	(2,5) 21
	[0,0] 0
n2511:
	(5,3) 18
	[0,0] 0
n2510:
	(2,4) 19
	[0,0] 0
n2509:
	(3,7) 23
	[0,0] 0
n2508:
	(3,2) 14
	[0,0] 0
n2507:
	(7,3) 20
	[0,0] 0
n2506:
	(2,6) 16
	[0,0] 0
n2504:
	(6,3) 21
	[0,0] 0
n2505:
	(2,5) 18
	[0,0] 0
n2503:
	(2,2) 19
	[0,0] 0
n2502:
	(2,2) 19
	[0,0] 0
n2501:
	(2,2) 25
	[0,0] 0
n2500:
	(6,4) 22
	[0,0] 0
n2499:
	(3,5) 23
	[0,0] 0
n1823:
	(12,3) 54
	[0,0] 0
n2365:
	(11,4) 186
	[0,0] 0
n1189:
	(52,47) 44
	[0,0] 0
n2297:
	(181,176) 381
	[0,0] 0

-----------------------------------
Sum of T(sa0)s: ∞
Sum of T(sa1)s: ∞
Testability index: ∞