0:
	(1,1) ∞
	[0,0] ∞
1:
	(1,1) 94
	[0,0] 6
x:
	(1,1) ∞
	[0,0] ∞
xmit_dataH[7]:
	(1,1) 145
	[0,0] 17
xmit_dataH[6]:
	(1,1) 148
	[0,0] 18
xmit_dataH[5]:
	(1,1) 158
	[0,0] 19
xmit_dataH[4]:
	(1,1) 168
	[0,0] 20
xmit_dataH[3]:
	(1,1) 178
	[0,0] 21
xmit_dataH[2]:
	(1,1) 188
	[0,0] 22
xmit_dataH[1]:
	(1,1) 198
	[0,0] 23
xmit_dataH[0]:
	(1,1) 208
	[0,0] 24
sys_clk:
	(1,1) 14
	[0,0] 2
sys_rst_l:
	(1,1) 15
	[0,0] 2
xmitH:
	(1,1) 41
	[0,0] 5
uart_REC_dataH:
	(1,1) 21
	[0,0] 2
test_mode:
	(1,1) 94
	[0,0] 6
test_se:
	(1,1) 12
	[0,0] 1
test_si:
	(1,1) 83
	[0,0] 7
xmit_doneH:
	(5,47) 0
	[1,5] 0
iCTRL:
	(150,28) 19
	[21,3] 2
iRECEIVER_CTRL+1:
	(38,30) 131
	[4,3] 19
iRECEIVER_CTRL+2:
	(38,26) 131
	[5,3] 18
iRECEIVER_CTRL:
	(77,27) 92
	[9,3] 14
iRECEIVER_bitCell_CTRL+1:
	(43,10) 159
	[6,2] 21
iRECEIVER_bitCell_CTRL+2:
	(24,5) 164
	[3,1] 22
iRECEIVER_bitCell_CTRL:
	(16,25) 153
	[3,3] 20
iRECEIVER_N_CTRL_2_+1:
	(119,10) 159
	[12,1] 22
iRECEIVER_N_CTRL_2_+2:
	(80,10) 159
	[9,1] 22
iRECEIVER_N_CTRL_2_:
	(21,81) 148
	[2,9] 21
iRECEIVER_N_CTRL_1_+1:
	(42,12) 157
	[5,1] 22
iRECEIVER_N_CTRL_1_+2:
	(97,10) 159
	[11,1] 22
iRECEIVER_N_CTRL_1_:
	(23,43) 146
	[2,5] 21
iRECEIVER_state_CTRL+1:
	(33,8) 161
	[3,1] 22
iRECEIVER_state_CTRL+2:
	(28,5) 164
	[3,1] 22
iRECEIVER_state_CTRL:
	(14,29) 155
	[2,3] 21
iXMIT_CRTL+1:
	(35,156) 134
	[6,21] 17
iXMIT_CRTL+2:
	(36,154) 133
	[6,19] 17
iXMIT_CRTL:
	(72,155) 97
	[12,19] 11
iXMIT_xmit_CTRL+1:
	(152,5) 164
	[19,1] 22
iXMIT_xmit_CTRL+2:
	(213,5) 164
	[26,1] 22
iXMIT_xmit_CTRL:
	(11,153) 158
	[2,19] 21
iXMIT_N_CTRL_2_+1:
	(287,11) 158
	[38,2] 21
iXMIT_N_CTRL_2_+2:
	(164,12) 157
	[22,2] 21
iXMIT_N_CTRL_2_:
	(24,165) 145
	[4,22] 19
iXMIT_N_CTRL_1_+1:
	(154,12) 157
	[21,2] 21
iXMIT_N_CTRL_1_+2:
	(216,10) 159
	[29,2] 21
iXMIT_N_CTRL_1_:
	(23,155) 146
	[4,21] 19
iXMIT_state_CTRL+1:
	(267,5) 164
	[36,1] 22
iXMIT_state_CTRL+2:
	(182,5) 164
	[25,1] 22
iXMIT_state_CTRL:
	(11,183) 158
	[2,25] 21
iRECEIVER_N28:
	(11,45) 99
	[2,6] 10
n275:
	(6,75) 104
	[1,9] 11
iRECEIVER_N27:
	(11,38) 109
	[2,5] 11
iRECEIVER_N26:
	(9,22) 119
	[2,3] 12
iRECEIVER_N19:
	(11,36) 91
	[2,5] 7
n273:
	(6,48) 96
	[1,6] 8
iRECEIVER_N18:
	(11,29) 101
	[2,4] 8
iRECEIVER_N17:
	(9,13) 111
	[2,2] 9
iXMIT_N46:
	(11,80) 231
	[2,11] 31
n271:
	(6,180) 236
	[1,24] 32
iXMIT_N45:
	(11,73) 238
	[2,10] 32
iXMIT_N44:
	(9,57) 316
	[2,8] 41
iXMIT_N25:
	(11,52) 184
	[2,7] 23
n269:
	(6,96) 189
	[1,12] 24
iXMIT_N24:
	(11,45) 194
	[2,6] 24
iXMIT_N23:
	(9,29) 204
	[2,4] 25
n28:
	(3,92) 51
	[0,12] 5
iXMIT_xmit_doneInH:
	(17,10) 20
	[2,1] 2
n272:
	(24,5) 107
	[3,1] 9
n268:
	(56,5) 200
	[7,1] 25
n274:
	(42,5) 115
	[5,1] 12
n53:
	(64,7) 235
	[9,1] 31
n270:
	(112,5) 244
	[15,1] 33
iXMIT_next_state_1_:
	(24,95) 31
	[3,12] 4
n43:
	(97,2) 49
	[12,0] 5
n211:
	(21,98) 30
	[2,12] 3
iXMIT_next_state_0_:
	(30,103) 41
	[4,14] 5
n18:
	(31,5) 74
	[3,0] 6
n83:
	(39,7) 69
	[4,1] 6
n91+1:
	(52,5) 63
	[7,1] 5
n91+2:
	(21,5) 63
	[3,1] 5
n91:
	(11,22) 57
	[2,3] 4
n79:
	(23,12) 56
	[3,2] 4
n93+1:
	(12,16) 112
	[1,2] 10
n93+2:
	(24,6) 100
	[2,1] 9
n93:
	(7,25) 99
	[1,2] 9
n85+1:
	(28,5) 125
	[4,1] 11
n85+2:
	(11,17) 113
	[2,2] 10
n85:
	(23,12) 107
	[3,2] 9
n88:
	(13,24) 112
	[2,3] 12
n94+1:
	(5,37) 119
	[0,4] 11
n94+2:
	(10,18) 114
	[1,2] 10
n94:
	(19,11) 113
	[2,1] 10
n92:
	(8,37) 87
	[1,3] 8
iRECEIVER_N20:
	(9,43) 83
	[1,4] 7
iRECEIVER_N21:
	(9,51) 73
	[1,5] 6
iRECEIVER_N22:
	(9,67) 63
	[1,7] 5
iRECEIVER_N23:
	(9,74) 53
	[1,8] 4
n80:
	(6,16) 52
	[1,1] 5
n89:
	(25,9) 102
	[3,2] 11
n86+1:
	(55,5) 110
	[6,1] 11
n86+2:
	(15,19) 96
	[3,2] 10
n86:
	(25,16) 90
	[3,3] 9
n87+1:
	(5,35) 101
	[1,4] 11
n87+2:
	(12,9) 94
	[1,1] 11
n87+3:
	(18,10) 88
	[2,1] 10
n87:
	(11,19) 87
	[1,2] 10
iRECEIVER_next_state_0_+1:
	(13,19) 63
	[2,2] 6
iRECEIVER_next_state_0_+2:
	(36,12) 70
	[5,1] 7
iRECEIVER_next_state_0_:
	(32,14) 50
	[3,2] 5
n84+1:
	(5,23) 96
	[1,3] 8
n84+2:
	(10,13) 91
	[1,1] 8
n84:
	(14,11) 90
	[1,1] 8
n81:
	(26,4) 78
	[2,0] 7
n82+1:
	(11,12) 90
	[2,1] 8
n82:
	(25,5) 77
	[2,0] 7
n8:
	(4,30) 45
	[0,3] 3
iRECEIVER_next_state_1_+1:
	(10,26) 72
	[0,2] 7
iRECEIVER_next_state_1_+2:
	(13,32) 66
	[1,3] 6
iRECEIVER_next_state_1_:
	(59,11) 39
	[5,0] 4
iRECEIVER_next_state_2_:
	(7,29) 39
	[1,3] 3
n77+1:
	(11,12) 22
	[2,1] 2
n77:
	(16,12) 18
	[1,1] 2
iRECEIVER_rec_readyInH+1:
	(23,6) 24
	[2,1] 2
iRECEIVER_rec_readyInH+2:
	(17,19) 11
	[1,2] 1
iRECEIVER_rec_readyInH:
	(20,18) 10
	[2,1] 1
n75+1:
	(70,5) 108
	[9,1] 13
n75:
	(51,5) 62
	[7,1] 7
n57:
	(6,77) 36
	[1,10] 4
n62:
	(6,102) 65
	[1,14] 8
n72:
	(103,7) 205
	[14,1] 26
n66:
	(6,93) 49
	[1,13] 6
n74:
	(78,7) 216
	[10,1] 28
n54:
	(6,170) 72
	[1,23] 9
n61:
	(6,56) 139
	[1,8] 18
n65:
	(57,7) 138
	[8,1] 18
n73+1:
	(7,101) 122
	[1,14] 15
n73+2:
	(7,178) 122
	[1,24] 15
n73+3:
	(15,102) 114
	[2,14] 14
n73:
	(103,16) 113
	[14,2] 14
n71+1:
	(185,6) 123
	[25,1] 15
n71+2:
	(104,23) 106
	[14,3] 13
n71:
	(24,105) 105
	[3,14] 13
iXMIT_N26:
	(25,111) 99
	[3,15] 12
iXMIT_N27:
	(10,135) 98
	[2,18] 11
iXMIT_N28:
	(12,151) 88
	[2,20] 10
iXMIT_N29:
	(12,158) 78
	[2,21] 9
n69+1:
	(79,6) 302
	[11,1] 41
n69+2:
	(9,60) 372
	[2,8] 50
n69:
	(89,7) 292
	[13,1] 39
n67+1:
	(7,178) 64
	[1,24] 8
n67+2:
	(5,100) 66
	[1,14] 8
n67+3:
	(13,101) 58
	[2,14] 7
n67:
	(102,14) 57
	[14,2] 7
n68+1:
	(7,171) 64
	[1,23] 8
n68+2:
	(14,103) 57
	[2,14] 7
n68:
	(104,15) 56
	[14,2] 7
n63+1:
	(5,95) 50
	[1,13] 6
n63+2:
	(12,94) 43
	[2,13] 5
n63:
	(95,13) 42
	[13,2] 5
n64+1:
	(11,89) 54
	[2,12] 5
n64:
	(91,2) 52
	[12,0] 5
n44+1:
	(5,100) 49
	[1,14] 4
n44+2:
	(9,93) 45
	[1,12] 4
n44:
	(94,10) 44
	[12,1] 4
n60+1:
	(7,227) 39
	[1,31] 5
n60+2:
	(5,183) 41
	[1,25] 5
n60+3:
	(13,184) 33
	[2,25] 4
n60:
	(185,14) 32
	[25,2] 4
iXMIT_next_state_2_:
	(15,186) 31
	[2,25] 4
n58:
	(2,2) 40
	[0,0] 5
n55+1:
	(8,3) 34
	[1,0] 4
n55:
	(9,9) 28
	[1,1] 3
n56+1:
	(175,5) 108
	[24,1] 13
n56:
	(83,7) 30
	[11,1] 3
n51:
	(10,10) 146
	[1,1] 18
n52:
	(171,7) 160
	[23,1] 20
n47:
	(8,236) 95
	[1,32] 11
n46:
	(11,19) 137
	[1,2] 17
n50+1:
	(5,72) 93
	[1,9] 10
n50+2:
	(9,242) 89
	[1,33] 10
n50+3:
	(15,73) 83
	[2,9] 9
n50:
	(74,16) 82
	[9,2] 9
n223:
	(17,75) 81
	[2,9] 9
n49+1:
	(5,79) 83
	[1,10] 9
n49+2:
	(9,294) 79
	[1,40] 9
n49+3:
	(15,80) 73
	[2,10] 8
n49:
	(81,16) 72
	[10,2] 8
n220:
	(17,82) 71
	[2,10] 8
n48+1:
	(5,86) 73
	[1,11] 8
n48+2:
	(9,310) 69
	[1,42] 8
n48+3:
	(15,87) 63
	[2,11] 7
n48:
	(88,16) 62
	[11,2] 7
n217:
	(17,89) 61
	[2,11] 7
n45+1:
	(5,93) 63
	[1,12] 7
n45+2:
	(9,317) 59
	[1,43] 7
n45+3:
	(15,94) 53
	[2,12] 6
n45:
	(95,16) 52
	[12,2] 6
n214:
	(17,96) 51
	[2,12] 6
n29:
	(11,98) 40
	[1,12] 4
n42+1:
	(5,117) 46
	[1,14] 4
n42+2:
	(17,99) 34
	[2,12] 3
n42:
	(100,18) 33
	[12,2] 3
n26:
	(11,95) 51
	[1,12] 5
n41+1:
	(2,94) 55
	[0,12] 6
n41+2:
	(5,205) 52
	[1,25] 5
n41+3:
	(8,95) 49
	[1,12] 5
n41:
	(96,9) 48
	[12,1] 5
n208+1:
	(119,6) 51
	[14,1] 5
n208+2:
	(97,16) 41
	[12,2] 4
n208:
	(17,98) 40
	[2,12] 4
n39+1:
	(2,94) 65
	[0,12] 7
n39+2:
	(5,205) 62
	[1,25] 6
n39+3:
	(8,95) 59
	[1,12] 6
n39:
	(96,9) 58
	[12,1] 6
n205+1:
	(119,6) 61
	[14,1] 6
n205+2:
	(97,16) 51
	[12,2] 5
n205:
	(17,98) 50
	[2,12] 5
n37+1:
	(2,94) 75
	[0,12] 8
n37+2:
	(5,205) 72
	[1,25] 7
n37+3:
	(8,95) 69
	[1,12] 7
n37:
	(96,9) 68
	[12,1] 7
n202+1:
	(119,6) 71
	[14,1] 7
n202+2:
	(97,16) 61
	[12,2] 6
n202:
	(17,98) 60
	[2,12] 6
n35+1:
	(2,94) 85
	[0,12] 9
n35+2:
	(5,205) 82
	[1,25] 8
n35+3:
	(8,95) 79
	[1,12] 8
n35:
	(96,9) 78
	[12,1] 8
n199+1:
	(119,6) 81
	[14,1] 8
n199+2:
	(97,16) 71
	[12,2] 7
n199:
	(17,98) 70
	[2,12] 7
n33+1:
	(2,94) 95
	[0,12] 10
n33+2:
	(5,205) 92
	[1,25] 9
n33+3:
	(8,95) 89
	[1,12] 9
n33:
	(96,9) 88
	[12,1] 9
n196+1:
	(119,6) 91
	[14,1] 9
n196+2:
	(97,16) 81
	[12,2] 8
n196:
	(17,98) 80
	[2,12] 8
n31+1:
	(2,94) 105
	[0,12] 11
n31+2:
	(5,205) 102
	[1,25] 10
n31+3:
	(8,95) 99
	[1,12] 10
n31:
	(96,9) 98
	[12,1] 10
n193+1:
	(119,6) 101
	[14,1] 10
n193+2:
	(97,16) 91
	[12,2] 9
n193:
	(17,98) 90
	[2,12] 9
n27+1:
	(2,94) 115
	[0,12] 12
n27+2:
	(5,205) 112
	[1,25] 11
n27+3:
	(8,95) 109
	[1,12] 11
n27:
	(96,9) 108
	[12,1] 11
n190+1:
	(114,6) 111
	[14,1] 11
n190+2:
	(97,16) 101
	[12,2] 10
n190:
	(17,98) 100
	[2,12] 10
n25+1:
	(5,34) 41
	[0,3] 3
n25+2:
	(5,51) 41
	[1,4] 2
n25+3:
	(11,35) 35
	[1,3] 2
n25:
	(36,12) 34
	[3,1] 2
n165:
	(13,37) 33
	[1,3] 2
n24+1:
	(5,76) 51
	[0,7] 4
n24+2:
	(5,84) 51
	[1,8] 3
n24+3:
	(11,77) 45
	[1,7] 3
n24:
	(78,12) 44
	[7,1] 3
n158:
	(13,79) 43
	[1,7] 3
n23+1:
	(5,109) 51
	[0,11] 4
n23+2:
	(5,77) 51
	[1,10] 3
n23+3:
	(11,78) 45
	[1,10] 3
n23:
	(79,12) 44
	[10,1] 3
n151:
	(13,80) 43
	[1,10] 3
n22+1:
	(5,102) 51
	[0,13] 4
n22+2:
	(5,70) 51
	[1,9] 3
n22+3:
	(11,71) 45
	[1,9] 3
n22:
	(72,12) 44
	[9,1] 3
n144:
	(13,73) 43
	[1,9] 3
n21+1:
	(5,95) 51
	[0,12] 4
n21+2:
	(5,63) 51
	[1,8] 3
n21+3:
	(11,64) 45
	[1,8] 3
n21:
	(65,12) 44
	[8,1] 3
n137:
	(13,66) 43
	[1,8] 3
n20+1:
	(5,88) 51
	[0,11] 4
n20+2:
	(5,56) 51
	[1,7] 3
n20+3:
	(11,57) 45
	[1,7] 3
n20:
	(58,12) 44
	[7,1] 3
n130:
	(13,59) 43
	[1,7] 3
n19+1:
	(5,81) 51
	[0,10] 4
n19+2:
	(5,49) 51
	[1,6] 3
n19+3:
	(11,50) 45
	[1,6] 3
n19:
	(51,12) 44
	[6,1] 3
n123:
	(13,52) 43
	[1,6] 3
n17+1:
	(5,74) 51
	[0,9] 4
n17+2:
	(5,42) 51
	[1,5] 3
n17+3:
	(11,43) 45
	[1,5] 3
n17:
	(44,12) 44
	[5,1] 3
n116:
	(13,45) 43
	[1,5] 3
n15+1:
	(9,11) 122
	[1,1] 13
n15+2:
	(10,17) 116
	[1,2] 12
n15:
	(18,11) 115
	[2,1] 12
n9+1:
	(23,6) 120
	[2,1] 12
n9+2:
	(19,18) 108
	[2,2] 11
n9:
	(19,20) 107
	[2,2] 11
n12+1:
	(5,76) 68
	[0,9] 7
n12+2:
	(5,59) 68
	[1,7] 6
n12+3:
	(11,60) 62
	[1,7] 6
n12:
	(61,12) 61
	[7,1] 6
n109:
	(13,62) 60
	[1,7] 6
n11+1:
	(5,36) 98
	[0,4] 10
n11+2:
	(5,38) 98
	[1,4] 9
n11+3:
	(11,37) 92
	[1,4] 9
n11:
	(38,12) 91
	[4,1] 9
n106:
	(13,39) 90
	[1,4] 9
n10+1:
	(5,53) 88
	[0,6] 9
n10+2:
	(5,45) 88
	[1,5] 8
n10+3:
	(11,46) 82
	[1,5] 8
n10:
	(47,12) 81
	[5,1] 8
n103:
	(13,48) 80
	[1,5] 8
n7+1:
	(5,69) 78
	[0,8] 8
n7+2:
	(5,52) 78
	[1,6] 7
n7+3:
	(11,53) 72
	[1,6] 7
n7:
	(54,12) 71
	[6,1] 7
n100:
	(13,55) 70
	[1,6] 7
n3+1:
	(82,11) 201
	[11,2] 26
n3+2:
	(185,6) 98
	[24,1] 13
n3:
	(7,186) 97
	[1,24] 13
n2+1:
	(5,175) 99
	[1,24] 13
n2+2:
	(13,176) 91
	[2,24] 12
n2:
	(177,14) 90
	[24,2] 12
uart_XMIT_dataH+1:
	(9,88) 16
	[2,12] 2
uart_XMIT_dataH+2:
	(10,103) 1
	[2,14] 0
uart_XMIT_dataH:
	(104,11) 0
	[14,2] 0
n371:
	(3,4) 91
	[0,0] 6
n370:
	(3,2) 92
	[0,0] 6
iXMIT_bitCell_cntrH_2_+1:
	(2,2) 120
	[0,0] 15
iXMIT_bitCell_cntrH_2_:
	(4,38) 78
	[1,5] 9
n251:
	(39,5) 200
	[5,1] 25
iXMIT_state_0_+1:
	(2,2) 115
	[0,0] 16
iXMIT_state_0_:
	(4,80) 31
	[1,11] 4
n239:
	(81,5) 144
	[11,1] 17
iXMIT_state_2_+1:
	(2,2) 119
	[0,0] 17
iXMIT_state_2_:
	(4,94) 21
	[1,13] 3
n242:
	(95,5) 37
	[13,1] 4
iXMIT_state_1_+1:
	(2,2) 112
	[0,0] 16
iXMIT_state_1_:
	(4,87) 21
	[1,12] 3
n246:
	(88,5) 32
	[12,1] 3
iXMIT_bitCountH_0_+1:
	(2,2) 127
	[0,0] 16
iXMIT_bitCountH_0_:
	(4,52) 71
	[1,7] 8
n252:
	(53,5) 326
	[7,1] 42
iXMIT_bitCountH_1_+1:
	(2,2) 124
	[0,0] 16
iXMIT_bitCountH_1_:
	(4,59) 61
	[1,8] 7
iXMIT_bitCountH_2_+1:
	(2,2) 121
	[0,0] 16
iXMIT_bitCountH_2_:
	(4,66) 51
	[1,9] 6
n247:
	(67,5) 244
	[9,1] 33
iXMIT_bitCountH_3_+1:
	(2,2) 118
	[0,0] 16
iXMIT_bitCountH_3_:
	(4,73) 41
	[1,10] 5
n253:
	(74,5) 307
	[10,1] 42
iXMIT_xmit_ShiftRegH_7_+1:
	(2,2) 130
	[0,0] 16
iXMIT_xmit_ShiftRegH_7_:
	(4,106) 20
	[1,13] 2
iXMIT_xmit_ShiftRegH_6_+1:
	(2,2) 140
	[0,0] 17
iXMIT_xmit_ShiftRegH_6_:
	(4,106) 30
	[1,13] 3
n258:
	(107,5) 63
	[13,1] 6
iXMIT_xmit_ShiftRegH_5_+1:
	(2,2) 150
	[0,0] 18
iXMIT_xmit_ShiftRegH_5_:
	(4,106) 40
	[1,13] 4
n259:
	(107,5) 73
	[13,1] 7
iXMIT_xmit_ShiftRegH_4_+1:
	(2,2) 160
	[0,0] 19
iXMIT_xmit_ShiftRegH_4_:
	(4,106) 50
	[1,13] 5
n260:
	(107,5) 83
	[13,1] 8
iXMIT_xmit_ShiftRegH_3_+1:
	(2,2) 170
	[0,0] 20
iXMIT_xmit_ShiftRegH_3_:
	(4,106) 60
	[1,13] 6
n261:
	(107,5) 93
	[13,1] 9
iXMIT_xmit_ShiftRegH_2_+1:
	(2,2) 180
	[0,0] 21
iXMIT_xmit_ShiftRegH_2_:
	(4,106) 70
	[1,13] 7
n262:
	(107,5) 103
	[13,1] 10
iXMIT_xmit_ShiftRegH_1_+1:
	(2,2) 190
	[0,0] 22
iXMIT_xmit_ShiftRegH_1_:
	(4,106) 80
	[1,13] 8
n263:
	(107,5) 113
	[13,1] 11
xmit_doneH_temp+1:
	(2,2) 32
	[0,0] 4
xmit_doneH_temp:
	(4,18) 10
	[1,2] 1
iRECEIVER_state_1_+1:
	(2,2) 43
	[0,0] 5
iRECEIVER_state_1_:
	(4,10) 29
	[1,1] 3
n241:
	(11,5) 28
	[1,1] 3
iRECEIVER_state_0_+1:
	(2,2) 48
	[0,0] 5
iRECEIVER_state_0_+2:
	(8,20) 42
	[1,3] 4
iRECEIVER_state_0_:
	(11,3) 39
	[1,0] 4
n245:
	(4,12) 43
	[0,1] 4
iRECEIVER_bitCell_cntrH_0_+1:
	(2,2) 85
	[0,0] 8
iRECEIVER_bitCell_cntrH_0_:
	(4,8) 73
	[1,1] 6
n255:
	(9,5) 79
	[1,1] 7
iRECEIVER_bitCell_cntrH_1_+1:
	(2,2) 82
	[0,0] 8
iRECEIVER_bitCell_cntrH_1_:
	(4,15) 63
	[1,2] 5
n244:
	(16,5) 119
	[2,1] 11
iRECEIVER_bitCell_cntrH_2_+1:
	(2,2) 79
	[0,0] 8
iRECEIVER_bitCell_cntrH_2_:
	(4,22) 53
	[1,3] 4
n249:
	(23,5) 107
	[3,1] 9
iRECEIVER_bitCell_cntrH_3_+1:
	(2,2) 76
	[0,0] 8
iRECEIVER_bitCell_cntrH_3_:
	(4,29) 43
	[1,4] 3
n256:
	(30,5) 119
	[4,1] 11
iRECEIVER_state_2_+1:
	(2,2) 50
	[0,0] 5
iRECEIVER_state_2_:
	(4,17) 29
	[1,2] 2
n238:
	(18,5) 28
	[2,1] 2
rec_readyH+1:
	(2,2) 14
	[0,0] 2
rec_readyH:
	(4,10) 0
	[1,1] 0
rec_dataH_rec[7]+1:
	(2,2) 72
	[0,0] 6
rec_dataH_rec[7]:
	(4,45) 23
	[1,4] 1
rec_dataH_temp[7]+1:
	(2,2) 83
	[0,0] 6
rec_dataH_temp[7]:
	(17,66) 0
	[1,5] 0
rec_dataH[7]+1:
	(2,2) 78
	[0,0] 7
rec_dataH[7]:
	(4,74) 0
	[1,6] 0
rec_dataH_rec[6]+1:
	(2,2) 115
	[0,0] 11
rec_dataH_rec[6]:
	(4,78) 33
	[1,8] 2
rec_dataH_temp[6]+1:
	(2,2) 126
	[0,0] 11
rec_dataH_temp[6]:
	(17,99) 10
	[1,9] 1
rec_dataH[6]+1:
	(2,2) 71
	[0,0] 10
rec_dataH[6]:
	(4,67) 0
	[1,9] 0
rec_dataH_rec[5]+1:
	(2,2) 108
	[0,0] 13
rec_dataH_rec[5]:
	(4,71) 33
	[1,10] 2
rec_dataH_temp[5]+1:
	(2,2) 119
	[0,0] 13
rec_dataH_temp[5]:
	(17,92) 10
	[1,11] 1
rec_dataH[5]+1:
	(2,2) 64
	[0,0] 9
rec_dataH[5]:
	(4,60) 0
	[1,8] 0
rec_dataH_rec[4]+1:
	(2,2) 101
	[0,0] 12
rec_dataH_rec[4]:
	(4,64) 33
	[1,9] 2
rec_dataH_temp[4]+1:
	(2,2) 112
	[0,0] 12
rec_dataH_temp[4]:
	(17,85) 10
	[1,10] 1
rec_dataH[4]+1:
	(2,2) 57
	[0,0] 8
rec_dataH[4]:
	(4,53) 0
	[1,7] 0
rec_dataH_rec[3]+1:
	(2,2) 94
	[0,0] 11
rec_dataH_rec[3]:
	(4,57) 33
	[1,8] 2
rec_dataH_temp[3]+1:
	(2,2) 105
	[0,0] 11
rec_dataH_temp[3]:
	(17,78) 10
	[1,9] 1
rec_dataH[3]+1:
	(2,2) 50
	[0,0] 7
rec_dataH[3]:
	(4,46) 0
	[1,6] 0
rec_dataH_rec[2]+1:
	(2,2) 87
	[0,0] 10
rec_dataH_rec[2]:
	(4,50) 33
	[1,7] 2
rec_dataH_temp[2]+1:
	(2,2) 98
	[0,0] 10
rec_dataH_temp[2]:
	(17,71) 10
	[1,8] 1
rec_dataH[2]+1:
	(2,2) 43
	[0,0] 6
rec_dataH[2]:
	(4,39) 0
	[1,5] 0
rec_dataH_rec[1]+1:
	(2,2) 80
	[0,0] 9
rec_dataH_rec[1]:
	(4,43) 33
	[1,6] 2
rec_dataH_temp[1]+1:
	(2,2) 91
	[0,0] 9
rec_dataH_temp[1]:
	(17,64) 10
	[1,7] 1
rec_dataH[1]+1:
	(2,2) 36
	[0,0] 5
rec_dataH[1]:
	(4,32) 0
	[1,4] 0
rec_dataH_rec[0]+1:
	(2,2) 73
	[0,0] 8
rec_dataH_rec[0]:
	(4,36) 33
	[1,5] 2
rec_dataH_temp[0]+1:
	(2,2) 84
	[0,0] 8
rec_dataH_temp[0]:
	(17,57) 10
	[1,6] 1
rec_dataH[0]+1:
	(2,2) 29
	[0,0] 4
rec_dataH[0]:
	(4,25) 0
	[1,3] 0
iRECEIVER_recd_bitCntrH_3_+1:
	(2,2) 92
	[0,0] 11
iRECEIVER_recd_bitCntrH_3_:
	(4,38) 50
	[1,5] 5
iRECEIVER_recd_bitCntrH_0_+1:
	(2,2) 101
	[0,0] 11
iRECEIVER_recd_bitCntrH_0_:
	(4,17) 80
	[1,2] 8
n243:
	(18,5) 106
	[2,1] 12
iRECEIVER_recd_bitCntrH_1_+1:
	(2,2) 98
	[0,0] 11
iRECEIVER_recd_bitCntrH_1_:
	(4,24) 70
	[1,3] 7
iRECEIVER_recd_bitCntrH_2_+1:
	(2,2) 95
	[0,0] 11
iRECEIVER_recd_bitCntrH_2_:
	(4,31) 60
	[1,4] 6
n250:
	(32,5) 115
	[4,1] 12
iXMIT_bitCell_cntrH_3_+1:
	(2,2) 117
	[0,0] 15
iXMIT_bitCell_cntrH_3_:
	(4,45) 68
	[1,6] 8
iXMIT_bitCell_cntrH_0_+1:
	(2,2) 117
	[0,0] 15
iXMIT_bitCell_cntrH_0_:
	(4,24) 89
	[1,3] 11
n254:
	(25,5) 88
	[3,1] 11
iXMIT_bitCell_cntrH_1_+1:
	(2,2) 123
	[0,0] 15
iXMIT_bitCell_cntrH_1_:
	(4,31) 88
	[1,4] 10
n281+1:
	(2,2) 195
	[0,0] 23
n281:
	(4,101) 90
	[1,13] 9
n257:
	(102,5) 123
	[13,1] 12
iRECEIVER_rec_datSyncH+1:
	(2,2) 18
	[0,0] 2
iRECEIVER_rec_datSyncH+2:
	(7,7) 13
	[1,1] 1
iRECEIVER_rec_datSyncH:
	(10,3) 10
	[1,0] 1
iRECEIVER_rec_datH+1:
	(2,2) 29
	[0,0] 3
iRECEIVER_rec_datH+2:
	(8,9) 23
	[1,1] 2
iRECEIVER_rec_datH:
	(11,3) 20
	[1,0] 2
n248:
	(4,12) 90
	[0,1] 8
n400+1:
	(2,2) 205
	[0,0] 28
n400+2:
	(8,9) 199
	[1,1] 27
n400:
	(11,3) 196
	[1,0] 27
\test_point/DOUT+1:
	(5,4) 97
	[0,0] 7
\test_point/DOUT+2:
	(5,15) 86
	[0,1] 6
\test_point/DOUT+3:
	(2,6) 89
	[0,0] 6
\test_point/DOUT:
	(8,7) 83
	[0,0] 6
n160+1:
	(2,2) 128
	[0,0] 12
n160+2:
	(3,70) 60
	[0,7] 5
n160+3:
	(2,17) 61
	[0,2] 5
n160:
	(6,18) 57
	[0,2] 5
n161+1:
	(2,2) 122
	[0,0] 11
n161+2:
	(3,54) 70
	[0,5] 6
n161+3:
	(2,10) 71
	[0,1] 6
n161:
	(6,11) 67
	[0,1] 6
n162+1:
	(2,2) 124
	[0,0] 11
n162+2:
	(3,46) 80
	[0,4] 7
n162+3:
	(2,3) 81
	[0,0] 7
n162:
	(6,4) 77
	[0,0] 7
n163+1:
	(2,2) 62
	[0,0] 7
n163+2:
	(3,17) 47
	[0,2] 5
n163+3:
	(2,40) 48
	[0,5] 5
n163:
	(6,18) 44
	[0,2] 5
n164+1:
	(2,2) 48
	[0,0] 4
n164+2:
	(3,14) 36
	[0,0] 4
n164+3:
	(2,5) 37
	[0,0] 4
n164:
	(6,6) 33
	[0,0] 4
n166+1:
	(2,2) 28
	[0,0] 3
n166+2:
	(3,13) 17
	[0,1] 2
n166+3:
	(2,108) 18
	[0,13] 2
n166:
	(6,14) 14
	[0,1] 2
n167+1:
	(2,2) 186
	[0,0] 21
n167+2:
	(3,101) 87
	[0,12] 9
n167+3:
	(2,103) 88
	[0,13] 9
n167:
	(6,102) 84
	[0,12] 9
n168+1:
	(2,2) 176
	[0,0] 20
n168+2:
	(3,101) 77
	[0,12] 8
n168+3:
	(2,108) 78
	[0,13] 8
n168:
	(6,102) 74
	[0,12] 8
n169+1:
	(2,2) 166
	[0,0] 19
n169+2:
	(3,101) 67
	[0,12] 7
n169+3:
	(2,108) 68
	[0,13] 7
n169:
	(6,102) 64
	[0,12] 7
n170+1:
	(2,2) 156
	[0,0] 18
n170+2:
	(3,101) 57
	[0,12] 6
n170+3:
	(2,108) 58
	[0,13] 6
n170:
	(6,102) 54
	[0,12] 6
n171+1:
	(2,2) 146
	[0,0] 17
n171+2:
	(3,101) 47
	[0,12] 5
n171+3:
	(2,108) 48
	[0,13] 5
n171:
	(6,102) 44
	[0,12] 5
n172+1:
	(2,2) 136
	[0,0] 16
n172+2:
	(3,101) 37
	[0,12] 4
n172+3:
	(2,108) 38
	[0,13] 4
n172:
	(6,102) 34
	[0,12] 4
n173+1:
	(2,2) 126
	[0,0] 15
n173+2:
	(3,101) 27
	[0,12] 3
n173+3:
	(2,108) 28
	[0,13] 3
n173:
	(6,102) 24
	[0,12] 3
n174+1:
	(2,2) 145
	[0,0] 18
n174+2:
	(3,99) 48
	[0,12] 6
n174+3:
	(2,68) 49
	[0,9] 6
n174:
	(6,69) 45
	[0,9] 6
n175+1:
	(2,2) 148
	[0,0] 18
n175+2:
	(3,92) 58
	[0,11] 7
n175+3:
	(2,61) 59
	[0,8] 7
n175:
	(6,62) 55
	[0,8] 7
n176+1:
	(2,2) 151
	[0,0] 18
n176+2:
	(3,85) 68
	[0,10] 8
n176+3:
	(2,54) 69
	[0,7] 8
n176:
	(6,55) 65
	[0,7] 8
n177+1:
	(2,2) 154
	[0,0] 18
n177+2:
	(3,78) 78
	[0,9] 9
n177+3:
	(2,47) 79
	[0,6] 9
n177:
	(6,48) 75
	[0,6] 9
n178+1:
	(2,2) 124
	[0,0] 16
n178+2:
	(3,98) 28
	[0,12] 4
n178+3:
	(2,82) 29
	[0,11] 4
n178:
	(6,83) 25
	[0,11] 4
n179+1:
	(2,2) 215
	[0,0] 29
n179+2:
	(3,189) 28
	[0,25] 4
n179+3:
	(2,89) 29
	[0,12] 4
n179:
	(6,90) 25
	[0,12] 4
n180+1:
	(2,2) 142
	[0,0] 19
n180+2:
	(3,106) 38
	[0,14] 5
n180+3:
	(2,75) 39
	[0,10] 5
n180:
	(6,76) 35
	[0,10] 5
n181+1:
	(2,2) 237
	[0,0] 30
n181+2:
	(3,154) 85
	[0,20] 10
n181+3:
	(2,33) 86
	[0,4] 10
n181:
	(6,34) 82
	[0,4] 10
n118+1:
	(2,2) 20
	[0,0] 2
n118+2:
	(2,4) 18
	[0,0] 2
n118+3:
	(2,5) 18
	[0,0] 2
n118:
	(5,5) 15
	[0,0] 2
n119+1:
	(2,2) 196
	[0,0] 22
n119+2:
	(3,101) 97
	[0,12] 10
n119+3:
	(2,96) 98
	[0,13] 10
n119:
	(6,97) 94
	[0,12] 10
n120+1:
	(2,2) 231
	[0,0] 29
n120+2:
	(3,138) 95
	[0,18] 11
n120+3:
	(2,26) 96
	[0,3] 11
n120:
	(6,27) 92
	[0,3] 11
n121+1:
	(2,2) 208
	[0,0] 27
n121+2:
	(3,114) 96
	[0,15] 12
n121+3:
	(2,19) 97
	[0,2] 12
n121:
	(6,20) 93
	[0,2] 12
n122+1:
	(2,2) 234
	[0,0] 30
n122+2:
	(3,161) 75
	[0,21] 9
n122+3:
	(2,40) 76
	[0,5] 9
n122:
	(6,41) 72
	[0,5] 9
n124+1:
	(2,2) 123
	[0,0] 13
n124+2:
	(3,58) 67
	[0,6] 7
n124+3:
	(2,26) 68
	[0,3] 7
n124:
	(6,27) 64
	[0,3] 7
n125+1:
	(2,2) 126
	[0,0] 13
n125+2:
	(3,51) 77
	[0,5] 8
n125+3:
	(2,19) 78
	[0,2] 8
n125:
	(6,20) 74
	[0,2] 8
n126+1:
	(2,2) 127
	[0,0] 13
n126+2:
	(3,42) 87
	[0,4] 9
n126+3:
	(2,12) 88
	[0,1] 9
n126:
	(6,13) 84
	[0,1] 9
n127+1:
	(2,2) 120
	[0,0] 13
n127+2:
	(3,65) 57
	[0,7] 6
n127+3:
	(2,33) 58
	[0,4] 6
n127:
	(6,34) 54
	[0,4] 6
n128+1:
	(2,2) 65
	[0,0] 7
n128+2:
	(3,60) 7
	[0,6] 1
n128+3:
	(2,20) 8
	[0,2] 1
n128:
	(6,21) 4
	[0,2] 1
n129+1:
	(2,2) 67
	[0,0] 7
n129+2:
	(3,39) 30
	[0,5] 2
n129+3:
	(2,76) 31
	[0,6] 2
n129:
	(6,40) 27
	[0,5] 2
n131+1:
	(2,2) 86
	[0,0] 8
n131+2:
	(3,48) 40
	[0,5] 3
n131+3:
	(2,31) 41
	[0,4] 3
n131:
	(6,32) 37
	[0,4] 3
n132+1:
	(2,2) 72
	[0,0] 8
n132+2:
	(3,67) 7
	[0,7] 1
n132+3:
	(2,27) 8
	[0,3] 1
n132:
	(6,28) 4
	[0,3] 1
n133+1:
	(2,2) 74
	[0,0] 8
n133+2:
	(3,46) 30
	[0,6] 2
n133+3:
	(2,59) 31
	[0,6] 2
n133:
	(6,47) 27
	[0,6] 2
n134+1:
	(2,2) 93
	[0,0] 9
n134+2:
	(3,55) 40
	[0,6] 3
n134+3:
	(2,38) 41
	[0,5] 3
n134:
	(6,39) 37
	[0,5] 3
n135+1:
	(2,2) 79
	[0,0] 9
n135+2:
	(3,74) 7
	[0,8] 1
n135+3:
	(2,34) 8
	[0,4] 1
n135:
	(6,35) 4
	[0,4] 1
n136+1:
	(2,2) 81
	[0,0] 9
n136+2:
	(3,53) 30
	[0,7] 2
n136+3:
	(2,66) 31
	[0,7] 2
n136:
	(6,54) 27
	[0,7] 2
n138+1:
	(2,2) 100
	[0,0] 10
n138+2:
	(3,62) 40
	[0,7] 3
n138+3:
	(2,45) 41
	[0,6] 3
n138:
	(6,46) 37
	[0,6] 3
n139+1:
	(2,2) 86
	[0,0] 10
n139+2:
	(3,81) 7
	[0,9] 1
n139+3:
	(2,41) 8
	[0,5] 1
n139:
	(6,42) 4
	[0,5] 1
n140+1:
	(2,2) 88
	[0,0] 10
n140+2:
	(3,60) 30
	[0,8] 2
n140+3:
	(2,73) 31
	[0,8] 2
n140:
	(6,61) 27
	[0,8] 2
n141+1:
	(2,2) 107
	[0,0] 11
n141+2:
	(3,69) 40
	[0,8] 3
n141+3:
	(2,52) 41
	[0,7] 3
n141:
	(6,53) 37
	[0,7] 3
n142+1:
	(2,2) 93
	[0,0] 11
n142+2:
	(3,88) 7
	[0,10] 1
n142+3:
	(2,48) 8
	[0,6] 1
n142:
	(6,49) 4
	[0,6] 1
n143+1:
	(2,2) 95
	[0,0] 11
n143+2:
	(3,67) 30
	[0,9] 2
n143+3:
	(2,80) 31
	[0,9] 2
n143:
	(6,68) 27
	[0,9] 2
n145+1:
	(2,2) 114
	[0,0] 12
n145+2:
	(3,76) 40
	[0,9] 3
n145+3:
	(2,59) 41
	[0,8] 3
n145:
	(6,60) 37
	[0,8] 3
n146+1:
	(2,2) 100
	[0,0] 12
n146+2:
	(3,95) 7
	[0,11] 1
n146+3:
	(2,55) 8
	[0,7] 1
n146:
	(6,56) 4
	[0,7] 1
n147+1:
	(2,2) 102
	[0,0] 12
n147+2:
	(3,74) 30
	[0,10] 2
n147+3:
	(2,87) 31
	[0,10] 2
n147:
	(6,75) 27
	[0,10] 2
n148+1:
	(2,2) 121
	[0,0] 13
n148+2:
	(3,83) 40
	[0,10] 3
n148+3:
	(2,66) 41
	[0,9] 3
n148:
	(6,67) 37
	[0,9] 3
n149+1:
	(2,2) 107
	[0,0] 10
n149+2:
	(3,102) 7
	[0,9] 1
n149+3:
	(2,62) 8
	[0,8] 1
n149:
	(6,63) 4
	[0,8] 1
n150+1:
	(2,2) 109
	[0,0] 10
n150+2:
	(3,81) 30
	[0,8] 2
n150+3:
	(2,94) 31
	[0,11] 2
n150:
	(6,82) 27
	[0,8] 2
n152+1:
	(2,2) 120
	[0,0] 10
n152+2:
	(3,82) 40
	[0,7] 3
n152+3:
	(2,73) 41
	[0,10] 3
n152:
	(6,74) 37
	[0,7] 3
n153+1:
	(2,2) 74
	[0,0] 6
n153+2:
	(3,69) 7
	[0,5] 1
n153+3:
	(2,69) 8
	[0,9] 1
n153:
	(6,70) 4
	[0,5] 1
n154+1:
	(2,2) 66
	[0,0] 5
n154+2:
	(3,48) 20
	[0,4] 1
n154+3:
	(2,101) 21
	[0,9] 1
n154:
	(6,49) 17
	[0,4] 1
n155+1:
	(2,2) 68
	[0,0] 5
n155+2:
	(3,40) 30
	[0,3] 2
n155+3:
	(2,80) 31
	[0,8] 2
n155:
	(6,41) 27
	[0,3] 2
n156+1:
	(2,2) 26
	[0,0] 2
n156+2:
	(3,21) 7
	[0,1] 1
n156+3:
	(2,5) 8
	[0,0] 1
n156:
	(6,6) 4
	[0,0] 1
n157+1:
	(2,2) 66
	[0,0] 6
n157+2:
	(3,32) 36
	[0,3] 3
n157+3:
	(2,12) 37
	[0,1] 3
n157:
	(6,13) 33
	[0,1] 3
n159+1:
	(2,2) 125
	[0,0] 12
n159+2:
	(3,77) 50
	[0,8] 4
n159+3:
	(2,24) 51
	[0,3] 4
n159:
	(6,25) 47
	[0,3] 4
n117+1:
	(2,2) 32
	[0,0] 3
n117+2:
	(3,6) 28
	[0,0] 3
n117+3:
	(2,47) 29
	[0,4] 3
n117:
	(6,7) 25
	[0,0] 3
\test_point/TM:
	(1,1) 94
	[0,0] 6
test_so:
	(17,66) 0
	[1,5] 0

-----------------------------------
Sum of T(sa0)s: ∞
Sum of T(sa1)s: ∞
Testability index: ∞