0:
	(1,1) ∞
	[0,0] ∞
1:
	(1,1) 6
	[0,0] 1
x:
	(1,1) ∞
	[0,0] ∞
n0:
	(1,1) 14
	[0,0] 2
n1:
	(1,1) 15
	[0,0] 2
n2:
	(1,1) 14
	[0,0] 2
n3[11]:
	(1,1) 94
	[0,0] 2
n3[10]:
	(1,1) 106
	[0,0] 2
n3[9]:
	(1,1) 106
	[0,0] 2
n3[8]:
	(1,1) 106
	[0,0] 2
n3[7]:
	(1,1) 106
	[0,0] 2
n3[6]:
	(1,1) 106
	[0,0] 2
n3[5]:
	(1,1) 106
	[0,0] 2
n3[4]:
	(1,1) 106
	[0,0] 2
n3[3]:
	(1,1) 106
	[0,0] 2
n3[2]:
	(1,1) 106
	[0,0] 2
n3[1]:
	(1,1) 106
	[0,0] 2
n3[0]:
	(1,1) 102
	[0,0] 2
n4[11]:
	(1,1) 94
	[0,0] 2
n4[10]:
	(1,1) 106
	[0,0] 2
n4[9]:
	(1,1) 109
	[0,0] 2
n4[8]:
	(1,1) 109
	[0,0] 2
n4[7]:
	(1,1) 109
	[0,0] 2
n4[6]:
	(1,1) 109
	[0,0] 2
n4[5]:
	(1,1) 109
	[0,0] 2
n4[4]:
	(1,1) 109
	[0,0] 2
n4[3]:
	(1,1) 109
	[0,0] 2
n4[2]:
	(1,1) 109
	[0,0] 2
n4[1]:
	(1,1) 108
	[0,0] 2
n4[0]:
	(1,1) 102
	[0,0] 2
n5[2]:
	(1,1) 49
	[0,0] 2
n5[1]:
	(1,1) 52
	[0,0] 2
n5[0]:
	(1,1) 52
	[0,0] 2
n1693:
	(4,8) 86
	[0,1] 4
n1704:
	(15,13) 143
	[0,1] 1
n1703:
	(15,13) 143
	[0,1] 1
n1698:
	(15,13) 143
	[0,1] 1
n1724:
	(13,12) 129
	[0,1] 1
n1723:
	(13,12) 129
	[0,1] 1
n1722:
	(13,12) 129
	[0,1] 1
n1701:
	(15,13) 143
	[0,1] 1
n1697:
	(15,13) 143
	[0,1] 1
n1721:
	(13,12) 129
	[0,1] 1
n1696:
	(15,13) 143
	[0,1] 1
n1720:
	(13,12) 129
	[0,1] 1
n1719:
	(13,12) 129
	[0,1] 1
n1702:
	(15,13) 143
	[0,1] 1
n1700:
	(15,13) 143
	[0,1] 1
n1695:
	(15,13) 143
	[0,1] 1
n1718:
	(13,12) 129
	[0,1] 1
n1717:
	(13,12) 129
	[0,1] 1
n1699:
	(15,13) 143
	[0,1] 1
n1726:
	(13,12) 129
	[0,1] 1
n1725:
	(13,12) 129
	[0,1] 1
n1692:
	(9,18) 149
	[0,1] 1
n1691:
	(9,18) 149
	[0,1] 1
n1690:
	(8,17) 134
	[0,1] 1
n1689:
	(9,18) 149
	[0,1] 1
n1688:
	(8,17) 134
	[0,1] 1
n1687:
	(8,17) 134
	[0,1] 1
n1705:
	(7,93) 129
	[0,11] 1
n1686:
	(9,18) 149
	[0,1] 1
n1685:
	(9,18) 149
	[0,1] 1
n1684:
	(8,17) 134
	[0,1] 1
n1683:
	(9,18) 149
	[0,1] 1
n1682:
	(8,17) 134
	[0,1] 1
n1681:
	(9,18) 149
	[0,1] 1
n1680:
	(8,17) 134
	[0,1] 1
n1679:
	(8,17) 134
	[0,1] 1
n1678:
	(9,17) 149
	[0,1] 1
n1677:
	(9,18) 149
	[0,1] 1
n1676:
	(8,16) 134
	[0,1] 1
n1727:
	(7,92) 120
	[0,11] 1
n1675:
	(8,17) 134
	[0,1] 1
n1674:
	(8,17) 134
	[0,1] 1
n1673:
	(4,11) 138
	[0,1] 1
n1672:
	(5,12) 153
	[0,1] 1
n1671:
	(4,11) 138
	[0,1] 1
n1670:
	(5,12) 153
	[0,1] 1
n1669:
	(4,11) 138
	[0,1] 1
n1668:
	(4,11) 138
	[0,1] 1
n1667:
	(5,12) 153
	[0,1] 1
n1666:
	(4,11) 138
	[0,1] 1
n1665:
	(5,12) 153
	[0,1] 1
n1664:
	(5,12) 153
	[0,1] 1
n1663:
	(4,11) 138
	[0,1] 1
n1662:
	(5,12) 153
	[0,1] 1
n1661:
	(5,12) 153
	[0,1] 1
n1660:
	(4,11) 138
	[0,1] 1
n1659:
	(5,12) 153
	[0,1] 1
n1658:
	(4,11) 138
	[0,1] 1
n1657:
	(4,11) 138
	[0,1] 1
n1656:
	(5,12) 153
	[0,1] 1
n1655:
	(4,11) 138
	[0,1] 1
n1654:
	(5,12) 153
	[0,1] 1
n1653:
	(9,18) 149
	[0,1] 1
n1652:
	(4,7) 161
	[0,1] 2
n1651:
	(4,7) 145
	[0,1] 2
n1783:
	(2,2) 107
	[0,0] 5
n1650:
	(12,9) 139
	[1,0] 1
n1649:
	(11,8) 155
	[1,0] 1
n1648:
	(12,9) 155
	[1,0] 1
n1647:
	(4,7) 145
	[0,1] 2
n1646:
	(4,7) 145
	[0,1] 2
n1645:
	(12,9) 155
	[1,0] 1
n1644:
	(4,7) 145
	[0,1] 2
n1643:
	(87,6) 135
	[11,0] 1
n1642:
	(12,9) 139
	[1,0] 1
n1641:
	(4,7) 161
	[0,1] 2
n1640:
	(4,7) 161
	[0,1] 2
n1639:
	(4,7) 145
	[0,1] 2
n1638:
	(12,9) 155
	[1,0] 1
n1637:
	(12,9) 139
	[1,0] 1
n1636:
	(12,9) 155
	[1,0] 1
n1635:
	(4,7) 161
	[0,1] 2
n1634:
	(12,9) 155
	[1,0] 1
n1633:
	(4,7) 161
	[0,1] 2
n1632:
	(4,7) 145
	[0,1] 2
n1631:
	(4,7) 161
	[0,1] 2
n1630:
	(12,9) 139
	[1,0] 1
n1629:
	(4,7) 161
	[0,1] 2
n1628:
	(12,9) 155
	[1,0] 1
n1627:
	(12,9) 139
	[1,0] 1
n1626:
	(4,7) 145
	[0,1] 2
n1625:
	(12,9) 139
	[1,0] 1
n1624:
	(4,7) 145
	[0,1] 2
n1623:
	(12,9) 139
	[1,0] 1
n1622:
	(12,9) 155
	[1,0] 1
n1621:
	(11,8) 139
	[1,0] 1
n1620:
	(12,9) 139
	[1,0] 1
n1619:
	(4,7) 161
	[0,1] 2
n1618:
	(87,6) 125
	[11,0] 1
n1617:
	(4,7) 161
	[0,1] 2
n1616:
	(4,7) 145
	[0,1] 2
n1615:
	(12,9) 139
	[1,0] 1
n1614:
	(4,7) 145
	[0,1] 2
n1613:
	(4,7) 161
	[0,1] 2
n1612:
	(12,9) 155
	[1,0] 1
n1611:
	(12,9) 155
	[1,0] 1
n1610:
	(5,8) 161
	[0,1] 2
n1609:
	(4,7) 146
	[0,1] 2
n8[0]+1:
	(2,2) 41
	[0,0] 2
n8[0]+2:
	(2,2) 5
	[0,0] 1
n8[0]+3:
	(4,34) 3
	[1,1] 0
n8[0]:
	(7,3) 0
	[1,0] 0
n8[1]+1:
	(2,2) 41
	[0,0] 3
n8[1]+2:
	(2,2) 5
	[0,0] 1
n8[1]+3:
	(4,34) 3
	[1,2] 0
n8[1]:
	(7,3) 0
	[1,0] 0
n8[2]+1:
	(2,2) 41
	[0,0] 3
n8[2]+2:
	(2,2) 5
	[0,0] 1
n8[2]+3:
	(4,34) 3
	[1,2] 0
n8[2]:
	(7,3) 0
	[1,0] 0
n8[3]+1:
	(2,2) 41
	[0,0] 3
n8[3]+2:
	(2,2) 5
	[0,0] 1
n8[3]+3:
	(4,34) 3
	[1,2] 0
n8[3]:
	(7,3) 0
	[1,0] 0
n8[4]+1:
	(2,2) 41
	[0,0] 3
n8[4]+2:
	(2,2) 5
	[0,0] 1
n8[4]+3:
	(4,34) 3
	[1,2] 0
n8[4]:
	(7,3) 0
	[1,0] 0
n8[5]+1:
	(2,2) 41
	[0,0] 3
n8[5]+2:
	(2,2) 5
	[0,0] 1
n8[5]+3:
	(4,34) 3
	[1,2] 0
n8[5]:
	(7,3) 0
	[1,0] 0
n8[6]+1:
	(2,2) 41
	[0,0] 3
n8[6]+2:
	(2,2) 5
	[0,0] 1
n8[6]+3:
	(4,34) 3
	[1,2] 0
n8[6]:
	(7,3) 0
	[1,0] 0
n8[7]+1:
	(2,2) 41
	[0,0] 3
n8[7]+2:
	(2,2) 5
	[0,0] 1
n8[7]+3:
	(4,34) 3
	[1,2] 0
n8[7]:
	(7,3) 0
	[1,0] 0
n8[8]+1:
	(2,2) 41
	[0,0] 3
n8[8]+2:
	(2,2) 5
	[0,0] 1
n8[8]+3:
	(4,34) 3
	[1,2] 0
n8[8]:
	(7,3) 0
	[1,0] 0
n8[9]+1:
	(2,2) 41
	[0,0] 3
n8[9]+2:
	(2,2) 5
	[0,0] 1
n8[9]+3:
	(4,34) 3
	[1,2] 0
n8[9]:
	(7,3) 0
	[1,0] 0
n8[10]+1:
	(2,2) 41
	[0,0] 3
n8[10]+2:
	(2,2) 5
	[0,0] 1
n8[10]+3:
	(4,34) 3
	[1,2] 0
n8[10]:
	(7,3) 0
	[1,0] 0
n8[11]+1:
	(2,2) 38
	[0,0] 3
n8[11]+2:
	(2,2) 5
	[0,0] 1
n8[11]+3:
	(4,31) 3
	[1,2] 0
n8[11]:
	(7,3) 0
	[1,0] 0
n9[0]+1:
	(2,2) 107
	[0,0] 3
n9[0]+2:
	(2,2) 99
	[0,0] 2
n9[0]+3:
	(3,5) 98
	[1,1] 1
n9[0]:
	(6,3) 95
	[1,0] 1
n9[1]+1:
	(2,2) 111
	[0,0] 3
n9[1]+2:
	(2,2) 103
	[0,0] 2
n9[1]+3:
	(3,5) 102
	[1,1] 1
n9[1]:
	(6,3) 99
	[1,0] 1
n9[2]+1:
	(2,2) 111
	[0,0] 3
n9[2]+2:
	(2,2) 103
	[0,0] 2
n9[2]+3:
	(3,5) 102
	[1,1] 1
n9[2]:
	(6,3) 99
	[1,0] 1
n9[3]+1:
	(2,2) 111
	[0,0] 3
n9[3]+2:
	(2,2) 103
	[0,0] 2
n9[3]+3:
	(3,5) 102
	[1,1] 1
n9[3]:
	(6,3) 99
	[1,0] 1
n9[4]+1:
	(2,2) 111
	[0,0] 3
n9[4]+2:
	(2,2) 103
	[0,0] 2
n9[4]+3:
	(3,5) 102
	[1,1] 1
n9[4]:
	(6,3) 99
	[1,0] 1
n9[5]+1:
	(2,2) 111
	[0,0] 3
n9[5]+2:
	(2,2) 103
	[0,0] 2
n9[5]+3:
	(3,5) 102
	[1,1] 1
n9[5]:
	(6,3) 99
	[1,0] 1
n9[6]+1:
	(2,2) 111
	[0,0] 3
n9[6]+2:
	(2,2) 103
	[0,0] 2
n9[6]+3:
	(3,5) 102
	[1,1] 1
n9[6]:
	(6,3) 99
	[1,0] 1
n9[7]+1:
	(2,2) 111
	[0,0] 3
n9[7]+2:
	(2,2) 103
	[0,0] 2
n9[7]+3:
	(3,5) 102
	[1,1] 1
n9[7]:
	(6,3) 99
	[1,0] 1
n9[8]+1:
	(2,2) 111
	[0,0] 3
n9[8]+2:
	(2,2) 103
	[0,0] 2
n9[8]+3:
	(3,5) 102
	[1,1] 1
n9[8]:
	(6,3) 99
	[1,0] 1
n9[9]+1:
	(2,2) 111
	[0,0] 3
n9[9]+2:
	(2,2) 103
	[0,0] 2
n9[9]+3:
	(3,5) 102
	[1,1] 1
n9[9]:
	(6,3) 99
	[1,0] 1
n9[10]+1:
	(2,2) 111
	[0,0] 3
n9[10]+2:
	(2,2) 103
	[0,0] 2
n9[10]+3:
	(3,5) 102
	[1,1] 1
n9[10]:
	(6,3) 99
	[1,0] 1
n9[11]+1:
	(2,2) 99
	[0,0] 3
n9[11]+2:
	(2,2) 91
	[0,0] 2
n9[11]+3:
	(3,5) 90
	[1,1] 1
n9[11]:
	(6,3) 87
	[1,0] 1
n10[0]+1:
	(2,2) 107
	[0,0] 3
n10[0]+2:
	(2,2) 99
	[0,0] 2
n10[0]+3:
	(3,5) 98
	[1,1] 1
n10[0]:
	(6,3) 95
	[1,0] 1
n10[1]+1:
	(2,2) 113
	[0,0] 3
n10[1]+2:
	(2,2) 105
	[0,0] 2
n10[1]+3:
	(3,5) 104
	[1,1] 1
n10[1]:
	(6,3) 101
	[1,0] 1
n10[2]+1:
	(2,2) 114
	[0,0] 3
n10[2]+2:
	(2,2) 106
	[0,0] 2
n10[2]+3:
	(3,5) 105
	[1,1] 1
n10[2]:
	(6,3) 102
	[1,0] 1
n10[3]+1:
	(2,2) 114
	[0,0] 3
n10[3]+2:
	(2,2) 106
	[0,0] 2
n10[3]+3:
	(3,5) 105
	[1,1] 1
n10[3]:
	(6,3) 102
	[1,0] 1
n10[4]+1:
	(2,2) 114
	[0,0] 3
n10[4]+2:
	(2,2) 106
	[0,0] 2
n10[4]+3:
	(3,5) 105
	[1,1] 1
n10[4]:
	(6,3) 102
	[1,0] 1
n10[5]+1:
	(2,2) 114
	[0,0] 3
n10[5]+2:
	(2,2) 106
	[0,0] 2
n10[5]+3:
	(3,5) 105
	[1,1] 1
n10[5]:
	(6,3) 102
	[1,0] 1
n10[6]+1:
	(2,2) 114
	[0,0] 3
n10[6]+2:
	(2,2) 106
	[0,0] 2
n10[6]+3:
	(3,5) 105
	[1,1] 1
n10[6]:
	(6,3) 102
	[1,0] 1
n10[7]+1:
	(2,2) 114
	[0,0] 3
n10[7]+2:
	(2,2) 106
	[0,0] 2
n10[7]+3:
	(3,5) 105
	[1,1] 1
n10[7]:
	(6,3) 102
	[1,0] 1
n10[8]+1:
	(2,2) 114
	[0,0] 3
n10[8]+2:
	(2,2) 106
	[0,0] 2
n10[8]+3:
	(3,5) 105
	[1,1] 1
n10[8]:
	(6,3) 102
	[1,0] 1
n10[9]+1:
	(2,2) 114
	[0,0] 3
n10[9]+2:
	(2,2) 106
	[0,0] 2
n10[9]+3:
	(3,5) 105
	[1,1] 1
n10[9]:
	(6,3) 102
	[1,0] 1
n10[10]+1:
	(2,2) 111
	[0,0] 3
n10[10]+2:
	(2,2) 103
	[0,0] 2
n10[10]+3:
	(3,5) 102
	[1,1] 1
n10[10]:
	(6,3) 99
	[1,0] 1
n1608+1:
	(2,2) 99
	[0,0] 3
n1608+2:
	(2,2) 91
	[0,0] 2
n1608+3:
	(3,5) 90
	[1,1] 1
n1608:
	(6,3) 87
	[1,0] 1
n11[0]+1:
	(2,2) 57
	[0,0] 3
n11[0]+2:
	(2,2) 49
	[0,0] 2
n11[0]+3:
	(3,5) 48
	[1,1] 1
n11[0]:
	(6,3) 45
	[1,0] 1
n11[1]+1:
	(2,2) 57
	[0,0] 3
n11[1]+2:
	(2,2) 49
	[0,0] 2
n11[1]+3:
	(3,5) 48
	[1,1] 1
n11[1]:
	(6,3) 45
	[1,0] 1
n11[2]+1:
	(2,2) 54
	[0,0] 3
n11[2]+2:
	(2,2) 46
	[0,0] 2
n11[2]+3:
	(3,5) 45
	[1,1] 1
n11[2]:
	(6,3) 42
	[1,0] 1
n12[0]+1:
	(2,2) 276
	[0,0] 6
n12[0]+2:
	(2,2) 258
	[0,0] 4
n12[0]+3:
	(4,16) 256
	[1,2] 3
n12[0]:
	(7,3) 253
	[1,0] 3
n12[1]+1:
	(2,2) 347
	[0,0] 5
n12[1]+2:
	(2,2) 329
	[0,0] 3
n12[1]+3:
	(4,16) 327
	[1,2] 2
n12[1]:
	(7,3) 324
	[1,0] 2
n12[2]+1:
	(2,2) 581
	[0,0] 5
n12[2]+2:
	(2,2) 563
	[0,0] 3
n12[2]+3:
	(4,16) 561
	[1,2] 2
n12[2]:
	(7,3) 558
	[1,0] 2
n12[3]+1:
	(2,2) 650
	[0,0] 5
n12[3]+2:
	(2,2) 632
	[0,0] 3
n12[3]+3:
	(4,16) 630
	[1,2] 2
n12[3]:
	(7,3) 627
	[1,0] 2
n12[4]+1:
	(2,2) 733
	[0,0] 5
n12[4]+2:
	(2,2) 715
	[0,0] 3
n12[4]+3:
	(4,16) 713
	[1,2] 2
n12[4]:
	(7,3) 710
	[1,0] 2
n12[5]+1:
	(2,2) 860
	[0,0] 5
n12[5]+2:
	(2,2) 842
	[0,0] 3
n12[5]+3:
	(4,16) 840
	[1,2] 2
n12[5]:
	(7,3) 837
	[1,0] 2
n12[6]+1:
	(2,2) 957
	[0,0] 5
n12[6]+2:
	(2,2) 939
	[0,0] 3
n12[6]+3:
	(4,16) 937
	[1,2] 2
n12[6]:
	(7,3) 934
	[1,0] 2
n12[7]+1:
	(2,2) 1057
	[0,0] 5
n12[7]+2:
	(2,2) 1039
	[0,0] 3
n12[7]+3:
	(4,16) 1037
	[1,2] 2
n12[7]:
	(7,3) 1034
	[1,0] 2
n12[8]+1:
	(2,2) 1194
	[0,0] 5
n12[8]+2:
	(2,2) 1176
	[0,0] 3
n12[8]+3:
	(4,16) 1174
	[1,2] 2
n12[8]:
	(7,3) 1171
	[1,0] 2
n12[9]+1:
	(2,2) 1208
	[0,0] 5
n12[9]+2:
	(2,2) 1190
	[0,0] 3
n12[9]+3:
	(4,16) 1188
	[1,2] 2
n12[9]:
	(7,3) 1185
	[1,0] 2
n12[10]+1:
	(2,2) 1837
	[0,0] 5
n12[10]+2:
	(2,2) 1819
	[0,0] 3
n12[10]+3:
	(4,16) 1817
	[1,2] 2
n12[10]:
	(7,3) 1814
	[1,0] 2
n12[11]+1:
	(2,2) 1657
	[0,0] 5
n12[11]+2:
	(2,2) 1639
	[0,0] 3
n12[11]+3:
	(4,16) 1637
	[1,2] 2
n12[11]:
	(7,3) 1634
	[1,0] 2
n1095+1:
	(2,2) 3812
	[0,0] 5
n1095+2:
	(2,2) 3794
	[0,0] 3
n1095+3:
	(4,16) 3792
	[1,2] 2
n1095:
	(7,3) 3789
	[1,0] 2
n7+1:
	(2,2) 34
	[0,0] 3
n7+2:
	(2,2) 5
	[0,0] 1
n7+3:
	(4,27) 3
	[1,2] 0
n7:
	(7,3) 0
	[1,0] 0
n1878+1:
	(2,2) 19
	[0,0] 3
n1878+2:
	(2,2) 11
	[0,0] 2
n1878+3:
	(3,5) 10
	[1,1] 1
n1878:
	(6,3) 7
	[1,0] 1
n6+1:
	(2,2) 14
	[0,0] 2
n6+2:
	(2,2) 5
	[0,0] 1
n6+3:
	(4,7) 3
	[1,1] 0
n6:
	(7,3) 0
	[1,0] 0
n1607:
	(25,23) 7
	[0,1] 1
n1606:
	(73,30) 7
	[0,1] 1
n1605:
	(73,30) 7
	[0,1] 1
n1604:
	(73,30) 7
	[0,1] 1
n1603:
	(73,30) 7
	[0,1] 1
n1602:
	(73,30) 7
	[0,1] 1
n1601:
	(73,30) 7
	[0,1] 1
n1600:
	(11,22) 21
	[0,1] 1
n1599:
	(73,30) 7
	[0,1] 1
n1598:
	(73,30) 7
	[0,1] 1
n1597:
	(69,30) 7
	[1,0] 1
n1596:
	(73,30) 7
	[0,1] 1
n1595:
	(11,12) 3796
	[0,1] 3
n1594:
	(73,30) 7
	[0,1] 1
n1593:
	(62,29) 18
	[0,1] 1
n1592:
	(60,29) 16
	[0,1] 2
n1591:
	(62,29) 18
	[0,1] 1
n1590:
	(62,29) 18
	[0,1] 1
n1589:
	(62,29) 18
	[0,1] 1
n1588:
	(62,29) 18
	[0,1] 1
n1587:
	(62,29) 18
	[0,1] 1
n1586:
	(5,21) 27
	[0,1] 1
n1585:
	(62,29) 18
	[0,1] 1
n1584:
	(62,29) 18
	[0,1] 1
n1583:
	(63,27) 7
	[0,1] 1
n1582:
	(62,29) 18
	[0,1] 1
n1581:
	(6,26) 3801
	[0,1] 3
n1580:
	(62,29) 18
	[0,1] 1
n1579:
	(54,28) 26
	[0,1] 1
n1578:
	(54,28) 26
	[0,1] 1
n1577:
	(54,28) 26
	[0,1] 1
n1576:
	(52,28) 24
	[0,1] 2
n1575:
	(54,28) 26
	[0,1] 1
n1574:
	(54,28) 26
	[0,1] 1
n1573:
	(54,28) 26
	[0,1] 1
n1571:
	(54,28) 26
	[0,1] 1
n1570:
	(54,28) 26
	[0,1] 1
n1569:
	(56,28) 14
	[0,1] 1
n1568:
	(54,28) 26
	[0,1] 1
n1567:
	(5,245) 27
	[0,3] 1
n1566:
	(54,28) 26
	[0,1] 1
n1572:
	(4,3752) 44
	[0,1] 2
n1565:
	(29,41) 51
	[0,1] 1
n1564:
	(29,38) 51
	[0,1] 1
n1563:
	(29,41) 51
	[0,1] 1
n1562:
	(29,38) 51
	[0,1] 1
n1561:
	(29,38) 51
	[0,1] 1
n1560:
	(29,38) 51
	[0,1] 1
n1559:
	(29,38) 51
	[0,1] 1
n1558:
	(29,42) 51
	[0,1] 1
n1557:
	(27,27) 49
	[0,1] 2
n1556:
	(32,31) 38
	[0,1] 1
n1555:
	(29,41) 51
	[0,1] 1
n1554:
	(29,41) 51
	[0,1] 1
n1553:
	(3744,293) 52
	[0,1] 3
n1552:
	(226,2759) 46
	[1,0] 3
n1551:
	(145,3762) 200
	[1,0] 3
n1550:
	(147,3743) 198
	[0,7] 4
n1549:
	(24,27) 56
	[0,2] 1
n1548:
	(110,2777) 162
	[0,7] 4
n1547:
	(115,2758) 157
	[1,0] 3
n1546:
	(24,27) 56
	[0,2] 1
n1545:
	(24,27) 56
	[0,2] 1
n1544:
	(24,27) 56
	[0,2] 1
n1543:
	(24,34) 52
	[0,1] 2
n1542:
	(24,27) 56
	[0,2] 1
n1541:
	(24,27) 56
	[0,2] 1
n1540:
	(24,27) 56
	[0,2] 1
n1539:
	(24,27) 56
	[0,2] 1
n1538:
	(23,27) 47
	[0,3] 1
n1537:
	(24,27) 56
	[0,2] 1
n1536:
	(24,27) 56
	[0,2] 1
n1535:
	(11,12) 1041
	[0,1] 3
n1534:
	(11,12) 1178
	[0,1] 3
n1533:
	(11,12) 1192
	[0,1] 3
n1532:
	(11,12) 1821
	[0,1] 3
n1531:
	(11,12) 941
	[0,1] 3
n1530:
	(17,40) 63
	[0,1] 1
n1529:
	(13,55) 19
	[0,3] 1
n1528:
	(17,37) 63
	[0,1] 1
n1527:
	(17,40) 63
	[0,1] 1
n1526:
	(17,37) 63
	[0,1] 1
n1525:
	(17,37) 63
	[0,1] 1
n1524:
	(17,37) 63
	[0,1] 1
n1523:
	(17,37) 63
	[0,1] 1
n1522:
	(17,41) 63
	[0,1] 1
n1521:
	(14,26) 62
	[0,1] 2
n1520:
	(17,40) 63
	[0,1] 1
n1519:
	(19,152) 51
	[0,11] 1
n1518:
	(11,12) 260
	[0,1] 4
n1517:
	(11,12) 331
	[0,1] 3
n1516:
	(11,12) 565
	[0,1] 3
n1515:
	(11,12) 634
	[0,1] 3
n1514:
	(11,12) 717
	[0,1] 3
n1513:
	(17,40) 63
	[0,1] 1
n1512:
	(11,12) 844
	[0,1] 3
n1511:
	(11,12) 1641
	[0,1] 3
n1510:
	(2481,260) 434
	[0,1] 3
n1509:
	(10,86) 70
	[0,1] 1
n1508:
	(10,71) 70
	[0,2] 1
n1507:
	(10,86) 70
	[0,1] 1
n1506:
	(10,71) 70
	[0,2] 1
n1505:
	(10,86) 70
	[0,1] 1
n1504:
	(10,71) 70
	[0,2] 1
n1503:
	(10,86) 70
	[0,1] 1
n1502:
	(10,71) 70
	[0,2] 1
n1501:
	(10,86) 70
	[0,1] 1
n1500:
	(10,71) 70
	[0,2] 1
n1499:
	(8,76) 68
	[1,0] 1
n1498:
	(10,86) 70
	[0,1] 1
n1497:
	(10,71) 70
	[0,2] 1
n1496:
	(10,86) 70
	[0,1] 1
n1495:
	(10,71) 70
	[0,2] 1
n1494:
	(10,86) 70
	[0,1] 1
n1493:
	(10,71) 70
	[0,2] 1
n1492:
	(10,86) 70
	[0,1] 1
n1491:
	(9,151) 61
	[0,12] 1
n1490:
	(9,166) 61
	[0,11] 1
n1489:
	(10,71) 70
	[0,2] 1
n1488:
	(10,86) 70
	[0,1] 1
n1487:
	(10,71) 70
	[0,2] 1
n1486:
	(6,967) 1046
	[0,1] 3
n1485:
	(6,1108) 1183
	[0,1] 3
n1484:
	(6,1122) 1197
	[0,1] 3
n1483:
	(6,1747) 1826
	[0,1] 3
n1482:
	(6,1577) 1646
	[0,1] 3
n1481:
	(6,37) 265
	[0,1] 4
n1480:
	(6,259) 336
	[0,1] 3
n1479:
	(6,491) 570
	[0,1] 3
n1478:
	(6,560) 639
	[0,1] 3
n1477:
	(6,643) 722
	[0,1] 3
n1476:
	(6,772) 849
	[0,1] 3
n1475:
	(6,869) 946
	[0,1] 3
n1474:
	(8,62) 68
	[0,1] 2
n1473:
	(1550,144) 2412
	[0,1] 3
n1471:
	(7,28) 73
	[0,2] 1
n1470:
	(6,55) 26
	[0,3] 1
n1469:
	(6,54) 26
	[0,4] 1
n1468:
	(7,28) 73
	[0,2] 1
n1467:
	(2488,267) 451
	[5,0] 6
n1466:
	(7,28) 73
	[0,2] 1
n1465:
	(7,28) 73
	[0,2] 1
n1464:
	(7,28) 73
	[0,2] 1
n1463:
	(7,28) 69
	[0,2] 2
n1462:
	(7,28) 73
	[0,2] 1
n1461:
	(7,28) 73
	[0,2] 1
n1460:
	(7,28) 73
	[0,2] 1
n1459:
	(7,28) 73
	[0,2] 1
n1458:
	(7,28) 73
	[0,2] 1
n1457:
	(12,29) 68
	[0,2] 1
n1456:
	(11,379) 69
	[0,1] 1
n1455:
	(11,26) 69
	[0,3] 1
n1454:
	(12,29) 68
	[0,2] 1
n1453:
	(11,456) 69
	[0,1] 1
n1452:
	(11,26) 69
	[0,3] 1
n1451:
	(12,29) 68
	[0,2] 1
n1450:
	(11,579) 69
	[0,1] 1
n1449:
	(11,26) 69
	[0,3] 1
n1448:
	(12,29) 68
	[0,2] 1
n1447:
	(11,670) 69
	[0,1] 1
n1446:
	(11,26) 69
	[0,3] 1
n1445:
	(12,29) 68
	[0,2] 1
n1444:
	(11,762) 69
	[0,1] 1
n1443:
	(11,26) 69
	[0,3] 1
n1442:
	(12,29) 68
	[0,2] 1
n1441:
	(12,33) 64
	[0,1] 2
n1440:
	(11,898) 69
	[0,1] 1
n1439:
	(11,26) 69
	[0,3] 1
n1438:
	(12,29) 68
	[0,2] 1
n1437:
	(11,907) 69
	[0,1] 1
n1436:
	(11,36) 65
	[0,3] 2
n1435:
	(11,26) 69
	[0,3] 1
n1434:
	(12,29) 68
	[0,2] 1
n1433:
	(12,29) 64
	[0,2] 2
n1432:
	(11,847) 69
	[0,1] 1
n1431:
	(11,26) 69
	[0,3] 1
n1430:
	(12,29) 68
	[0,2] 1
n1429:
	(11,316) 69
	[0,1] 1
n1428:
	(11,45) 59
	[0,3] 1
n1427:
	(11,26) 59
	[0,3] 1
n1426:
	(12,30) 58
	[0,1] 1
n1425:
	(11,241) 69
	[0,1] 1
n1424:
	(12,29) 68
	[0,2] 1
n1423:
	(11,26) 69
	[0,3] 1
n1422:
	(11,26) 69
	[0,3] 1
n1420:
	(6,39) 74
	[0,1] 1
n1418:
	(5,240) 75
	[0,3] 1
n1417:
	(6,28) 74
	[0,2] 1
n1416:
	(6,28) 74
	[0,2] 1
n1415:
	(6,28) 74
	[0,2] 1
n1414:
	(6,28) 74
	[0,2] 1
n1413:
	(6,28) 74
	[0,2] 1
n1412:
	(6,28) 74
	[0,2] 1
n1411:
	(6,28) 74
	[0,2] 1
n1410:
	(6,28) 74
	[0,2] 1
n1409:
	(6,28) 74
	[0,2] 1
n1408:
	(6,28) 74
	[0,2] 1
n1407:
	(6,39) 74
	[0,1] 1
n1406:
	(6,36) 74
	[0,1] 1
n1405:
	(6,39) 74
	[0,1] 1
n1404:
	(6,36) 74
	[0,1] 1
n1403:
	(6,36) 74
	[0,1] 1
n1402:
	(6,35) 70
	[0,1] 2
n1401:
	(6,36) 74
	[0,1] 1
n1400:
	(6,36) 74
	[0,1] 1
n1399:
	(6,40) 74
	[0,1] 1
n1398:
	(6,29) 64
	[0,1] 1
n1397:
	(637,143) 3325
	[0,1] 3
n1396:
	(6,39) 74
	[0,1] 1
n1395:
	(5,378) 75
	[0,3] 1
n1394:
	(5,40) 75
	[0,3] 1
n1393:
	(5,455) 75
	[0,3] 1
n1392:
	(5,40) 75
	[0,3] 1
n1391:
	(5,578) 75
	[0,3] 1
n1390:
	(5,40) 75
	[0,3] 1
n1389:
	(5,669) 75
	[0,3] 1
n1388:
	(5,40) 75
	[0,3] 1
n1387:
	(5,761) 75
	[0,3] 1
n1386:
	(5,40) 75
	[0,3] 1
n1385:
	(5,897) 75
	[0,3] 1
n1384:
	(5,40) 75
	[0,3] 1
n1383:
	(5,41) 65
	[0,3] 1
n1382:
	(5,906) 75
	[0,3] 1
n1381:
	(5,176) 71
	[0,3] 2
n1380:
	(5,40) 75
	[0,3] 1
n1379:
	(5,30) 71
	[0,3] 2
n1378:
	(5,846) 75
	[0,3] 1
n1377:
	(5,40) 75
	[0,3] 1
n1376:
	(5,736) 65
	[0,3] 1
n1421:
	(57,9) 73
	[1,0] 2
n1372:
	(5,1572) 65
	[0,1] 1
n1371:
	(5,40) 75
	[0,3] 1
n1370:
	(5,315) 75
	[0,3] 1
n1369:
	(5,43) 75
	[0,3] 1
n1368:
	(5,1742) 75
	[0,1] 1
n1367:
	(5,638) 75
	[0,1] 1
n1366:
	(5,43) 75
	[0,3] 1
n1365:
	(5,40) 75
	[0,3] 1
n1364:
	(5,767) 75
	[0,1] 1
n1363:
	(5,40) 75
	[0,3] 1
n1362:
	(5,555) 75
	[0,1] 1
n1361:
	(5,864) 75
	[0,1] 1
n1360:
	(5,43) 75
	[0,3] 1
n1359:
	(5,962) 75
	[0,1] 1
n1358:
	(5,40) 75
	[0,3] 1
n1357:
	(5,32) 71
	[0,1] 2
n1356:
	(5,40) 75
	[0,3] 1
n1355:
	(5,35) 71
	[0,4] 2
n1354:
	(5,1117) 75
	[0,1] 1
n1353:
	(33,5) 47
	[3,0] 2
n1352:
	(5,40) 75
	[0,3] 1
n1351:
	(5,44) 65
	[0,3] 1
n1350:
	(5,254) 75
	[0,1] 1
n1349:
	(5,35) 75
	[0,3] 1
n1348:
	(5,39) 75
	[0,3] 1
n1347:
	(5,1103) 75
	[0,1] 1
n1346:
	(5,43) 75
	[0,3] 1
n1345:
	(5,486) 75
	[0,1] 1
n1344:
	(6,28) 70
	[0,2] 2
n1343:
	(33,5) 48
	[3,0] 1
n1342:
	(6,26) 64
	[0,2] 1
n1341:
	(3404,288) 537
	[5,0] 6
n1339:
	(23,6) 78
	[2,0] 1
n1338:
	(23,6) 78
	[2,0] 1
n1337:
	(23,6) 78
	[2,0] 1
n1336:
	(23,6) 78
	[2,0] 1
n1335:
	(23,6) 78
	[2,0] 1
n1334:
	(23,6) 78
	[2,0] 1
n1333:
	(23,6) 74
	[2,0] 2
n1332:
	(23,6) 78
	[2,0] 1
n1331:
	(23,6) 78
	[2,0] 1
n1330:
	(23,6) 78
	[2,0] 1
n1329:
	(23,6) 78
	[2,0] 1
n1375:
	(71,9) 73
	[0,1] 1
n1374:
	(5,25) 65
	[0,3] 1
n1373:
	(21,5) 281
	[1,0] 3
n1325:
	(2214,371) 701
	[0,1] 3
n1324:
	(1848,287) 2093
	[4,0] 7
n1328:
	(14,8) 116
	[0,1] 1
n1327:
	(16,5) 77
	[1,0] 1
n1326:
	(18,5) 72
	[2,0] 1
n1317:
	(7,10) 83
	[0,1] 3
n1316:
	(2226,367) 713
	[4,0] 7
n1322:
	(23,5) 75
	[2,0] 1
n1321:
	(18,4) 63
	[2,0] 2
n1320:
	(18,4) 229
	[2,0] 2
n1319:
	(16,4) 32
	[1,0] 1
n1318:
	(20,4) 60
	[3,0] 1
n1315:
	(4,11) 1199
	[0,1] 3
n1314:
	(4,11) 97
	[0,1] 3
n1313:
	(4,11) 851
	[0,1] 3
n1312:
	(4,11) 1185
	[0,1] 3
n1311:
	(1356,634) 1583
	[2,0] 9
n1310:
	(21,37) 60
	[0,2] 4
n1309:
	(4,11) 97
	[0,1] 3
n1308:
	(20,36) 60
	[1,0] 4
n1307:
	(912,389) 3050
	[0,1] 3
n1306:
	(288,109) 2651
	[2,0] 9
n1305:
	(4,11) 97
	[0,1] 3
n1304:
	(4,11) 1648
	[0,1] 3
n1303:
	(2211,651) 1751
	[0,1] 3
n1302:
	(869,366) 2070
	[2,0] 9
n1301:
	(349,141) 3613
	[0,1] 3
n1300:
	(4,11) 97
	[0,1] 3
n1299:
	(4,11) 3803
	[0,1] 3
n1298:
	(4,11) 97
	[0,1] 3
n1297:
	(4,11) 97
	[0,1] 3
n1296:
	(4,11) 724
	[0,1] 3
n1295:
	(4,11) 1828
	[0,1] 3
n1294:
	(4,11) 97
	[0,1] 3
n1293:
	(4,11) 97
	[0,1] 3
n1292:
	(4,11) 1048
	[0,1] 3
n1291:
	(4,11) 97
	[0,1] 3
n1290:
	(4,11) 93
	[0,1] 4
n1289:
	(4,11) 97
	[0,1] 3
n1288:
	(4,11) 97
	[0,1] 3
n1287:
	(4,11) 97
	[0,1] 3
n1286:
	(4,11) 97
	[0,1] 3
n1285:
	(4,11) 97
	[0,1] 3
n1284:
	(4,11) 97
	[0,1] 3
n1283:
	(4,11) 97
	[0,1] 3
n1282:
	(4,11) 97
	[0,1] 3
n1281:
	(4,11) 572
	[0,1] 3
n1280:
	(4,11) 97
	[0,1] 3
n1279:
	(4,11) 97
	[0,1] 3
n1278:
	(4,11) 267
	[0,1] 4
n1277:
	(4,11) 948
	[0,1] 3
n1276:
	(4,11) 97
	[0,1] 3
n1275:
	(4,11) 338
	[0,1] 3
n1274:
	(4,11) 641
	[0,1] 3
n1273:
	(9,8) 121
	[0,1] 1
n1272:
	(9,8) 39
	[0,1] 2
n1271:
	(4,11) 93
	[0,1] 4
n1270:
	(11,4) 70
	[1,0] 3
n1269:
	(11,4) 87
	[1,0] 2
n1268:
	(11,4) 87
	[1,0] 2
n1267:
	(14,44) 67
	[1,0] 3
n1266:
	(337,146) 3604
	[2,0] 9
n1265:
	(276,114) 2639
	[0,1] 3
n1264:
	(863,370) 2052
	[0,1] 3
n1263:
	(679,286) 3262
	[2,0] 9
n1262:
	(12,42) 68
	[0,2] 5
n1261:
	(1350,638) 1565
	[0,1] 3
n1260:
	(1168,518) 2773
	[2,0] 9
n1259:
	(21,24) 94
	[1,0] 3
n1258:
	(14,16) 142
	[1,0] 1
n1257:
	(14,16) 142
	[1,0] 1
n1256:
	(16,13) 94
	[1,0] 3
n1255:
	(13,14) 128
	[1,0] 2
n1254:
	(93,8) 119
	[11,0] 2
n1253:
	(13,14) 128
	[1,0] 2
n1252:
	(14,16) 142
	[1,0] 1
n1251:
	(742,744) 94
	[1,0] 3
n1250:
	(21,24) 94
	[1,0] 3
n1249:
	(4,8) 858
	[0,1] 4
n1248:
	(4,8) 1055
	[0,1] 4
n1247:
	(22,23) 91
	[0,1] 2
n1246:
	(4,8) 731
	[0,1] 4
n1245:
	(4,8) 3810
	[0,1] 4
n1244:
	(4,8) 955
	[0,1] 4
n1243:
	(4,8) 274
	[0,1] 5
n1242:
	(4,8) 1192
	[0,1] 4
n1241:
	(114,108) 2825
	[1,0] 10
n1240:
	(4,8) 648
	[0,1] 4
n1239:
	(498,499) 2441
	[1,0] 10
n1238:
	(847,845) 92
	[0,1] 2
n1237:
	(4,8) 1206
	[0,1] 4
n1236:
	(19,22) 91
	[0,1] 2
n1235:
	(22,23) 91
	[0,1] 2
n1234:
	(4,8) 1835
	[0,1] 4
n1233:
	(4,8) 345
	[0,1] 4
n1232:
	(4,8) 579
	[0,1] 4
n1231:
	(19,22) 91
	[0,1] 2
n1230:
	(469,471) 92
	[0,1] 2
n1229:
	(4,8) 1655
	[0,1] 4
n1228:
	(42,57) 88
	[1,0] 2
n1227:
	(19,22) 91
	[0,1] 2
n1226:
	(173,169) 2766
	[1,0] 10
n1225:
	(4,7) 104
	[0,1] 4
n1224:
	(4,7) 104
	[0,1] 4
n1223:
	(4,7) 104
	[0,1] 4
n10[11]:
	(7,4) 92
	[1,0] 1
n1222:
	(4,7) 104
	[0,1] 4
n1221:
	(4,7) 104
	[0,1] 4
n1220:
	(4,7) 104
	[0,1] 4
n1219:
	(4,7) 104
	[0,1] 4
n1218:
	(4,7) 104
	[0,1] 4
n1217:
	(4,7) 104
	[0,1] 4
n1216:
	(4,7) 104
	[0,1] 4
n1215:
	(4,7) 98
	[0,1] 3
n1214:
	(4,7) 98
	[0,1] 3
n1213:
	(4,7) 98
	[0,1] 3
n1212:
	(4,7) 98
	[0,1] 3
n1211:
	(4,7) 98
	[0,1] 3
n1210:
	(4,7) 100
	[0,1] 1
n1209:
	(4,7) 98
	[0,1] 3
n1208:
	(4,7) 98
	[0,1] 3
n1207:
	(4,7) 98
	[0,1] 3
n1206:
	(4,7) 98
	[0,1] 3
n1205:
	(4,7) 98
	[0,1] 3
n1136:
	(4,7) 94
	[0,1] 3
n1204:
	(4,7) 44
	[0,1] 1
n1203:
	(4,7) 44
	[0,1] 1
n1202:
	(4,7) 86
	[0,1] 1
n1201:
	(4,7) 298
	[0,1] 4
n1200:
	(21,24) 94
	[1,0] 3
n1199:
	(13,14) 128
	[1,0] 2
n1198:
	(559,557) 94
	[1,0] 3
n1197:
	(21,20) 94
	[1,0] 3
n1196:
	(13,14) 128
	[1,0] 2
n1195:
	(94,8) 133
	[11,0] 1
n1194:
	(13,14) 128
	[1,0] 2
n1193:
	(827,833) 94
	[1,0] 3
n1192:
	(13,14) 128
	[1,0] 2
n1191:
	(14,16) 142
	[1,0] 1
n1190:
	(21,24) 94
	[1,0] 3
n1189:
	(13,14) 128
	[1,0] 2
n1188:
	(21,24) 94
	[1,0] 3
n1187:
	(14,11) 92
	[1,0] 5
n1186:
	(14,16) 142
	[1,0] 1
n1185:
	(14,16) 142
	[1,0] 1
n1184:
	(221,223) 94
	[1,0] 3
n1183:
	(887,881) 94
	[1,0] 3
n1182:
	(13,14) 128
	[1,0] 2
n1181:
	(14,16) 142
	[1,0] 1
n1180:
	(359,361) 94
	[1,0] 3
n1179:
	(296,298) 94
	[1,0] 3
n1178:
	(21,24) 94
	[1,0] 3
n1177:
	(14,16) 142
	[1,0] 1
n1176:
	(14,16) 142
	[1,0] 1
n1175:
	(878,873) 94
	[1,0] 3
n1174:
	(13,14) 128
	[1,0] 2
n1173:
	(14,16) 142
	[1,0] 1
n1172:
	(21,24) 94
	[1,0] 3
n1171:
	(157,159) 90
	[1,0] 4
n1170:
	(11,8) 90
	[1,0] 4
n1169:
	(436,438) 94
	[1,0] 3
n1168:
	(21,24) 94
	[1,0] 3
n1167:
	(13,14) 128
	[1,0] 2
n1166:
	(650,648) 94
	[1,0] 3
n1165:
	(370,365) 2569
	[1,0] 10
n1164:
	(1725,1725) 92
	[0,1] 2
n1163:
	(393,388) 3569
	[0,1] 3
n1162:
	(15,164) 88
	[0,1] 3
n1161:
	(146,140) 3816
	[0,1] 3
n1160:
	(18,17) 87
	[0,1] 3
n1159:
	(945,947) 92
	[0,1] 2
n1158:
	(22,23) 91
	[0,1] 2
n1157:
	(286,292) 3676
	[0,1] 3
n1156:
	(1100,1096) 92
	[0,1] 2
n1155:
	(22,23) 91
	[0,1] 2
n1154:
	(1086,1082) 92
	[0,1] 2
n1153:
	(518,519) 3444
	[0,1] 3
n1152:
	(750,748) 92
	[0,1] 2
n1151:
	(237,235) 92
	[0,1] 2
n1150:
	(638,633) 2301
	[1,0] 10
n1149:
	(260,266) 2679
	[1,0] 10
n1148:
	(202,198) 3760
	[0,1] 3
n1147:
	(621,623) 92
	[0,1] 2
n1146:
	(655,650) 3307
	[0,1] 3
n1145:
	(19,22) 91
	[0,1] 2
n1144:
	(538,540) 92
	[0,1] 2
n1143:
	(19,22) 91
	[0,1] 2
n1142:
	(14,20) 83
	[1,0] 5
n1141:
	(22,25) 75
	[1,0] 3
n1140:
	(12,19) 81
	[0,1] 2
n1139:
	(717,718) 84
	[1,0] 3
n1138:
	(23,24) 73
	[0,1] 2
n1137:
	(1555,1556) 82
	[0,1] 2
n1135:
	(13,4) 67
	[2,0] 1
n1134:
	(11,4) 82
	[1,0] 1
n13[17]:
	(107,113) 2808
	[0,1] 3
n881:
	(67,97) 2848
	[0,1] 3
n13[16]:
	(168,172) 2747
	[0,1] 3
n880:
	(69,127) 2876
	[1,0] 3
n879:
	(106,186) 2809
	[0,1] 3
n13[15]:
	(265,259) 2650
	[0,1] 3
n878:
	(125,203) 2870
	[1,0] 3
n877:
	(154,217) 2755
	[0,1] 3
n13[14]:
	(364,369) 2551
	[0,1] 3
n876:
	(150,297) 2822
	[1,0] 3
n875:
	(220,323) 2695
	[0,1] 3
n13[13]:
	(498,497) 2417
	[0,1] 3
n874:
	(222,379) 2796
	[1,0] 3
n873:
	(278,413) 2636
	[0,1] 3
n13[12]:
	(632,637) 2283
	[0,1] 3
n872:
	(281,485) 2768
	[1,0] 3
n871:
	(360,469) 2555
	[0,1] 3
n13[11]:
	(717,716) 85
	[0,1] 2
n870:
	(332,550) 2692
	[1,0] 3
n869:
	(385,626) 416
	[0,1] 2
n1782:
	(832,826) 95
	[0,1] 2
n868:
	(439,582) 603
	[1,0] 2
n867:
	(442,579) 479
	[0,1] 2
n1781:
	(880,886) 95
	[0,1] 2
n866:
	(434,613) 624
	[1,0] 2
n865:
	(453,569) 522
	[0,1] 2
n1780:
	(872,877) 95
	[0,1] 2
n864:
	(435,601) 656
	[0,4] 3
n863:
	(443,511) 524
	[4,0] 2
n1779:
	(743,741) 95
	[0,1] 2
n862:
	(392,519) 643
	[0,4] 2
n861:
	(350,522) 486
	[3,0] 2
n1778:
	(647,649) 95
	[0,1] 2
n860:
	(377,417) 631
	[0,5] 2
n859:
	(300,416) 442
	[4,0] 2
n1777:
	(556,558) 95
	[0,1] 2
n858:
	(305,365) 553
	[0,5] 2
n857:
	(258,326) 393
	[4,0] 2
n1776:
	(437,435) 95
	[0,1] 2
n856:
	(242,293) 477
	[0,5] 2
n855:
	(194,244) 336
	[4,0] 2
n1775:
	(360,358) 95
	[0,1] 2
n854:
	(186,241) 394
	[0,5] 2
n853:
	(174,207) 279
	[4,0] 2
n1774:
	(297,295) 95
	[0,1] 2
n852:
	(150,196) 336
	[0,4] 2
n851:
	(432,426) 549
	[2,0] 2
n850:
	(159,433) 1078
	[0,2] 2
n849:
	(144,441) 914
	[0,2] 3
n848:
	(131,149) 259
	[3,0] 2
n847:
	(383,389) 538
	[2,0] 2
n846:
	(348,346) 396
	[0,1] 2
n845:
	(433,428) 539
	[0,1] 2
n844:
	(390,392) 446
	[0,1] 2
n1773:
	(222,220) 95
	[0,1] 2
n843:
	(168,391) 994
	[1,0] 5
n842:
	(118,442) 917
	[0,4] 2
n841:
	(157,434) 1100
	[0,3] 7
n840:
	(144,349) 864
	[0,3] 2
n839:
	(116,376) 932
	[1,0] 6
n838:
	(283,289) 1072
	[0,2] 5
n836:
	(139,438) 1046
	[0,2] 2
n835:
	(133,452) 958
	[1,0] 2
n834:
	(186,384) 856
	[0,2] 3
n833:
	(93,153) 315
	[0,3] 2
n832:
	(330,331) 471
	[2,0] 2
n837:
	(288,282) 693
	[2,0] 2
n830:
	(186,138) 1298
	[0,2] 4
n828:
	(133,156) 1401
	[1,0] 9
n826:
	(144,158) 1367
	[0,2] 4
n824:
	(164,331) 3078
	[0,2] 3
n823:
	(136,359) 2888
	[0,2] 4
n831:
	(100,92) 223
	[2,0] 2
n829:
	(137,185) 784
	[2,0] 2
n827:
	(155,132) 835
	[0,1] 2
n825:
	(157,143) 832
	[2,0] 2
n822:
	(296,301) 1114
	[0,2] 2
n820:
	(275,273) 1084
	[1,0] 5
n818:
	(234,232) 979
	[1,0] 4
n816:
	(246,252) 994
	[0,2] 5
n1772:
	(158,156) 91
	[0,1] 2
n814:
	(297,299) 354
	[1,0] 2
n813:
	(276,271) 2644
	[2,0] 3
n821:
	(300,295) 672
	[2,0] 2
n819:
	(272,274) 564
	[0,1] 2
n817:
	(231,233) 511
	[0,1] 2
n815:
	(251,245) 676
	[2,0] 2
n812:
	(136,163) 3273
	[0,2] 5
n810:
	(118,167) 1267
	[0,3] 5
n808:
	(98,156) 877
	[0,2] 2
n807:
	(131,277) 2918
	[0,2] 4
n806:
	(124,280) 3129
	[0,2] 3
n805:
	(67,154) 900
	[0,4] 3
n804:
	(106,304) 812
	[1,0] 6
n811:
	(162,135) 666
	[2,0] 2
n809:
	(166,117) 719
	[3,0] 2
n803:
	(124,136) 845
	[0,2] 2
n802:
	(58,118) 257
	[0,4] 2
n801:
	(110,299) 748
	[0,4] 2
n800:
	(218,219) 2696
	[2,0] 3
n799:
	(192,198) 783
	[2,0] 2
n798:
	(240,242) 290
	[0,1] 2
n797:
	(185,183) 270
	[1,0] 2
n796:
	(131,123) 3278
	[0,2] 5
n794:
	(46,214) 935
	[0,2] 4
n793:
	(64,206) 903
	[1,0] 2
n792:
	(63,211) 991
	[0,3] 7
n791:
	(83,257) 636
	[0,4] 2
n790:
	(98,241) 672
	[1,0] 6
n789:
	(63,203) 970
	[0,2] 4
n788:
	(66,185) 569
	[1,0] 6
n787:
	(100,221) 3075
	[0,2] 3
n786:
	(100,219) 2918
	[0,2] 4
n785:
	(60,193) 909
	[0,2] 2
n784:
	(44,227) 931
	[0,3] 2
n795:
	(122,130) 2793
	[2,0] 3
n782:
	(193,195) 923
	[0,1] 6
n780:
	(144,115) 1164
	[0,2] 6
n778:
	(196,195) 3051
	[0,2] 6
n776:
	(96,161) 705
	[0,2] 2
n775:
	(49,165) 787
	[0,5] 2
n774:
	(57,193) 523
	[0,4] 2
n773:
	(163,165) 227
	[0,1] 2
n772:
	(148,143) 2772
	[2,0] 3
n771:
	(136,141) 831
	[2,0] 2
n770:
	(128,130) 708
	[0,1] 2
n769:
	(182,184) 560
	[0,1] 2
n768:
	(155,149) 772
	[2,0] 2
n783:
	(81,57) 190
	[3,0] 2
n781:
	(194,192) 459
	[1,0] 2
n779:
	(114,143) 628
	[2,0] 2
n777:
	(194,195) 607
	[2,0] 2
n767:
	(76,149) 3043
	[0,2] 3
n766:
	(67,191) 769
	[0,3] 2
n765:
	(72,183) 880
	[1,0] 6
n764:
	(53,156) 813
	[0,2] 4
n763:
	(56,173) 430
	[0,4] 2
n762:
	(64,164) 468
	[1,0] 5
n761:
	(38,164) 763
	[0,4] 2
n760:
	(66,153) 2906
	[0,2] 4
n759:
	(44,92) 203
	[0,3] 2
n758:
	(66,121) 2857
	[0,2] 3
n757:
	(144,147) 965
	[0,2] 2
n755:
	(110,105) 1006
	[0,3] 6
n753:
	(148,154) 954
	[0,2] 4
n751:
	(160,158) 733
	[1,0] 5
n749:
	(127,129) 627
	[0,1] 6
n747:
	(120,121) 3017
	[0,2] 6
n745:
	(154,149) 3041
	[0,2] 6
n743:
	(165,159) 993
	[0,2] 5
n741:
	(92,153) 679
	[0,2] 2
n740:
	(129,127) 188
	[0,1] 2
n756:
	(146,143) 693
	[2,0] 2
n754:
	(104,109) 547
	[3,0] 2
n752:
	(153,147) 828
	[2,0] 2
n750:
	(157,159) 373
	[0,1] 2
n748:
	(128,126) 327
	[1,0] 2
n746:
	(120,119) 2795
	[2,0] 3
n744:
	(148,153) 2767
	[2,0] 3
n742:
	(158,164) 809
	[2,0] 2
n734:
	(83,97) 830
	[0,3] 6
n732:
	(100,99) 3196
	[0,2] 5
n730:
	(53,43) 242
	[3,0] 2
n729:
	(52,132) 416
	[1,0] 4
n728:
	(55,130) 353
	[0,4] 2
n727:
	(76,135) 580
	[0,3] 2
n739:
	(64,65) 737
	[2,0] 2
n738:
	(92,97) 875
	[2,0] 2
n737:
	(90,66) 770
	[4,0] 2
n736:
	(107,95) 759
	[2,0] 2
n735:
	(92,48) 694
	[4,0] 2
n733:
	(96,82) 448
	[3,0] 2
n731:
	(98,99) 2816
	[2,0] 3
n724:
	(66,75) 3126
	[0,2] 5
n722:
	(112,118) 815
	[0,2] 6
n720:
	(117,119) 946
	[0,1] 6
n718:
	(110,108) 493
	[1,0] 5
n716:
	(57,65) 697
	[0,3] 6
n714:
	(104,110) 2805
	[2,0] 3
n713:
	(100,98) 149
	[0,1] 2
n712:
	(102,100) 551
	[1,0] 2
n711:
	(135,129) 672
	[2,0] 2
n726:
	(98,91) 560
	[1,0] 2
n725:
	(89,123) 886
	[2,0] 2
n723:
	(74,65) 2850
	[2,0] 3
n721:
	(117,111) 810
	[2,0] 2
n719:
	(118,116) 626
	[1,0] 2
n717:
	(107,109) 283
	[0,1] 2
n715:
	(64,56) 397
	[3,0] 2
n710:
	(38,106) 816
	[0,4] 2
n709:
	(36,105) 339
	[1,0] 5
n708:
	(24,52) 261
	[0,3] 2
n707:
	(63,137) 2860
	[0,2] 3
n706:
	(48,124) 3025
	[0,2] 3
n705:
	(56,136) 2922
	[0,2] 5
n704:
	(60,105) 2935
	[0,2] 4
n703:
	(84,105) 925
	[0,2] 2
n702:
	(46,73) 2869
	[0,2] 3
n701:
	(49,91) 923
	[0,4] 2
n700:
	(38,63) 764
	[0,2] 2
n699:
	(35,89) 801
	[0,4] 2
n698:
	(35,91) 707
	[0,4] 2
n697:
	(54,102) 778
	[1,0] 3
n696:
	(82,75) 633
	[2,0] 3
n694:
	(79,77) 404
	[1,0] 5
n692:
	(56,63) 576
	[0,3] 5
n690:
	(30,63) 423
	[0,3] 2
n689:
	(38,95) 492
	[0,5] 2
n688:
	(58,97) 2857
	[0,4] 3
n687:
	(33,99) 282
	[0,2] 2
n686:
	(50,113) 721
	[0,5] 2
n685:
	(79,73) 2841
	[2,0] 3
n684:
	(82,88) 885
	[2,0] 2
n683:
	(102,97) 2818
	[2,0] 3
n682:
	(100,94) 742
	[2,0] 2
n681:
	(84,82) 448
	[1,0] 2
n680:
	(98,91) 884
	[2,0] 2
n679:
	(79,81) 374
	[0,1] 2
n695:
	(74,81) 456
	[0,2] 2
n693:
	(76,78) 239
	[0,1] 2
n691:
	(62,55) 335
	[3,0] 2
n678:
	(26,80) 776
	[0,2] 2
n677:
	(46,82) 844
	[1,0] 5
n676:
	(12,99) 730
	[0,5] 2
n675:
	(52,84) 663
	[1,0] 4
n674:
	(43,99) 487
	[0,3] 2
n673:
	(28,95) 1002
	[2,0] 2
n672:
	(47,101) 925
	[0,2] 2
n671:
	(39,102) 975
	[0,2] 6
n670:
	(18,81) 809
	[0,2] 4
n669:
	(56,116) 798
	[0,2] 2
n668:
	(25,87) 428
	[0,3] 2
n667:
	(26,78) 460
	[1,0] 4
n666:
	(46,104) 2908
	[0,2] 7
n665:
	(37,71) 353
	[0,3] 2
n664:
	(18,81) 2897
	[0,2] 3
n663:
	(12,80) 235
	[0,3] 2
n662:
	(40,101) 2875
	[0,2] 3
n661:
	(38,55) 257
	[0,1] 5
n660:
	(54,117) 868
	[0,2] 6
n659:
	(26,80) 2916
	[0,2] 5
n658:
	(26,37) 287
	[2,0] 3
n657:
	(76,83) 954
	[0,2] 4
n654:
	(50,61) 830
	[0,4] 3
n652:
	(74,81) 2984
	[0,2] 7
n650:
	(64,62) 1138
	[1,0] 9
n648:
	(44,62) 1129
	[0,3] 6
n646:
	(55,51) 493
	[0,3] 4
n644:
	(60,47) 3089
	[0,2] 5
n642:
	(60,45) 1089
	[0,2] 6
n640:
	(78,83) 2981
	[0,2] 6
n638:
	(71,65) 373
	[0,1] 5
n636:
	(30,97) 806
	[0,4] 2
n635:
	(46,55) 752
	[1,0] 5
n634:
	(32,103) 624
	[0,5] 2
n633:
	(18,61) 267
	[0,4] 2
n632:
	(44,88) 543
	[1,0] 6
n631:
	(38,88) 971
	[0,4] 2
n630:
	(46,56) 605
	[0,3] 2
n629:
	(73,65) 677
	[3,0] 2
n628:
	(62,55) 866
	[2,0] 2
n627:
	(53,55) 337
	[0,1] 2
n626:
	(65,61) 2854
	[2,0] 3
n656:
	(82,75) 892
	[2,0] 2
n655:
	(50,57) 2865
	[4,0] 3
n653:
	(60,49) 602
	[4,0] 2
n651:
	(80,73) 728
	[2,0] 2
n649:
	(61,63) 775
	[0,1] 2
n647:
	(61,43) 924
	[3,0] 2
n645:
	(50,54) 265
	[3,0] 2
n643:
	(46,59) 2863
	[2,0] 3
n641:
	(44,59) 931
	[2,0] 2
n639:
	(82,77) 2838
	[2,0] 3
n637:
	(64,70) 183
	[1,0] 2
n625:
	(44,42) 268
	[1,0] 5
n623:
	(18,37) 306
	[0,2] 3
n620:
	(56,62) 929
	[0,2] 8
n618:
	(58,64) 2982
	[0,2] 6
n616:
	(33,35) 214
	[0,1] 2
n614:
	(56,62) 2941
	[0,2] 5
n612:
	(63,57) 2858
	[2,0] 3
n610:
	(40,69) 950
	[0,4] 2
n609:
	(20,68) 2983
	[0,2] 3
n608:
	(35,55) 284
	[0,3] 2
n607:
	(40,65) 2882
	[0,2] 3
n606:
	(30,63) 621
	[0,4] 2
n605:
	(27,66) 2918
	[0,2] 4
n604:
	(38,78) 2884
	[0,6] 3
n603:
	(29,60) 938
	[0,3] 2
n624:
	(41,43) 269
	[0,1] 5
n622:
	(36,17) 292
	[2,0] 3
n621:
	(51,48) 788
	[4,0] 2
n619:
	(61,55) 853
	[2,0] 2
n617:
	(63,57) 2852
	[2,0] 3
n615:
	(34,32) 215
	[1,0] 2
n613:
	(61,55) 746
	[2,0] 2
n611:
	(56,62) 2859
	[0,2] 3
n602:
	(44,42) 380
	[1,0] 4
n600:
	(72,66) 888
	[2,0] 3
n598:
	(52,45) 777
	[1,0] 6
n596:
	(54,61) 860
	[0,2] 4
n594:
	(51,53) 829
	[0,1] 3
n592:
	(56,62) 1021
	[0,2] 8
n590:
	(51,53) 696
	[0,1] 4
n588:
	(56,62) 834
	[0,2] 6
n586:
	(44,42) 542
	[1,0] 4
n584:
	(54,47) 532
	[2,0] 3
n582:
	(54,61) 484
	[0,2] 4
n580:
	(56,62) 1041
	[0,2] 2
n578:
	(51,53) 875
	[0,1] 5
n576:
	(56,62) 2922
	[0,2] 5
n574:
	(41,34) 281
	[2,0] 2
n573:
	(44,51) 486
	[0,2] 2
n601:
	(41,43) 274
	[0,1] 2
n599:
	(65,71) 677
	[0,2] 2
n597:
	(44,51) 607
	[0,1] 2
n595:
	(60,53) 861
	[2,0] 2
n593:
	(52,50) 601
	[1,0] 2
n591:
	(61,55) 781
	[2,0] 2
n589:
	(52,50) 480
	[1,0] 2
n587:
	(61,55) 795
	[2,0] 2
n585:
	(41,43) 412
	[0,1] 2
n583:
	(46,53) 407
	[0,2] 2
n581:
	(60,53) 337
	[2,0] 2
n579:
	(61,55) 912
	[2,0] 2
n577:
	(52,50) 692
	[1,0] 2
n575:
	(61,55) 2859
	[2,0] 3
n567:
	(38,52) 931
	[0,4] 6
n565:
	(30,45) 712
	[0,3] 2
n563:
	(18,59) 633
	[0,4] 2
n562:
	(29,62) 807
	[0,4] 2
n561:
	(6,40) 303
	[0,3] 3
n560:
	(26,45) 658
	[2,0] 4
n559:
	(26,36) 398
	[2,0] 3
n572:
	(44,34) 802
	[3,0] 2
n571:
	(46,45) 2869
	[2,0] 3
n570:
	(44,37) 783
	[2,0] 2
n569:
	(42,34) 708
	[3,0] 2
n568:
	(44,39) 2876
	[2,0] 3
n566:
	(51,37) 876
	[4,0] 2
n564:
	(44,29) 713
	[3,0] 2
n550:
	(32,51) 715
	[0,4] 4
n548:
	(42,46) 3009
	[0,2] 5
n546:
	(40,45) 2972
	[0,2] 9
n544:
	(17,61) 373
	[0,4] 2
n543:
	(26,28) 810
	[0,1] 2
n558:
	(36,29) 501
	[2,0] 2
n557:
	(50,39) 928
	[4,0] 2
n556:
	(50,37) 416
	[4,0] 2
n555:
	(51,37) 764
	[4,0] 2
n554:
	(36,29) 361
	[2,0] 2
n553:
	(44,34) 617
	[3,0] 2
n552:
	(28,34) 219
	[1,0] 2
n551:
	(51,37) 871
	[4,0] 2
n549:
	(50,31) 499
	[4,0] 2
n547:
	(45,41) 2874
	[2,0] 3
n545:
	(44,39) 2876
	[2,0] 3
n542:
	(17,37) 417
	[0,2] 3
n540:
	(39,46) 987
	[0,2] 4
n538:
	(20,52) 947
	[0,4] 2
n537:
	(22,5) 321
	[2,0] 4
n536:
	(12,65) 518
	[0,5] 2
n535:
	(26,45) 2888
	[0,2] 3
n534:
	(15,43) 821
	[0,3] 2
n533:
	(18,43) 724
	[0,3] 2
n532:
	(18,43) 802
	[0,2] 2
n531:
	(18,43) 724
	[0,3] 2
n530:
	(18,51) 895
	[0,4] 2
n529:
	(15,43) 636
	[0,3] 2
n528:
	(20,44) 2895
	[0,2] 3
n527:
	(18,51) 890
	[0,4] 2
n526:
	(18,43) 512
	[0,3] 2
n525:
	(13,63) 954
	[0,4] 2
n524:
	(18,51) 435
	[0,4] 2
n523:
	(20,44) 2895
	[0,2] 3
n522:
	(18,43) 372
	[0,3] 2
n521:
	(18,51) 783
	[0,4] 2
n520:
	(25,23) 288
	[1,0] 4
n519:
	(20,44) 2895
	[0,2] 3
n518:
	(15,27) 238
	[0,1] 2
n517:
	(15,28) 983
	[0,1] 5
n516:
	(45,39) 2876
	[2,0] 3
n515:
	(42,35) 766
	[2,0] 2
n539:
	(45,38) 798
	[2,0] 2
n514:
	(35,28) 834
	[2,0] 4
n512:
	(34,27) 658
	[2,0] 4
n510:
	(26,24) 489
	[1,0] 4
n508:
	(43,37) 871
	[2,0] 2
n507:
	(42,35) 932
	[2,0] 2
n506:
	(43,37) 2878
	[2,0] 3
n505:
	(42,35) 766
	[2,0] 2
n504:
	(42,35) 418
	[2,0] 2
n503:
	(42,35) 2879
	[2,0] 3
n502:
	(42,35) 801
	[2,0] 2
n501:
	(42,35) 212
	[2,0] 2
n500:
	(42,35) 707
	[2,0] 2
n499:
	(43,37) 930
	[2,0] 2
n498:
	(23,25) 224
	[0,1] 2
n497:
	(43,37) 705
	[2,0] 2
n496:
	(26,33) 625
	[0,1] 2
n495:
	(26,33) 284
	[0,1] 5
n494:
	(42,35) 879
	[2,0] 2
n493:
	(34,32) 619
	[1,0] 2
n492:
	(23,25) 292
	[0,1] 2
n491:
	(43,37) 2878
	[2,0] 3
n490:
	(42,35) 495
	[2,0] 2
n489:
	(23,25) 430
	[0,1] 2
n488:
	(43,37) 2872
	[2,0] 3
n487:
	(43,37) 813
	[2,0] 2
n486:
	(42,35) 355
	[2,0] 2
n513:
	(27,34) 715
	[0,2] 2
n511:
	(26,33) 504
	[0,2] 2
n509:
	(23,25) 367
	[0,1] 2
n485:
	(38,11) 277
	[3,0] 2
n483:
	(46,11) 640
	[4,0] 2
n480:
	(38,27) 1059
	[0,2] 2
n479:
	(10,37) 255
	[0,1] 3
n478:
	(26,39) 843
	[2,0] 4
n477:
	(26,39) 2907
	[2,0] 3
n476:
	(18,34) 749
	[1,0] 4
n475:
	(26,37) 653
	[2,0] 3
n474:
	(26,39) 915
	[2,0] 4
n473:
	(26,37) 557
	[2,0] 5
n472:
	(26,37) 973
	[2,0] 4
n471:
	(26,37) 460
	[2,0] 4
n470:
	(26,39) 808
	[2,0] 4
n469:
	(26,37) 313
	[2,0] 3
n468:
	(26,39) 920
	[2,0] 4
n467:
	(26,37) 2936
	[2,0] 7
n466:
	(26,37) 838
	[2,0] 3
n465:
	(10,35) 299
	[0,2] 3
n464:
	(18,43) 802
	[0,2] 2
n462:
	(20,44) 2927
	[0,2] 5
n461:
	(10,43) 732
	[0,3] 2
n460:
	(18,43) 2897
	[0,2] 3
n459:
	(18,27) 749
	[1,0] 4
n458:
	(18,43) 827
	[0,2] 4
n457:
	(18,43) 2897
	[0,2] 3
n456:
	(18,24) 537
	[1,0] 4
n455:
	(10,35) 520
	[0,2] 2
n484:
	(10,37) 278
	[0,3] 2
n482:
	(10,45) 641
	[0,4] 2
n481:
	(26,37) 817
	[2,0] 2
n454:
	(38,11) 545
	[3,0] 4
n452:
	(47,12) 970
	[4,0] 2
n450:
	(18,50) 2896
	[0,4] 3
n449:
	(18,49) 818
	[0,4] 2
n448:
	(18,43) 1001
	[0,2] 6
n447:
	(18,43) 2921
	[0,2] 5
n446:
	(10,35) 380
	[0,2] 2
n445:
	(18,24) 397
	[1,0] 4
n444:
	(20,44) 2895
	[0,2] 3
n443:
	(18,33) 235
	[0,2] 2
n442:
	(14,8) 329
	[1,0] 5
n441:
	(18,45) 2904
	[0,2] 3
n440:
	(18,45) 2921
	[0,2] 5
n439:
	(18,43) 972
	[0,2] 2
n438:
	(18,49) 825
	[0,4] 4
n437:
	(18,43) 2921
	[0,2] 5
n436:
	(18,50) 818
	[0,4] 2
n435:
	(18,49) 301
	[0,4] 2
n434:
	(15,41) 727
	[0,3] 2
n433:
	(18,50) 895
	[0,4] 2
n432:
	(18,49) 633
	[0,4] 2
n431:
	(18,50) 890
	[0,4] 2
n430:
	(18,49) 512
	[0,4] 2
n429:
	(18,49) 2904
	[0,4] 3
n428:
	(18,49) 949
	[0,4] 2
n427:
	(18,49) 435
	[0,4] 2
n426:
	(18,50) 783
	[0,4] 2
n425:
	(15,35) 300
	[0,2] 2
n453:
	(10,37) 443
	[0,3] 2
n451:
	(11,46) 825
	[0,4] 2
n422:
	(18,25) 306
	[0,2] 3
n411:
	(18,25) 857
	[0,2] 3
n409:
	(18,25) 758
	[0,2] 4
n407:
	(18,25) 332
	[0,2] 3
n405:
	(18,25) 2953
	[0,2] 7
n403:
	(18,25) 2946
	[0,2] 7
n401:
	(18,25) 765
	[0,2] 4
n399:
	(18,25) 2928
	[0,2] 3
n397:
	(20,26) 939
	[0,2] 4
n395:
	(18,25) 864
	[0,2] 4
n393:
	(18,25) 852
	[0,2] 6
n391:
	(18,25) 2921
	[0,2] 5
n389:
	(18,25) 672
	[0,2] 3
n387:
	(18,25) 672
	[0,2] 3
n385:
	(18,25) 2946
	[0,2] 7
n383:
	(20,26) 862
	[0,2] 4
n381:
	(20,26) 2926
	[0,2] 3
n379:
	(18,25) 2922
	[0,2] 5
n377:
	(18,25) 2922
	[0,2] 5
n375:
	(18,25) 827
	[0,2] 4
n372:
	(18,25) 2897
	[0,2] 3
n370:
	(20,26) 2964
	[0,2] 6
n368:
	(18,25) 941
	[0,2] 4
n366:
	(20,26) 2929
	[0,2] 5
n365:
	(9,11) 334
	[1,0] 5
n424:
	(16,14) 318
	[1,0] 4
n423:
	(16,14) 297
	[1,0] 4
n421:
	(24,17) 304
	[2,0] 3
n420:
	(25,19) 2890
	[2,0] 3
n419:
	(16,14) 233
	[1,0] 2
n418:
	(24,17) 513
	[2,0] 2
n417:
	(24,17) 891
	[2,0] 2
n416:
	(24,17) 634
	[2,0] 2
n415:
	(25,19) 817
	[2,0] 2
n414:
	(16,14) 516
	[1,0] 2
n413:
	(24,17) 821
	[2,0] 2
n412:
	(24,17) 634
	[2,0] 2
n410:
	(24,17) 725
	[2,0] 2
n408:
	(24,17) 634
	[2,0] 2
n406:
	(24,17) 230
	[2,0] 2
n404:
	(24,17) 2898
	[2,0] 3
n402:
	(24,17) 2897
	[2,0] 3
n400:
	(24,17) 634
	[2,0] 2
n398:
	(24,17) 2898
	[2,0] 3
n396:
	(25,19) 889
	[2,0] 2
n394:
	(24,17) 725
	[2,0] 2
n392:
	(24,17) 821
	[2,0] 2
n390:
	(24,17) 2892
	[2,0] 3
n388:
	(24,17) 513
	[2,0] 2
n386:
	(24,17) 513
	[2,0] 2
n384:
	(24,17) 784
	[2,0] 2
n382:
	(25,19) 723
	[2,0] 2
n380:
	(25,19) 2896
	[2,0] 3
n378:
	(24,17) 2897
	[2,0] 3
n376:
	(24,17) 784
	[2,0] 2
n374:
	(24,17) 828
	[2,0] 2
n373:
	(24,17) 2897
	[2,0] 3
n371:
	(25,19) 2896
	[2,0] 3
n369:
	(24,17) 891
	[2,0] 2
n367:
	(25,19) 2890
	[2,0] 3
n364:
	(18,25) 836
	[0,2] 2
n362:
	(18,25) 836
	[0,2] 2
n349:
	(18,25) 857
	[0,2] 3
n347:
	(18,25) 2955
	[0,2] 7
n345:
	(18,25) 992
	[0,2] 4
n343:
	(18,25) 992
	[0,2] 4
n341:
	(18,25) 829
	[0,2] 4
n338:
	(18,25) 479
	[0,2] 4
n336:
	(18,25) 479
	[0,2] 4
n334:
	(20,26) 934
	[0,2] 4
n332:
	(15,17) 768
	[0,1] 4
n330:
	(20,26) 827
	[0,2] 4
n328:
	(15,17) 406
	[0,1] 4
n326:
	(18,25) 685
	[0,2] 4
n324:
	(18,25) 576
	[0,2] 5
n322:
	(18,25) 576
	[0,2] 5
n320:
	(18,25) 274
	[0,2] 4
n318:
	(18,25) 416
	[0,2] 3
n316:
	(18,25) 936
	[0,2] 4
n314:
	(15,17) 546
	[0,1] 4
n312:
	(15,17) 1002
	[0,1] 6
n310:
	(18,25) 332
	[0,2] 3
n308:
	(18,25) 1026
	[0,2] 8
n305:
	(18,25) 838
	[0,2] 4
n304:
	(18,17) 317
	[1,0] 3
n363:
	(24,17) 837
	[2,0] 2
n361:
	(24,17) 837
	[2,0] 2
n360:
	(25,19) 2895
	[2,0] 3
n359:
	(16,14) 376
	[1,0] 2
n358:
	(16,14) 728
	[1,0] 2
n357:
	(24,17) 373
	[2,0] 2
n356:
	(16,14) 249
	[1,0] 2
n355:
	(24,17) 298
	[2,0] 2
n354:
	(24,17) 725
	[2,0] 2
n353:
	(24,17) 436
	[2,0] 2
n352:
	(24,17) 810
	[2,0] 2
n351:
	(24,17) 917
	[2,0] 2
n350:
	(25,19) 782
	[2,0] 2
n348:
	(24,17) 725
	[2,0] 2
n346:
	(24,17) 784
	[2,0] 2
n344:
	(24,17) 819
	[2,0] 2
n342:
	(24,17) 819
	[2,0] 2
n340:
	(24,17) 809
	[2,0] 2
n339:
	(25,19) 2896
	[2,0] 3
n337:
	(24,17) 373
	[2,0] 2
n335:
	(24,17) 373
	[2,0] 2
n333:
	(25,19) 915
	[2,0] 2
n331:
	(16,14) 637
	[1,0] 2
n329:
	(25,19) 808
	[2,0] 2
n327:
	(16,14) 301
	[1,0] 2
n325:
	(24,17) 513
	[2,0] 2
n323:
	(24,17) 436
	[2,0] 2
n321:
	(24,17) 436
	[2,0] 2
n319:
	(24,17) 244
	[2,0] 2
n317:
	(24,17) 298
	[2,0] 2
n315:
	(24,17) 916
	[2,0] 2
n313:
	(16,14) 439
	[1,0] 2
n311:
	(16,14) 822
	[1,0] 2
n309:
	(24,17) 230
	[2,0] 2
n307:
	(24,17) 950
	[2,0] 2
n306:
	(24,17) 784
	[2,0] 2
n303:
	(20,9) 295
	[2,0] 3
n301:
	(20,9) 460
	[2,0] 3
n299:
	(21,10) 850
	[2,0] 4
n297:
	(20,9) 666
	[2,0] 4
n294:
	(8,30) 2907
	[0,2] 3
n293:
	(8,30) 2906
	[0,2] 3
n292:
	(8,30) 734
	[0,2] 2
n291:
	(5,22) 306
	[0,2] 4
n290:
	(8,30) 313
	[0,2] 3
n289:
	(5,19) 327
	[0,2] 4
n288:
	(8,30) 959
	[0,2] 2
n287:
	(8,30) 828
	[0,2] 2
n286:
	(8,30) 846
	[0,2] 2
n285:
	(8,30) 734
	[0,2] 2
n284:
	(8,30) 2907
	[0,2] 3
n283:
	(8,30) 830
	[0,2] 2
n282:
	(9,32) 2906
	[0,2] 3
n281:
	(8,30) 734
	[0,2] 2
n280:
	(9,32) 2900
	[0,2] 3
n279:
	(8,30) 837
	[0,2] 2
n278:
	(8,30) 522
	[0,2] 2
n277:
	(8,30) 643
	[0,2] 2
n276:
	(8,30) 643
	[0,2] 2
n275:
	(8,30) 830
	[0,2] 2
n274:
	(5,22) 646
	[0,2] 2
n273:
	(8,30) 643
	[0,2] 2
n272:
	(8,30) 445
	[0,2] 2
n271:
	(8,30) 643
	[0,2] 2
n270:
	(8,30) 2906
	[0,2] 3
n269:
	(9,32) 899
	[0,2] 2
n268:
	(8,30) 846
	[0,2] 2
n267:
	(8,30) 900
	[0,2] 2
n266:
	(8,30) 307
	[0,2] 2
n265:
	(8,30) 900
	[0,2] 2
n264:
	(8,30) 522
	[0,2] 2
n263:
	(8,30) 793
	[0,2] 2
n262:
	(9,32) 2906
	[0,2] 3
n302:
	(8,19) 296
	[0,2] 3
n300:
	(8,19) 382
	[0,2] 2
n298:
	(9,20) 733
	[0,2] 2
n296:
	(8,19) 522
	[0,2] 2
n295:
	(8,19) 239
	[0,2] 2
n261:
	(8,30) 793
	[0,2] 2
n260:
	(8,30) 522
	[0,2] 2
n259:
	(5,22) 525
	[0,2] 2
n258:
	(8,30) 734
	[0,2] 2
n257:
	(5,22) 737
	[0,2] 2
n256:
	(8,30) 522
	[0,2] 2
n255:
	(9,32) 925
	[0,2] 2
n254:
	(8,30) 2906
	[0,2] 3
n253:
	(8,30) 925
	[0,2] 2
n252:
	(5,22) 448
	[0,2] 2
n251:
	(9,32) 792
	[0,2] 2
n250:
	(8,30) 445
	[0,2] 2
n249:
	(8,30) 926
	[0,2] 2
n248:
	(8,30) 239
	[0,2] 2
n247:
	(9,32) 2906
	[0,2] 3
n246:
	(8,30) 445
	[0,2] 2
n245:
	(5,22) 385
	[0,2] 2
n244:
	(8,30) 793
	[0,2] 2
n243:
	(8,30) 828
	[0,2] 2
n242:
	(8,30) 818
	[0,2] 2
n241:
	(9,32) 818
	[0,2] 2
n240:
	(9,32) 827
	[0,2] 2
n239:
	(8,30) 382
	[0,2] 2
n238:
	(8,30) 2901
	[0,2] 3
n237:
	(8,30) 382
	[0,2] 2
n236:
	(8,30) 382
	[0,2] 2
n235:
	(8,30) 819
	[0,2] 2
n234:
	(5,22) 310
	[0,2] 2
n233:
	(5,22) 258
	[0,2] 2
n232:
	(8,30) 307
	[0,2] 2
n231:
	(8,30) 793
	[0,2] 2
n230:
	(5,22) 242
	[0,2] 2
n228:
	(9,32) 2905
	[0,2] 3
n227:
	(9,32) 2900
	[0,2] 3
n226:
	(8,30) 239
	[0,2] 2
n225:
	(8,30) 253
	[0,2] 2
n224:
	(9,32) 733
	[0,2] 2
n223:
	(5,22) 831
	[0,2] 2
n220:
	(18,9) 316
	[1,0] 4
n218:
	(18,9) 537
	[1,0] 3
n216:
	(18,9) 757
	[1,0] 4
n214:
	(18,9) 397
	[1,0] 3
n211:
	(18,9) 274
	[1,0] 3
n204:
	(8,15) 382
	[0,1] 2
n203:
	(8,23) 2906
	[0,2] 3
n202:
	(8,15) 445
	[0,1] 2
n201:
	(8,15) 303
	[0,1] 4
n200:
	(8,15) 643
	[0,1] 2
n199:
	(8,15) 255
	[0,1] 2
n198:
	(8,15) 239
	[0,1] 2
n197:
	(8,15) 522
	[0,1] 2
n195:
	(8,15) 307
	[0,1] 2
n194:
	(8,15) 324
	[0,1] 4
n193:
	(8,23) 382
	[0,2] 2
n192:
	(9,24) 2900
	[0,2] 3
n191:
	(9,24) 2905
	[0,2] 3
n190:
	(8,23) 830
	[0,2] 2
n189:
	(8,23) 643
	[0,2] 2
n188:
	(8,23) 643
	[0,2] 2
n187:
	(9,24) 818
	[0,2] 2
n186:
	(8,23) 239
	[0,2] 2
n185:
	(8,23) 734
	[0,2] 2
n184:
	(8,23) 846
	[0,2] 2
n183:
	(8,23) 793
	[0,2] 2
n182:
	(8,23) 830
	[0,2] 2
n181:
	(8,23) 239
	[0,2] 2
n180:
	(14,9) 739
	[2,0] 2
n179:
	(8,23) 793
	[0,2] 2
n178:
	(8,23) 734
	[0,2] 2
n177:
	(8,23) 925
	[0,2] 2
n222:
	(8,15) 734
	[0,1] 2
n221:
	(9,24) 2906
	[0,2] 3
n219:
	(8,17) 317
	[0,1] 4
n217:
	(8,17) 445
	[0,1] 2
n215:
	(8,17) 643
	[0,1] 2
n213:
	(8,17) 307
	[0,1] 2
n212:
	(8,17) 239
	[0,1] 2
n210:
	(11,4) 253
	[1,0] 3
n209:
	(19,8) 533
	[1,0] 3
n208:
	(19,8) 393
	[1,0] 3
n207:
	(19,8) 250
	[1,0] 3
n206:
	(19,8) 250
	[1,0] 3
n205:
	(20,9) 745
	[1,0] 3
n172:
	(14,9) 301
	[2,0] 3
n171:
	(8,23) 643
	[0,2] 2
n170:
	(9,24) 899
	[0,2] 2
n169:
	(8,23) 734
	[0,2] 2
n168:
	(8,23) 819
	[0,2] 2
n167:
	(8,23) 900
	[0,2] 2
n166:
	(8,23) 828
	[0,2] 2
n165:
	(8,23) 900
	[0,2] 2
n164:
	(14,9) 527
	[2,0] 2
n163:
	(8,23) 522
	[0,2] 2
n162:
	(8,23) 522
	[0,2] 2
n161:
	(8,23) 522
	[0,2] 2
n160:
	(8,23) 643
	[0,2] 2
n159:
	(8,23) 2906
	[0,2] 3
n158:
	(8,23) 382
	[0,2] 2
n157:
	(9,24) 792
	[0,2] 2
n156:
	(8,23) 846
	[0,2] 2
n155:
	(14,9) 244
	[2,0] 2
n154:
	(8,23) 793
	[0,2] 2
n153:
	(8,23) 926
	[0,2] 2
n152:
	(8,23) 734
	[0,2] 2
n151:
	(8,23) 253
	[0,2] 2
n150:
	(8,23) 313
	[0,2] 3
n149:
	(8,23) 445
	[0,2] 2
n148:
	(14,9) 387
	[2,0] 2
n147:
	(8,23) 307
	[0,2] 2
n146:
	(8,23) 445
	[0,2] 2
n145:
	(9,24) 733
	[0,2] 2
n144:
	(8,23) 445
	[0,2] 2
n143:
	(8,23) 828
	[0,2] 2
n142:
	(9,24) 2900
	[0,2] 3
n141:
	(9,24) 2906
	[0,2] 3
n140:
	(8,23) 522
	[0,2] 2
n139:
	(9,24) 827
	[0,2] 2
n138:
	(9,24) 925
	[0,2] 2
n137:
	(8,23) 307
	[0,2] 2
n136:
	(8,23) 382
	[0,2] 2
n176:
	(8,23) 2906
	[0,2] 3
n175:
	(8,23) 2901
	[0,2] 3
n174:
	(8,23) 837
	[0,2] 2
n173:
	(8,23) 793
	[0,2] 2
n103:
	(10,7) 542
	[1,0] 3
n102:
	(4,15) 392
	[0,2] 2
n101:
	(4,15) 744
	[0,2] 2
n100:
	(4,15) 249
	[0,2] 2
n99:
	(10,7) 333
	[1,0] 4
n98:
	(4,15) 532
	[0,2] 2
n97:
	(10,7) 402
	[1,0] 3
n96:
	(10,7) 259
	[1,0] 3
n95:
	(11,8) 754
	[1,0] 3
n93:
	(4,15) 306
	[0,2] 3
n135:
	(10,7) 535
	[1,0] 3
n134:
	(10,7) 656
	[1,0] 3
n132:
	(10,7) 648
	[1,0] 2
n131:
	(10,7) 458
	[1,0] 3
n130:
	(10,7) 244
	[1,0] 2
n129:
	(10,7) 656
	[1,0] 3
n128:
	(10,7) 254
	[1,0] 2
n127:
	(10,7) 387
	[1,0] 2
n126:
	(10,7) 806
	[1,0] 3
n125:
	(10,7) 850
	[1,0] 3
n124:
	(10,7) 2919
	[1,0] 4
n123:
	(10,7) 747
	[1,0] 3
n122:
	(10,7) 656
	[1,0] 3
n121:
	(10,7) 813
	[1,0] 3
n120:
	(10,7) 656
	[1,0] 3
n119:
	(10,7) 806
	[1,0] 3
n118:
	(10,7) 259
	[1,0] 3
n117:
	(10,7) 535
	[1,0] 3
n116:
	(10,7) 850
	[1,0] 3
n115:
	(10,7) 838
	[1,0] 3
n114:
	(10,7) 527
	[1,0] 2
n113:
	(10,7) 535
	[1,0] 3
n112:
	(10,7) 850
	[1,0] 3
n111:
	(10,7) 458
	[1,0] 3
n110:
	(10,7) 813
	[1,0] 3
n109:
	(10,7) 841
	[1,0] 3
n108:
	(10,7) 747
	[1,0] 3
n107:
	(10,7) 312
	[1,0] 2
n106:
	(10,7) 806
	[1,0] 3
n105:
	(10,7) 458
	[1,0] 3
n104:
	(10,7) 859
	[1,0] 3
n58:
	(12,9) 312
	[1,0] 2
n56:
	(12,9) 244
	[1,0] 2
n54:
	(12,9) 648
	[1,0] 2
n52:
	(12,9) 250
	[1,0] 3
n50:
	(12,9) 450
	[1,0] 2
n48:
	(11,8) 754
	[1,0] 3
n47:
	(10,7) 542
	[1,0] 3
n46:
	(10,7) 259
	[1,0] 3
n45:
	(10,7) 402
	[1,0] 3
n44:
	(10,7) 259
	[1,0] 3
n92:
	(11,8) 805
	[1,0] 3
n91:
	(10,7) 747
	[1,0] 3
n90:
	(10,7) 273
	[1,0] 3
n89:
	(10,7) 450
	[1,0] 2
n88:
	(10,7) 395
	[1,0] 3
n87:
	(10,7) 270
	[1,0] 3
n86:
	(10,7) 395
	[1,0] 3
n85:
	(10,7) 535
	[1,0] 3
n84:
	(10,7) 252
	[1,0] 3
n83:
	(10,7) 252
	[1,0] 3
n82:
	(10,7) 920
	[1,0] 3
n81:
	(10,7) 2919
	[1,0] 4
n80:
	(10,7) 841
	[1,0] 3
n79:
	(10,7) 395
	[1,0] 3
n78:
	(10,7) 320
	[1,0] 3
n77:
	(10,7) 839
	[1,0] 3
n76:
	(10,7) 747
	[1,0] 3
n75:
	(11,8) 2919
	[1,0] 4
n74:
	(11,8) 2913
	[1,0] 4
n73:
	(10,7) 859
	[1,0] 3
n72:
	(11,8) 2918
	[1,0] 4
n71:
	(11,8) 920
	[1,0] 3
n70:
	(11,8) 840
	[1,0] 3
n69:
	(11,8) 2913
	[1,0] 4
n68:
	(11,8) 746
	[1,0] 3
n67:
	(11,8) 839
	[1,0] 3
n66:
	(11,8) 2919
	[1,0] 4
n65:
	(11,8) 813
	[1,0] 3
n64:
	(10,7) 320
	[1,0] 3
n63:
	(10,7) 2919
	[1,0] 4
n62:
	(10,7) 2914
	[1,0] 4
n61:
	(10,7) 739
	[1,0] 2
n60:
	(10,7) 806
	[1,0] 3
n59:
	(10,7) 318
	[1,0] 4
n57:
	(8,11) 313
	[0,1] 2
n55:
	(8,11) 245
	[0,1] 2
n53:
	(8,11) 649
	[0,1] 2
n51:
	(8,11) 251
	[0,1] 3
n49:
	(8,11) 451
	[0,1] 2
n43:
	(8,9) 539
	[1,0] 3
n42:
	(8,9) 399
	[1,0] 3
n41:
	(8,9) 751
	[1,0] 3
n40:
	(8,9) 256
	[1,0] 3
n39:
	(8,9) 313
	[1,0] 4
n37:
	(4,13) 306
	[0,2] 3
n36:
	(4,13) 744
	[0,2] 2
n35:
	(4,13) 532
	[0,2] 2
n34:
	(4,13) 249
	[0,2] 2
n33:
	(4,13) 392
	[0,2] 2
n32:
	(4,7) 756
	[0,1] 3
n31:
	(4,7) 544
	[0,1] 3
n30:
	(4,7) 404
	[0,1] 3
n29:
	(4,7) 261
	[0,1] 3
n28:
	(4,7) 250
	[0,1] 3
n27:
	(4,7) 252
	[0,1] 3
n26:
	(4,7) 537
	[0,1] 2
n25:
	(4,7) 249
	[0,1] 2
n24:
	(4,7) 318
	[0,1] 4
n23:
	(5,8) 748
	[0,1] 4
n22:
	(4,7) 254
	[0,1] 2
n21:
	(4,7) 255
	[0,1] 3
n20:
	(4,7) 397
	[0,1] 2
n17[12]:
	(18,11) 82
	[1,0] 2
n18[11]:
	(23,22) 74
	[1,0] 2
n944:
	(9,26) 91
	[0,3] 3
n943:
	(14,13) 83
	[2,0] 2
n1771:
	(21,18) 92
	[1,0] 2
n942:
	(8,29) 88
	[0,2] 2
n941:
	(18,11) 99
	[1,0] 3
n940:
	(10,17) 100
	[0,1] 2
n1770:
	(21,18) 92
	[1,0] 2
n939:
	(8,21) 109
	[0,1] 3
n938:
	(10,17) 100
	[0,1] 2
n1769:
	(21,18) 92
	[1,0] 2
n937:
	(8,21) 109
	[0,1] 3
n936:
	(10,17) 100
	[0,1] 2
n1768:
	(21,18) 92
	[1,0] 2
n935:
	(8,21) 109
	[0,1] 3
n934:
	(10,17) 100
	[0,1] 2
n1767:
	(22,21) 92
	[1,0] 2
n933:
	(8,25) 109
	[0,1] 3
n932:
	(14,15) 120
	[0,2] 4
n931:
	(14,13) 100
	[2,0] 2
n1766:
	(21,18) 92
	[1,0] 2
n930:
	(8,29) 105
	[0,2] 2
n929:
	(18,11) 116
	[1,0] 3
n928:
	(10,17) 100
	[0,1] 2
n1765:
	(22,21) 92
	[1,0] 2
n927:
	(8,25) 109
	[0,1] 3
n926:
	(14,15) 120
	[0,2] 4
n925:
	(14,13) 100
	[2,0] 2
n1764:
	(22,21) 92
	[1,0] 2
n924:
	(8,25) 105
	[0,3] 2
n923:
	(14,13) 100
	[2,0] 2
n1763:
	(22,21) 92
	[1,0] 2
n922:
	(8,25) 105
	[0,3] 2
n921:
	(14,13) 100
	[2,0] 2
n1762:
	(16,17) 88
	[1,0] 3
n920:
	(8,19) 105
	[0,2] 2
n1761:
	(10,13) 93
	[0,1] 5
n919:
	(10,7) 103
	[1,0] 2
n918:
	(10,7) 106
	[1,0] 2
n917:
	(10,7) 103
	[1,0] 2
n916:
	(11,8) 88
	[1,0] 2
n915:
	(10,7) 103
	[1,0] 2
n914:
	(10,7) 106
	[1,0] 2
n913:
	(10,7) 106
	[1,0] 2
n912:
	(10,7) 97
	[1,0] 3
n911:
	(10,7) 103
	[1,0] 2
n910:
	(10,7) 103
	[1,0] 2
n909:
	(10,7) 106
	[1,0] 2
n907:
	(8,9) 109
	[1,0] 2
n906:
	(8,9) 109
	[1,0] 2
n905:
	(8,9) 109
	[1,0] 2
n904:
	(8,9) 109
	[1,0] 2
n903:
	(8,10) 92
	[1,0] 2
n908:
	(8,9) 96
	[1,0] 3
n902:
	(4,13) 102
	[0,2] 6
n901:
	(4,13) 109
	[0,2] 2
n900:
	(4,13) 92
	[0,2] 2
n899:
	(4,13) 109
	[0,2] 2
n898:
	(4,13) 109
	[0,2] 2
n897:
	(8,9) 109
	[1,0] 2
n896:
	(4,13) 109
	[0,2] 2
n895:
	(4,7) 101
	[0,1] 3
n894:
	(4,7) 114
	[0,1] 2
n893:
	(4,7) 114
	[0,1] 2
n892:
	(4,7) 101
	[0,1] 3
n891:
	(4,7) 114
	[0,1] 2
n890:
	(4,7) 114
	[0,1] 2
n889:
	(4,7) 114
	[0,1] 2
n888:
	(4,7) 114
	[0,1] 2
n887:
	(4,7) 114
	[0,1] 2
n886:
	(4,7) 98
	[0,1] 2
n885:
	(4,7) 114
	[0,1] 2
n884:
	(5,8) 97
	[0,1] 2
n883:
	(4,7) 114
	[0,1] 2
n882:
	(4,7) 114
	[0,1] 2
n14[17]:
	(139,145) 3802
	[1,0] 3
n14[16]:
	(197,201) 3744
	[1,0] 3
n1027:
	(1571,31) 3910
	[0,1] 3
n14[15]:
	(291,285) 3650
	[1,0] 3
n1026:
	(15,3508) 3926
	[0,8] 4
n1024:
	(1570,28) 3913
	[0,1] 3
n14[14]:
	(387,392) 3554
	[1,0] 3
n1023:
	(3334,14) 4100
	[7,0] 5
n1022:
	(13,3333) 3928
	[0,7] 4
n1020:
	(1569,25) 3910
	[0,1] 3
n14[13]:
	(518,517) 3423
	[1,0] 3
n1019:
	(3072,12) 4189
	[6,0] 5
n1018:
	(11,3071) 3924
	[0,6] 4
n1016:
	(1568,22) 3919
	[0,1] 3
n14[12]:
	(649,654) 3292
	[1,0] 3
n1015:
	(2700,10) 4295
	[5,0] 5
n1014:
	(9,2699) 3932
	[0,5] 4
n1012:
	(1567,19) 3921
	[0,1] 3
n1011:
	(2200,8) 4431
	[4,0] 5
n1010:
	(7,2199) 3933
	[0,4] 4
n1008:
	(1560,16) 3925
	[0,1] 3
n14[11]:
	(1555,1554) 83
	[1,0] 2
n1007:
	(10,1565) 3925
	[1,0] 3
n1006:
	(1560,6) 4572
	[3,0] 5
n1005:
	(5,1559) 3936
	[0,3] 4
n1004:
	(842,834) 4648
	[0,1] 3
n1003:
	(833,841) 804
	[1,0] 2
n1749:
	(1724,1724) 93
	[1,0] 2
n1002:
	(831,1728) 814
	[0,1] 2
n1001:
	(893,893) 924
	[1,0] 2
n1748:
	(1095,1099) 93
	[1,0] 2
n1000:
	(883,1096) 934
	[0,1] 2
n999:
	(211,882) 1819
	[1,0] 2
n998:
	(881,210) 978
	[0,1] 2
n1747:
	(1081,1085) 93
	[1,0] 2
n997:
	(205,1629) 983
	[1,0] 2
n996:
	(752,204) 970
	[0,1] 2
n1746:
	(946,944) 93
	[1,0] 2
n995:
	(199,1404) 975
	[1,0] 2
n994:
	(656,198) 839
	[0,1] 2
n1745:
	(844,846) 93
	[1,0] 2
n993:
	(193,1217) 844
	[1,0] 2
n992:
	(565,192) 745
	[0,1] 2
n1744:
	(747,749) 93
	[1,0] 2
n991:
	(187,1007) 750
	[1,0] 2
n990:
	(446,186) 654
	[0,1] 2
n1743:
	(622,620) 93
	[1,0] 2
n989:
	(181,811) 659
	[1,0] 2
n988:
	(369,180) 533
	[0,1] 2
n1742:
	(539,537) 93
	[1,0] 2
n987:
	(175,671) 538
	[1,0] 2
n986:
	(306,174) 456
	[0,1] 2
n1741:
	(470,468) 93
	[1,0] 2
n985:
	(169,533) 461
	[1,0] 2
n984:
	(231,168) 393
	[0,1] 2
n1740:
	(234,236) 93
	[1,0] 2
n983:
	(163,236) 398
	[1,0] 2
n1739:
	(163,14) 89
	[1,0] 3
n978:
	(721,720) 917
	[0,1] 2
n982:
	(834,830) 987
	[0,1] 2
n981:
	(884,888) 304
	[0,1] 2
n980:
	(364,362) 268
	[0,1] 2
n979:
	(301,299) 262
	[0,1] 2
n977:
	(226,224) 103
	[0,1] 2
n976:
	(747,745) 292
	[0,1] 2
n975:
	(651,653) 286
	[0,1] 2
n974:
	(876,880) 298
	[0,1] 2
n973:
	(560,562) 280
	[0,1] 2
n972:
	(441,439) 274
	[0,1] 2
n970:
	(4,230) 557
	[0,1] 3
n969:
	(9,832) 1636
	[0,1] 2
n968:
	(9,892) 1808
	[0,1] 2
n967:
	(722,9) 4768
	[0,1] 3
n966:
	(725,4) 4770
	[2,0] 5
n965:
	(4,564) 933
	[0,1] 3
n971:
	(9,162) 94
	[0,1] 2
n964:
	(4,166) 99
	[0,1] 3
n963:
	(4,445) 836
	[0,1] 3
n962:
	(4,655) 1033
	[0,1] 3
n961:
	(4,368) 709
	[0,1] 3
n960:
	(4,305) 626
	[0,1] 3
n959:
	(4,880) 1184
	[0,1] 3
n958:
	(4,751) 1170
	[0,1] 3
n957:
	(827,833) 1641
	[1,0] 2
n956:
	(4,8) 2464
	[0,1] 3
n955:
	(717,718) 4778
	[1,0] 6
n954:
	(157,159) 99
	[1,0] 2
n953:
	(4,8) 5486
	[0,1] 3
n952:
	(887,881) 1813
	[1,0] 2
n951:
	(370,365) 6625
	[1,0] 9
n950:
	(498,499) 6133
	[1,0] 8
n949:
	(638,633) 5494
	[1,0] 7
n948:
	(4,8) 2696
	[0,1] 3
n947:
	(4,8) 252
	[0,1] 3
n946:
	(173,169) 7261
	[1,0] 11
n945:
	(260,266) 7001
	[1,0] 10
n1694:
	(56,41) 88
	[0,1] 1
n1094:
	(31,55) 98
	[1,0] 1
n1093:
	(30,59) 123
	[0,1] 1
n1092:
	(31,60) 151
	[1,0] 1
n1091:
	(30,59) 181
	[0,1] 1
n1090:
	(31,60) 209
	[1,0] 1
n1089:
	(30,59) 239
	[0,1] 1
n1088:
	(31,60) 267
	[1,0] 1
n1087:
	(30,59) 297
	[0,1] 1
n1086:
	(31,50) 325
	[1,0] 1
n1085:
	(20,40) 355
	[0,1] 1
n1084:
	(27,29) 271
	[0,1] 2
n1083:
	(29,30) 182
	[0,1] 1
n1082:
	(27,29) 368
	[0,1] 2
n1081:
	(29,30) 298
	[0,1] 1
n1080:
	(27,29) 213
	[0,1] 2
n1079:
	(27,29) 329
	[0,1] 2
n1078:
	(27,29) 155
	[0,1] 2
n1077:
	(29,30) 346
	[0,1] 1
n1076:
	(24,30) 129
	[0,1] 1
n1075:
	(29,30) 240
	[0,1] 1
n1074:
	(12,19) 383
	[1,0] 1
n1073:
	(13,28) 382
	[0,1] 2
n1072:
	(13,28) 382
	[0,1] 2
n1071:
	(4,11) 398
	[0,1] 1
n1070:
	(14,29) 255
	[0,1] 1
n1069:
	(14,29) 139
	[0,1] 1
n1068:
	(13,28) 169
	[0,1] 2
n1067:
	(13,28) 285
	[0,1] 2
n1066:
	(14,29) 197
	[0,1] 1
n1065:
	(13,28) 285
	[0,1] 2
n1064:
	(14,29) 197
	[0,1] 1
n1063:
	(14,29) 313
	[0,1] 1
n1062:
	(13,28) 169
	[0,1] 2
n1061:
	(9,102) 120
	[0,11] 2
n1060:
	(13,28) 343
	[0,1] 2
n1059:
	(14,29) 388
	[0,1] 1
n1058:
	(13,28) 343
	[0,1] 2
n1057:
	(13,28) 227
	[0,1] 2
n1056:
	(14,29) 313
	[0,1] 1
n1055:
	(13,28) 227
	[0,1] 2
n1054:
	(14,29) 361
	[0,1] 1
n1053:
	(14,29) 361
	[0,1] 1
n1052:
	(9,101) 144
	[0,11] 1
n1051:
	(14,29) 255
	[0,1] 1
n1050:
	(4,7) 405
	[0,1] 2
n1049:
	(14,16) 241
	[1,0] 2
n1048:
	(13,14) 329
	[1,0] 1
n1047:
	(13,14) 213
	[1,0] 1
n1046:
	(14,16) 396
	[1,0] 2
n1045:
	(94,8) 128
	[11,0] 2
n1044:
	(14,16) 241
	[1,0] 2
n1043:
	(14,16) 183
	[1,0] 2
n1042:
	(13,14) 155
	[1,0] 1
n1041:
	(14,16) 357
	[1,0] 2
n1040:
	(13,14) 271
	[1,0] 1
n1039:
	(13,14) 404
	[1,0] 1
n1038:
	(93,8) 152
	[11,0] 1
n1037:
	(14,16) 299
	[1,0] 2
n1036:
	(14,16) 183
	[1,0] 2
n1035:
	(14,16) 299
	[1,0] 2
n1034:
	(14,16) 357
	[1,0] 2
n1033:
	(13,14) 271
	[1,0] 1
n1032:
	(13,14) 377
	[1,0] 1
n1031:
	(13,14) 329
	[1,0] 1
n1030:
	(13,14) 213
	[1,0] 1
n1029:
	(13,14) 377
	[1,0] 1
n1028:
	(14,16) 396
	[1,0] 2
n1737:
	(8,11) 140
	[0,1] 1
n1114:
	(4,85) 127
	[0,11] 1
n1736:
	(8,11) 140
	[0,1] 1
n1113:
	(78,5) 134
	[10,0] 2
n1112:
	(4,77) 135
	[0,10] 1
n1735:
	(8,11) 140
	[0,1] 1
n1111:
	(70,5) 142
	[9,0] 2
n1110:
	(4,69) 143
	[0,9] 1
n1734:
	(8,11) 140
	[0,1] 1
n1109:
	(62,5) 150
	[8,0] 2
n1108:
	(4,61) 144
	[0,8] 1
n1733:
	(8,11) 140
	[0,1] 1
n1107:
	(54,5) 151
	[7,0] 2
n1106:
	(4,53) 144
	[0,7] 1
n1732:
	(8,11) 140
	[0,1] 1
n1105:
	(46,5) 151
	[6,0] 2
n1104:
	(4,45) 144
	[0,6] 1
n1731:
	(8,11) 140
	[0,1] 1
n1103:
	(38,5) 151
	[5,0] 2
n1102:
	(4,37) 144
	[0,5] 1
n1730:
	(8,11) 140
	[0,1] 1
n1101:
	(30,5) 151
	[4,0] 2
n1100:
	(4,29) 144
	[0,4] 1
n1729:
	(8,11) 140
	[0,1] 1
n1099:
	(22,5) 151
	[3,0] 2
n1098:
	(4,21) 144
	[0,3] 1
n1728:
	(7,10) 140
	[0,1] 1
n1097:
	(14,5) 151
	[2,0] 2
n1096:
	(4,13) 144
	[0,2] 1
n1715:
	(8,11) 156
	[0,1] 1
n1133:
	(4,85) 137
	[0,11] 1
n1714:
	(8,11) 156
	[0,1] 1
n1132:
	(78,5) 144
	[10,0] 2
n1131:
	(4,77) 145
	[0,10] 1
n1713:
	(8,11) 156
	[0,1] 1
n1130:
	(70,5) 152
	[9,0] 2
n1129:
	(4,69) 153
	[0,9] 1
n1712:
	(8,11) 156
	[0,1] 1
n1128:
	(62,5) 160
	[8,0] 2
n1127:
	(4,61) 160
	[0,8] 1
n1711:
	(8,11) 156
	[0,1] 1
n1126:
	(54,5) 167
	[7,0] 2
n1125:
	(4,53) 160
	[0,7] 1
n1710:
	(8,11) 156
	[0,1] 1
n1124:
	(46,5) 167
	[6,0] 2
n1123:
	(4,45) 160
	[0,6] 1
n1709:
	(8,11) 156
	[0,1] 1
n1122:
	(38,5) 167
	[5,0] 2
n1121:
	(4,37) 160
	[0,5] 1
n1708:
	(8,11) 156
	[0,1] 1
n1120:
	(30,5) 167
	[4,0] 2
n1119:
	(4,29) 160
	[0,4] 1
n1707:
	(8,11) 156
	[0,1] 1
n1118:
	(22,5) 167
	[3,0] 2
n1117:
	(4,21) 160
	[0,3] 1
n1706:
	(7,10) 156
	[0,1] 1
n1116:
	(14,5) 167
	[2,0] 2
n1115:
	(4,13) 160
	[0,2] 1
n15[12]:
	(19,13) 84
	[0,1] 3
n16[11]:
	(24,21) 76
	[0,1] 3
n1851:
	(13,22) 90
	[0,1] 3
n1850:
	(12,17) 85
	[1,0] 3
n1760:
	(23,20) 95
	[0,1] 3
n1849:
	(12,21) 90
	[0,1] 3
n1848:
	(12,17) 99
	[1,0] 3
n1759:
	(23,20) 95
	[0,1] 3
n1847:
	(12,21) 104
	[0,1] 3
n1846:
	(12,17) 103
	[1,0] 3
n1758:
	(23,20) 95
	[0,1] 3
n1845:
	(12,21) 108
	[0,1] 3
n1844:
	(12,17) 103
	[1,0] 3
n1757:
	(23,20) 95
	[0,1] 3
n1843:
	(12,21) 108
	[0,1] 3
n1842:
	(12,17) 103
	[1,0] 3
n1756:
	(23,20) 95
	[0,1] 3
n1841:
	(12,21) 108
	[0,1] 3
n1840:
	(12,17) 103
	[1,0] 3
n1755:
	(23,20) 95
	[0,1] 3
n1839:
	(12,21) 108
	[0,1] 3
n1838:
	(12,17) 103
	[1,0] 3
n1754:
	(23,20) 95
	[0,1] 3
n1837:
	(12,21) 108
	[0,1] 3
n1836:
	(12,17) 103
	[1,0] 3
n1753:
	(23,20) 95
	[0,1] 3
n1835:
	(12,21) 108
	[0,1] 3
n1834:
	(12,17) 103
	[1,0] 3
n1752:
	(19,20) 95
	[0,1] 3
n1833:
	(12,21) 108
	[0,1] 3
n1832:
	(12,11) 103
	[1,0] 3
n1751:
	(12,15) 95
	[0,1] 3
n1831:
	(6,21) 108
	[0,1] 3
n1830:
	(8,11) 121
	[0,1] 4
n1828:
	(8,11) 121
	[0,1] 4
n1826:
	(8,11) 121
	[0,1] 4
n1824:
	(8,11) 121
	[0,1] 4
n1822:
	(8,11) 121
	[0,1] 4
n1750:
	(7,10) 91
	[0,1] 4
n1829:
	(10,7) 107
	[1,0] 3
n1827:
	(10,7) 108
	[1,0] 3
n1825:
	(10,7) 100
	[1,0] 3
n1823:
	(10,7) 108
	[1,0] 3
n1821:
	(10,7) 108
	[1,0] 3
n1820:
	(8,11) 117
	[0,1] 4
n1818:
	(8,11) 103
	[0,1] 4
n1816:
	(9,12) 103
	[0,1] 4
n1814:
	(8,11) 121
	[0,1] 4
n1812:
	(8,11) 121
	[0,1] 4
n1810:
	(8,11) 121
	[0,1] 4
n1819:
	(10,7) 108
	[1,0] 3
n1817:
	(10,7) 104
	[1,0] 3
n1815:
	(11,8) 89
	[1,0] 3
n1813:
	(10,7) 108
	[1,0] 3
n1811:
	(10,7) 108
	[1,0] 3
n1809:
	(10,7) 108
	[1,0] 3
n1808:
	(4,11) 112
	[0,1] 3
n1807:
	(4,11) 116
	[0,1] 3
n1806:
	(4,11) 116
	[0,1] 3
n1805:
	(4,11) 116
	[0,1] 3
n1804:
	(4,11) 110
	[0,1] 3
n1803:
	(4,11) 116
	[0,1] 3
n1802:
	(12,5) 117
	[1,0] 3
n1800:
	(4,11) 116
	[0,1] 3
n1799:
	(5,12) 98
	[0,1] 3
n1798:
	(4,11) 98
	[0,1] 3
n1797:
	(4,11) 116
	[0,1] 3
n1796:
	(4,11) 116
	[0,1] 3
n1801:
	(4,11) 103
	[0,1] 3
n1795:
	(4,7) 123
	[0,1] 4
n1794:
	(4,7) 110
	[0,1] 4
n1793:
	(4,7) 123
	[0,1] 4
n1792:
	(4,7) 105
	[0,1] 4
n1791:
	(4,7) 106
	[0,1] 4
n1790:
	(4,7) 123
	[0,1] 4
n1789:
	(4,7) 123
	[0,1] 4
n1788:
	(4,7) 123
	[0,1] 4
n1787:
	(4,7) 123
	[0,1] 4
n1786:
	(4,7) 117
	[0,1] 4
n1785:
	(4,7) 123
	[0,1] 4
n1784:
	(4,7) 119
	[0,1] 4
n133:
	(7,4) 339
	[1,0] 5
n94:
	(4,7) 260
	[0,1] 4
n38:
	(7,4) 336
	[1,0] 5
n196:
	(5,8) 340
	[0,1] 5
n229:
	(5,12) 340
	[0,1] 5
n463:
	(17,15) 326
	[1,0] 5
n541:
	(36,16) 299
	[2,0] 2
n1716:
	(5,86) 136
	[0,11] 1
n1738:
	(5,86) 126
	[0,11] 1
n1009:
	(11,1566) 3924
	[1,0] 3
n1013:
	(12,1567) 3923
	[1,0] 3
n1340:
	(2215,372) 700
	[0,1] 3
n1017:
	(13,1568) 3922
	[1,0] 3
n1021:
	(14,1569) 3927
	[1,0] 3
n1025:
	(15,1570) 3926
	[1,0] 3
n1419:
	(2227,368) 712
	[4,0] 7
n1472:
	(3405,289) 536
	[5,0] 6
n1323:
	(350,142) 3612
	[0,1] 3
n1868:
	(4,8) 131
	[0,1] 5
n1867:
	(4,8) 131
	[0,1] 5
n1866:
	(4,8) 131
	[0,1] 5
n1872:
	(4,8) 101
	[0,0] 5
n1871:
	(4,8) 127
	[0,0] 5
n1869:
	(4,8) 127
	[0,0] 5
n1870:
	(4,8) 127
	[0,0] 5
n1865:
	(4,8) 105
	[0,1] 5
n1864:
	(3,3) 106
	[0,0] 5
n19[0]+1:
	(2,2) 154
	[0,0] 7
n19[0]+2:
	(2,2) 137
	[0,0] 6
n19[0]+3:
	(4,15) 135
	[1,1] 5
n19[0]:
	(7,3) 132
	[1,0] 5
n19[1]+1:
	(2,2) 159
	[0,0] 7
n19[1]+2:
	(2,2) 137
	[0,0] 6
n19[1]+3:
	(4,20) 135
	[1,1] 5
n19[1]:
	(7,3) 132
	[1,0] 5
n19[2]+1:
	(2,2) 159
	[0,0] 7
n19[2]+2:
	(2,2) 137
	[0,0] 6
n19[2]+3:
	(4,20) 135
	[1,1] 5
n19[2]:
	(7,3) 132
	[1,0] 5
n1877+1:
	(2,2) 113
	[0,0] 6
n1877+2:
	(2,2) 92
	[0,0] 5
n1877+3:
	(4,19) 90
	[1,1] 4
n1877:
	(7,3) 87
	[1,0] 4
n1873:
	(11,15) 94
	[0,0] 5
n1874:
	(12,16) 139
	[0,0] 6
n1863:
	(6,36) 99
	[0,0] 5
n1862:
	(9,11) 146
	[0,0] 6
n1875:
	(12,16) 139
	[0,0] 6
n1861:
	(26,7) 109
	[0,0] 5
n1860:
	(6,25) 110
	[0,0] 5
n1859:
	(9,11) 146
	[0,0] 6
n1876:
	(12,11) 139
	[0,0] 6
n1858:
	(15,7) 120
	[0,0] 5
n1857:
	(6,14) 121
	[0,0] 5
n1856:
	(4,11) 146
	[0,1] 6
n1855:
	(9,5) 126
	[0,0] 5
n1854:
	(4,7) 131
	[0,1] 5
n1853:
	(9,5) 126
	[0,0] 5
n1852:
	(9,5) 126
	[0,0] 5

-----------------------------------
Sum of T(sa0)s: ∞
Sum of T(sa1)s: ∞
Testability index: ∞