0:
	(1,1) ∞
	[0,0] ∞
1:
	(1,1) 3
	[0,0] 0
x:
	(1,1) ∞
	[0,0] ∞
N1:
	(1,1) 2
	[0,0] 0
N18:
	(1,1) 16
	[0,0] 0
N35:
	(1,1) 42
	[0,0] 0
N52:
	(1,1) 80
	[0,0] 0
N69:
	(1,1) 130
	[0,0] 0
N86:
	(1,1) 192
	[0,0] 0
N103:
	(1,1) 266
	[0,0] 0
N120:
	(1,1) 352
	[0,0] 0
N137:
	(1,1) 450
	[0,0] 0
N154:
	(1,1) 560
	[0,0] 0
N171:
	(1,1) 594
	[0,0] 0
N188:
	(1,1) 414
	[0,0] 0
N205:
	(1,1) 253
	[0,0] 0
N222:
	(1,1) 118
	[0,0] 0
N239:
	(1,1) 36
	[0,0] 0
N256:
	(1,1) 32
	[0,0] 0
N273:
	(1,1) 2
	[0,0] 0
N290:
	(1,1) 13
	[0,0] 0
N307:
	(1,1) 23
	[0,0] 0
N324:
	(1,1) 35
	[0,0] 0
N341:
	(1,1) 41
	[0,0] 0
N358:
	(1,1) 47
	[0,0] 0
N375:
	(1,1) 53
	[0,0] 0
N392:
	(1,1) 59
	[0,0] 0
N409:
	(1,1) 65
	[0,0] 0
N426:
	(1,1) 71
	[0,0] 0
N443:
	(1,1) 72
	[0,0] 0
N460:
	(1,1) 64
	[0,0] 0
N477:
	(1,1) 56
	[0,0] 0
N494:
	(1,1) 48
	[0,0] 0
N511:
	(1,1) 40
	[0,0] 0
N528:
	(1,1) 32
	[0,0] 0
N545:
	(2,3) 0
	[0,0] 0
N546:
	(2,3) 11
	[0,0] 0
N549:
	(2,3) 21
	[0,0] 0
N552:
	(2,3) 33
	[0,0] 0
N555:
	(2,3) 39
	[0,0] 0
N558:
	(2,3) 45
	[0,0] 0
N561:
	(2,3) 51
	[0,0] 0
N564:
	(2,3) 57
	[0,0] 0
N567:
	(2,3) 63
	[0,0] 0
N570:
	(2,3) 69
	[0,0] 0
N573:
	(2,3) 75
	[0,0] 0
N576:
	(2,3) 81
	[0,0] 0
N579:
	(2,3) 87
	[0,0] 0
N582:
	(2,3) 93
	[0,0] 0
N585:
	(2,3) 99
	[0,0] 0
N588:
	(2,3) 105
	[0,0] 0
N591:
	(2,3) 14
	[0,0] 0
N594:
	(2,3) 37
	[0,0] 0
N597:
	(2,3) 59
	[0,0] 0
N600:
	(2,3) 83
	[0,0] 0
N603:
	(2,3) 101
	[0,0] 0
N606:
	(2,3) 119
	[0,0] 0
N609:
	(2,3) 137
	[0,0] 0
N612:
	(2,3) 155
	[0,0] 0
N615:
	(2,3) 173
	[0,0] 0
N618:
	(2,3) 191
	[0,0] 0
N621:
	(2,3) 209
	[0,0] 0
N624:
	(2,3) 227
	[0,0] 0
N627:
	(2,3) 245
	[0,0] 0
N630:
	(2,3) 263
	[0,0] 0
N633:
	(2,3) 281
	[0,0] 0
N636:
	(2,3) 293
	[0,0] 0
N639:
	(2,3) 40
	[0,0] 0
N642:
	(2,3) 75
	[0,0] 0
N645:
	(2,3) 109
	[0,0] 0
N648:
	(2,3) 145
	[0,0] 0
N651:
	(2,3) 175
	[0,0] 0
N654:
	(2,3) 205
	[0,0] 0
N657:
	(2,3) 235
	[0,0] 0
N660:
	(2,3) 265
	[0,0] 0
N663:
	(2,3) 295
	[0,0] 0
N666:
	(2,3) 325
	[0,0] 0
N669:
	(2,3) 355
	[0,0] 0
N672:
	(2,3) 385
	[0,0] 0
N675:
	(2,3) 415
	[0,0] 0
N678:
	(2,3) 422
	[0,0] 0
N681:
	(2,3) 420
	[0,0] 0
N684:
	(2,3) 401
	[0,0] 0
N687:
	(2,3) 78
	[0,0] 0
N690:
	(2,3) 125
	[0,0] 0
N693:
	(2,3) 171
	[0,0] 0
N696:
	(2,3) 219
	[0,0] 0
N699:
	(2,3) 261
	[0,0] 0
N702:
	(2,3) 303
	[0,0] 0
N705:
	(2,3) 345
	[0,0] 0
N708:
	(2,3) 387
	[0,0] 0
N711:
	(2,3) 429
	[0,0] 0
N714:
	(2,3) 471
	[0,0] 0
N717:
	(2,3) 513
	[0,0] 0
N720:
	(2,3) 555
	[0,0] 0
N723:
	(2,3) 574
	[0,0] 0
N726:
	(2,3) 584
	[0,0] 0
N729:
	(2,3) 577
	[0,0] 0
N732:
	(2,3) 665
	[0,0] 0
N735:
	(2,3) 128
	[0,0] 0
N738:
	(2,3) 187
	[0,0] 0
N741:
	(2,3) 245
	[0,0] 0
N744:
	(2,3) 305
	[0,0] 0
N747:
	(2,3) 359
	[0,0] 0
N750:
	(2,3) 413
	[0,0] 0
N753:
	(2,3) 467
	[0,0] 0
N756:
	(2,3) 521
	[0,0] 0
N759:
	(2,3) 575
	[0,0] 0
N762:
	(2,3) 629
	[0,0] 0
N765:
	(2,3) 683
	[0,0] 0
N768:
	(2,3) 712
	[0,0] 0
N771:
	(2,3) 710
	[0,0] 0
N774:
	(2,3) 708
	[0,0] 0
N777:
	(2,3) 706
	[0,0] 0
N780:
	(2,3) 701
	[0,0] 0
N783:
	(2,3) 190
	[0,0] 0
N786:
	(2,3) 261
	[0,0] 0
N789:
	(2,3) 331
	[0,0] 0
N792:
	(2,3) 403
	[0,0] 0
N795:
	(2,3) 469
	[0,0] 0
N798:
	(2,3) 535
	[0,0] 0
N801:
	(2,3) 601
	[0,0] 0
N804:
	(2,3) 667
	[0,0] 0
N807:
	(2,3) 718
	[0,0] 0
N810:
	(2,3) 716
	[0,0] 0
N813:
	(2,3) 714
	[0,0] 0
N816:
	(2,3) 712
	[0,0] 0
N819:
	(2,3) 710
	[0,0] 0
N822:
	(2,3) 708
	[0,0] 0
N825:
	(2,3) 706
	[0,0] 0
N828:
	(2,3) 701
	[0,0] 0
N831:
	(2,3) 264
	[0,0] 0
N834:
	(2,3) 347
	[0,0] 0
N837:
	(2,3) 429
	[0,0] 0
N840:
	(2,3) 513
	[0,0] 0
N843:
	(2,3) 591
	[0,0] 0
N846:
	(2,3) 669
	[0,0] 0
N849:
	(2,3) 722
	[0,0] 0
N852:
	(2,3) 720
	[0,0] 0
N855:
	(2,3) 718
	[0,0] 0
N858:
	(2,3) 716
	[0,0] 0
N861:
	(2,3) 714
	[0,0] 0
N864:
	(2,3) 712
	[0,0] 0
N867:
	(2,3) 710
	[0,0] 0
N870:
	(2,3) 708
	[0,0] 0
N873:
	(2,3) 706
	[0,0] 0
N876:
	(2,3) 701
	[0,0] 0
N879:
	(2,3) 350
	[0,0] 0
N882:
	(2,3) 445
	[0,0] 0
N885:
	(2,3) 539
	[0,0] 0
N888:
	(2,3) 635
	[0,0] 0
N891:
	(2,3) 725
	[0,0] 0
N894:
	(2,3) 724
	[0,0] 0
N897:
	(2,3) 722
	[0,0] 0
N900:
	(2,3) 720
	[0,0] 0
N903:
	(2,3) 718
	[0,0] 0
N906:
	(2,3) 716
	[0,0] 0
N909:
	(2,3) 714
	[0,0] 0
N912:
	(2,3) 712
	[0,0] 0
N915:
	(2,3) 710
	[0,0] 0
N918:
	(2,3) 708
	[0,0] 0
N921:
	(2,3) 706
	[0,0] 0
N924:
	(2,3) 701
	[0,0] 0
N927:
	(2,3) 448
	[0,0] 0
N930:
	(2,3) 555
	[0,0] 0
N933:
	(2,3) 661
	[0,0] 0
N936:
	(2,3) 728
	[0,0] 0
N939:
	(2,3) 726
	[0,0] 0
N942:
	(2,3) 724
	[0,0] 0
N945:
	(2,3) 722
	[0,0] 0
N948:
	(2,3) 720
	[0,0] 0
N951:
	(2,3) 718
	[0,0] 0
N954:
	(2,3) 716
	[0,0] 0
N957:
	(2,3) 714
	[0,0] 0
N960:
	(2,3) 712
	[0,0] 0
N963:
	(2,3) 710
	[0,0] 0
N966:
	(2,3) 708
	[0,0] 0
N969:
	(2,3) 706
	[0,0] 0
N972:
	(2,3) 701
	[0,0] 0
N975:
	(2,3) 558
	[0,0] 0
N978:
	(2,3) 677
	[0,0] 0
N981:
	(2,3) 717
	[0,0] 0
N984:
	(2,3) 721
	[0,0] 0
N987:
	(2,3) 719
	[0,0] 0
N990:
	(2,3) 717
	[0,0] 0
N993:
	(2,3) 715
	[0,0] 0
N996:
	(2,3) 713
	[0,0] 0
N999:
	(2,3) 711
	[0,0] 0
N1002:
	(2,3) 709
	[0,0] 0
N1005:
	(2,3) 707
	[0,0] 0
N1008:
	(2,3) 705
	[0,0] 0
N1011:
	(2,3) 703
	[0,0] 0
N1014:
	(2,3) 701
	[0,0] 0
N1017:
	(2,3) 699
	[0,0] 0
N1020:
	(2,3) 697
	[0,0] 0
N1023:
	(2,3) 680
	[0,0] 0
N1026:
	(2,3) 625
	[0,0] 0
N1029:
	(2,3) 626
	[0,0] 0
N1032:
	(2,3) 630
	[0,0] 0
N1035:
	(2,3) 628
	[0,0] 0
N1038:
	(2,3) 626
	[0,0] 0
N1041:
	(2,3) 624
	[0,0] 0
N1044:
	(2,3) 622
	[0,0] 0
N1047:
	(2,3) 620
	[0,0] 0
N1050:
	(2,3) 618
	[0,0] 0
N1053:
	(2,3) 616
	[0,0] 0
N1056:
	(2,3) 614
	[0,0] 0
N1059:
	(2,3) 612
	[0,0] 0
N1062:
	(2,3) 610
	[0,0] 0
N1065:
	(2,3) 606
	[0,0] 0
N1068:
	(2,3) 592
	[0,0] 0
N1071:
	(2,3) 629
	[0,0] 0
N1074:
	(2,3) 485
	[0,0] 0
N1077:
	(2,3) 486
	[0,0] 0
N1080:
	(2,3) 490
	[0,0] 0
N1083:
	(2,3) 488
	[0,0] 0
N1086:
	(2,3) 486
	[0,0] 0
N1089:
	(2,3) 484
	[0,0] 0
N1092:
	(2,3) 482
	[0,0] 0
N1095:
	(2,3) 480
	[0,0] 0
N1098:
	(2,3) 478
	[0,0] 0
N1101:
	(2,3) 476
	[0,0] 0
N1104:
	(2,3) 468
	[0,0] 0
N1107:
	(2,3) 454
	[0,0] 0
N1110:
	(2,3) 440
	[0,0] 0
N1113:
	(2,3) 426
	[0,0] 0
N1116:
	(2,3) 412
	[0,0] 0
N1119:
	(2,3) 489
	[0,0] 0
N1122:
	(2,3) 364
	[0,0] 0
N1125:
	(2,3) 365
	[0,0] 0
N1128:
	(2,3) 369
	[0,0] 0
N1131:
	(2,3) 367
	[0,0] 0
N1134:
	(2,3) 365
	[0,0] 0
N1137:
	(2,3) 363
	[0,0] 0
N1140:
	(2,3) 361
	[0,0] 0
N1143:
	(2,3) 349
	[0,0] 0
N1146:
	(2,3) 335
	[0,0] 0
N1149:
	(2,3) 321
	[0,0] 0
N1152:
	(2,3) 307
	[0,0] 0
N1155:
	(2,3) 293
	[0,0] 0
N1158:
	(2,3) 279
	[0,0] 0
N1161:
	(2,3) 265
	[0,0] 0
N1164:
	(2,3) 251
	[0,0] 0
N1167:
	(2,3) 368
	[0,0] 0
N1170:
	(2,3) 269
	[0,0] 0
N1173:
	(2,3) 270
	[0,0] 0
N1176:
	(2,3) 274
	[0,0] 0
N1179:
	(2,3) 270
	[0,0] 0
N1182:
	(2,3) 256
	[0,0] 0
N1185:
	(2,3) 242
	[0,0] 0
N1188:
	(2,3) 228
	[0,0] 0
N1191:
	(2,3) 214
	[0,0] 0
N1194:
	(2,3) 200
	[0,0] 0
N1197:
	(2,3) 186
	[0,0] 0
N1200:
	(2,3) 172
	[0,0] 0
N1203:
	(2,3) 158
	[0,0] 0
N1206:
	(2,3) 144
	[0,0] 0
N1209:
	(2,3) 130
	[0,0] 0
N1212:
	(2,3) 116
	[0,0] 0
N1215:
	(2,3) 273
	[0,0] 0
N1218:
	(2,3) 137
	[0,0] 0
N1221:
	(2,3) 138
	[0,0] 0
N1224:
	(2,3) 130
	[0,0] 0
N1227:
	(2,3) 122
	[0,0] 0
N1230:
	(2,3) 114
	[0,0] 0
N1233:
	(2,3) 106
	[0,0] 0
N1236:
	(2,3) 98
	[0,0] 0
N1239:
	(2,3) 90
	[0,0] 0
N1242:
	(2,3) 82
	[0,0] 0
N1245:
	(2,3) 74
	[0,0] 0
N1248:
	(2,3) 66
	[0,0] 0
N1251:
	(2,3) 58
	[0,0] 0
N1254:
	(2,3) 50
	[0,0] 0
N1257:
	(2,3) 42
	[0,0] 0
N1260:
	(2,3) 34
	[0,0] 0
N1263:
	(2,3) 141
	[0,0] 0
N1266:
	(2,3) 132
	[0,0] 0
N1269:
	(2,3) 128
	[0,0] 0
N1272:
	(2,3) 124
	[0,0] 0
N1275:
	(2,3) 118
	[0,0] 0
N1278:
	(2,3) 110
	[0,0] 0
N1281:
	(2,3) 102
	[0,0] 0
N1284:
	(2,3) 94
	[0,0] 0
N1287:
	(2,3) 86
	[0,0] 0
N1290:
	(2,3) 78
	[0,0] 0
N1293:
	(2,3) 70
	[0,0] 0
N1296:
	(2,3) 62
	[0,0] 0
N1299:
	(2,3) 54
	[0,0] 0
N1302:
	(2,3) 46
	[0,0] 0
N1305:
	(2,3) 38
	[0,0] 0
N1308:
	(2,3) 30
	[0,0] 0
N1311:
	(1,1) 15
	[0,0] 0
N1315:
	(1,1) 41
	[0,0] 0
N1319:
	(1,1) 79
	[0,0] 0
N1323:
	(1,1) 129
	[0,0] 0
N1327:
	(1,1) 191
	[0,0] 0
N1331:
	(1,1) 265
	[0,0] 0
N1335:
	(1,1) 351
	[0,0] 0
N1339:
	(1,1) 449
	[0,0] 0
N1343:
	(1,1) 559
	[0,0] 0
N1347:
	(1,1) 681
	[0,0] 0
N1351:
	(1,1) 625
	[0,0] 0
N1355:
	(1,1) 485
	[0,0] 0
N1359:
	(1,1) 364
	[0,0] 0
N1363:
	(1,1) 269
	[0,0] 0
N1367:
	(1,1) 137
	[0,0] 0
N1371:
	(2,4) 12
	[0,0] 0
N1372:
	(1,1) 13
	[0,0] 0
N1373:
	(2,4) 38
	[0,0] 0
N1374:
	(1,1) 39
	[0,0] 0
N1375:
	(2,4) 76
	[0,0] 0
N1376:
	(1,1) 77
	[0,0] 0
N1377:
	(2,4) 126
	[0,0] 0
N1378:
	(1,1) 127
	[0,0] 0
N1379:
	(2,4) 188
	[0,0] 0
N1380:
	(1,1) 189
	[0,0] 0
N1381:
	(2,4) 262
	[0,0] 0
N1382:
	(1,1) 263
	[0,0] 0
N1383:
	(2,4) 348
	[0,0] 0
N1384:
	(1,1) 349
	[0,0] 0
N1385:
	(2,4) 446
	[0,0] 0
N1386:
	(1,1) 447
	[0,0] 0
N1387:
	(2,4) 556
	[0,0] 0
N1388:
	(1,1) 557
	[0,0] 0
N1389:
	(2,4) 678
	[0,0] 0
N1390:
	(1,1) 679
	[0,0] 0
N1391:
	(2,4) 627
	[0,0] 0
N1392:
	(1,1) 628
	[0,0] 0
N1393:
	(2,4) 487
	[0,0] 0
N1394:
	(1,1) 488
	[0,0] 0
N1395:
	(2,4) 366
	[0,0] 0
N1396:
	(1,1) 367
	[0,0] 0
N1397:
	(2,4) 271
	[0,0] 0
N1398:
	(1,1) 272
	[0,0] 0
N1399:
	(2,4) 139
	[0,0] 0
N1400:
	(1,1) 140
	[0,0] 0
N1401:
	(2,4) 10
	[0,0] 0
N1404:
	(2,4) 36
	[0,0] 0
N1407:
	(2,4) 74
	[0,0] 0
N1410:
	(2,4) 124
	[0,0] 0
N1413:
	(2,4) 186
	[0,0] 0
N1416:
	(2,4) 260
	[0,0] 0
N1419:
	(2,4) 346
	[0,0] 0
N1422:
	(2,4) 444
	[0,0] 0
N1425:
	(2,4) 554
	[0,0] 0
N1428:
	(2,4) 676
	[0,0] 0
N1431:
	(2,4) 625
	[0,0] 0
N1434:
	(2,4) 485
	[0,0] 0
N1437:
	(2,4) 364
	[0,0] 0
N1440:
	(2,4) 269
	[0,0] 0
N1443:
	(2,4) 137
	[0,0] 0
N1446:
	(4,5) 8
	[0,0] 0
N1450:
	(4,5) 34
	[0,0] 0
N1454:
	(4,5) 72
	[0,0] 0
N1458:
	(4,5) 122
	[0,0] 0
N1462:
	(4,5) 184
	[0,0] 0
N1466:
	(4,5) 258
	[0,0] 0
N1470:
	(4,5) 344
	[0,0] 0
N1474:
	(4,5) 442
	[0,0] 0
N1478:
	(4,5) 552
	[0,0] 0
N1482:
	(4,5) 674
	[0,0] 0
N1486:
	(4,5) 622
	[0,0] 0
N1490:
	(4,5) 482
	[0,0] 0
N1494:
	(4,5) 361
	[0,0] 0
N1498:
	(4,5) 266
	[0,0] 0
N1502:
	(4,5) 134
	[0,0] 0
N1506:
	(5,7) 5
	[0,0] 0
N1507:
	(4,7) 6
	[0,0] 0
N1508:
	(2,6) 30
	[0,0] 0
N1511:
	(5,7) 31
	[0,0] 0
N1512:
	(4,7) 32
	[0,0] 0
N1513:
	(2,6) 68
	[0,0] 0
N1516:
	(5,7) 69
	[0,0] 0
N1517:
	(4,7) 70
	[0,0] 0
N1518:
	(2,6) 118
	[0,0] 0
N1521:
	(5,7) 119
	[0,0] 0
N1522:
	(4,7) 120
	[0,0] 0
N1523:
	(2,6) 180
	[0,0] 0
N1526:
	(5,7) 181
	[0,0] 0
N1527:
	(4,7) 182
	[0,0] 0
N1528:
	(2,6) 254
	[0,0] 0
N1531:
	(5,7) 255
	[0,0] 0
N1532:
	(4,7) 256
	[0,0] 0
N1533:
	(2,6) 340
	[0,0] 0
N1536:
	(5,7) 341
	[0,0] 0
N1537:
	(4,7) 342
	[0,0] 0
N1538:
	(2,6) 438
	[0,0] 0
N1541:
	(5,7) 439
	[0,0] 0
N1542:
	(4,7) 440
	[0,0] 0
N1543:
	(2,6) 548
	[0,0] 0
N1546:
	(5,7) 549
	[0,0] 0
N1547:
	(4,7) 550
	[0,0] 0
N1548:
	(2,6) 670
	[0,0] 0
N1551:
	(5,7) 671
	[0,0] 0
N1552:
	(4,7) 672
	[0,0] 0
N1553:
	(2,6) 711
	[0,0] 0
N1556:
	(5,7) 710
	[0,0] 0
N1557:
	(4,7) 711
	[0,0] 0
N1558:
	(2,6) 620
	[0,0] 0
N1561:
	(5,7) 619
	[0,0] 0
N1562:
	(4,7) 620
	[0,0] 0
N1563:
	(2,6) 480
	[0,0] 0
N1566:
	(5,7) 479
	[0,0] 0
N1567:
	(4,7) 480
	[0,0] 0
N1568:
	(2,6) 359
	[0,0] 0
N1571:
	(5,7) 358
	[0,0] 0
N1572:
	(4,7) 359
	[0,0] 0
N1573:
	(2,6) 264
	[0,0] 0
N1576:
	(5,7) 263
	[0,0] 0
N1577:
	(4,7) 264
	[0,0] 0
N1578:
	(2,6) 132
	[0,0] 0
N1581:
	(8,10) 0
	[0,0] 0
N1582:
	(8,10) 26
	[0,0] 0
N1585:
	(8,10) 64
	[0,0] 0
N1588:
	(8,10) 114
	[0,0] 0
N1591:
	(8,10) 176
	[0,0] 0
N1594:
	(8,10) 250
	[0,0] 0
N1597:
	(8,10) 336
	[0,0] 0
N1600:
	(8,10) 434
	[0,0] 0
N1603:
	(8,10) 544
	[0,0] 0
N1606:
	(8,10) 666
	[0,0] 0
N1609:
	(8,10) 705
	[0,0] 0
N1612:
	(8,10) 614
	[0,0] 0
N1615:
	(8,10) 474
	[0,0] 0
N1618:
	(8,10) 353
	[0,0] 0
N1621:
	(8,10) 258
	[0,0] 0
N1624:
	(4,5) 129
	[0,0] 0
N1628:
	(7,11) 25
	[0,0] 0
N1632:
	(7,11) 63
	[0,0] 0
N1636:
	(7,11) 113
	[0,0] 0
N1640:
	(7,11) 175
	[0,0] 0
N1644:
	(7,11) 249
	[0,0] 0
N1648:
	(7,11) 335
	[0,0] 0
N1652:
	(7,11) 433
	[0,0] 0
N1656:
	(7,11) 543
	[0,0] 0
N1660:
	(7,11) 665
	[0,0] 0
N1664:
	(7,11) 702
	[0,0] 0
N1668:
	(7,11) 611
	[0,0] 0
N1672:
	(7,11) 471
	[0,0] 0
N1676:
	(7,11) 350
	[0,0] 0
N1680:
	(7,11) 255
	[0,0] 0
N1684:
	(4,7) 139
	[0,0] 0
N1685:
	(6,7) 137
	[0,0] 0
N1686:
	(11,16) 18
	[0,0] 0
N1687:
	(7,10) 22
	[0,0] 0
N1688:
	(11,16) 56
	[0,0] 0
N1689:
	(7,10) 60
	[0,0] 0
N1690:
	(11,16) 106
	[0,0] 0
N1691:
	(7,10) 110
	[0,0] 0
N1692:
	(11,16) 168
	[0,0] 0
N1693:
	(7,10) 172
	[0,0] 0
N1694:
	(11,16) 242
	[0,0] 0
N1695:
	(7,10) 246
	[0,0] 0
N1696:
	(11,16) 328
	[0,0] 0
N1697:
	(7,10) 332
	[0,0] 0
N1698:
	(11,16) 426
	[0,0] 0
N1699:
	(7,10) 430
	[0,0] 0
N1700:
	(11,16) 536
	[0,0] 0
N1701:
	(7,10) 540
	[0,0] 0
N1702:
	(11,16) 658
	[0,0] 0
N1703:
	(7,10) 662
	[0,0] 0
N1704:
	(11,16) 716
	[0,0] 0
N1705:
	(7,10) 720
	[0,0] 0
N1706:
	(11,16) 625
	[0,0] 0
N1707:
	(7,10) 629
	[0,0] 0
N1708:
	(11,16) 485
	[0,0] 0
N1709:
	(7,10) 489
	[0,0] 0
N1710:
	(11,16) 364
	[0,0] 0
N1711:
	(7,10) 368
	[0,0] 0
N1712:
	(11,16) 269
	[0,0] 0
N1713:
	(7,10) 273
	[0,0] 0
N1714:
	(8,11) 132
	[0,0] 0
N1717:
	(11,19) 10
	[0,0] 0
N1720:
	(11,19) 48
	[0,0] 0
N1723:
	(11,19) 98
	[0,0] 0
N1726:
	(11,19) 160
	[0,0] 0
N1729:
	(11,19) 234
	[0,0] 0
N1732:
	(11,19) 320
	[0,0] 0
N1735:
	(11,19) 418
	[0,0] 0
N1738:
	(11,19) 528
	[0,0] 0
N1741:
	(11,19) 650
	[0,0] 0
N1744:
	(11,19) 708
	[0,0] 0
N1747:
	(11,19) 617
	[0,0] 0
N1750:
	(11,19) 477
	[0,0] 0
N1753:
	(11,19) 356
	[0,0] 0
N1756:
	(11,19) 261
	[0,0] 0
N1759:
	(4,11) 129
	[0,0] 0
N1763:
	(4,14) 17
	[0,0] 0
N1767:
	(4,14) 55
	[0,0] 0
N1771:
	(4,14) 105
	[0,0] 0
N1775:
	(4,14) 167
	[0,0] 0
N1779:
	(4,14) 241
	[0,0] 0
N1783:
	(4,14) 327
	[0,0] 0
N1787:
	(4,14) 425
	[0,0] 0
N1791:
	(4,14) 535
	[0,0] 0
N1795:
	(4,14) 657
	[0,0] 0
N1799:
	(4,14) 705
	[0,0] 0
N1803:
	(4,14) 614
	[0,0] 0
N1807:
	(4,14) 474
	[0,0] 0
N1811:
	(4,14) 353
	[0,0] 0
N1815:
	(4,14) 258
	[0,0] 0
N1819:
	(12,13) 259
	[0,0] 0
N1820:
	(4,7) 267
	[0,0] 0
N1821:
	(6,9) 124
	[0,0] 0
N1824:
	(15,16) 5
	[0,0] 0
N1825:
	(4,7) 16
	[0,0] 0
N1826:
	(12,12) 42
	[0,0] 0
N1829:
	(15,16) 43
	[0,0] 0
N1830:
	(4,7) 54
	[0,0] 0
N1831:
	(12,12) 92
	[0,0] 0
N1834:
	(15,16) 93
	[0,0] 0
N1835:
	(4,7) 104
	[0,0] 0
N1836:
	(12,12) 154
	[0,0] 0
N1839:
	(15,16) 155
	[0,0] 0
N1840:
	(4,7) 166
	[0,0] 0
N1841:
	(12,12) 228
	[0,0] 0
N1844:
	(15,16) 229
	[0,0] 0
N1845:
	(4,7) 240
	[0,0] 0
N1846:
	(12,12) 314
	[0,0] 0
N1849:
	(15,16) 315
	[0,0] 0
N1850:
	(4,7) 326
	[0,0] 0
N1851:
	(12,12) 412
	[0,0] 0
N1854:
	(15,16) 413
	[0,0] 0
N1855:
	(4,7) 424
	[0,0] 0
N1856:
	(12,12) 522
	[0,0] 0
N1859:
	(15,16) 523
	[0,0] 0
N1860:
	(4,7) 534
	[0,0] 0
N1861:
	(12,12) 644
	[0,0] 0
N1864:
	(15,16) 645
	[0,0] 0
N1865:
	(4,7) 656
	[0,0] 0
N1866:
	(12,12) 704
	[0,0] 0
N1869:
	(15,16) 713
	[0,0] 0
N1870:
	(4,7) 724
	[0,0] 0
N1871:
	(12,12) 697
	[0,0] 0
N1874:
	(15,16) 706
	[0,0] 0
N1875:
	(4,7) 717
	[0,0] 0
N1876:
	(12,12) 606
	[0,0] 0
N1879:
	(15,16) 615
	[0,0] 0
N1880:
	(4,7) 626
	[0,0] 0
N1881:
	(12,12) 466
	[0,0] 0
N1884:
	(15,16) 475
	[0,0] 0
N1885:
	(4,7) 486
	[0,0] 0
N1886:
	(12,12) 345
	[0,0] 0
N1889:
	(15,16) 354
	[0,0] 0
N1890:
	(4,7) 365
	[0,0] 0
N1891:
	(12,12) 250
	[0,0] 0
N1894:
	(8,17) 254
	[0,0] 0
N1897:
	(4,9) 121
	[0,0] 0
N1901:
	(8,20) 0
	[0,0] 0
N1902:
	(8,20) 38
	[0,0] 0
N1905:
	(8,20) 88
	[0,0] 0
N1908:
	(8,20) 150
	[0,0] 0
N1911:
	(8,20) 224
	[0,0] 0
N1914:
	(8,20) 310
	[0,0] 0
N1917:
	(8,20) 408
	[0,0] 0
N1920:
	(8,20) 518
	[0,0] 0
N1923:
	(8,20) 640
	[0,0] 0
N1926:
	(8,20) 708
	[0,0] 0
N1929:
	(8,20) 701
	[0,0] 0
N1932:
	(8,20) 610
	[0,0] 0
N1935:
	(8,20) 470
	[0,0] 0
N1938:
	(8,20) 349
	[0,0] 0
N1941:
	(13,21) 241
	[0,0] 0
N1945:
	(4,7) 135
	[0,0] 0
N1946:
	(10,11) 129
	[0,0] 0
N1947:
	(13,21) 33
	[0,0] 0
N1951:
	(13,21) 83
	[0,0] 0
N1955:
	(13,21) 145
	[0,0] 0
N1959:
	(13,21) 219
	[0,0] 0
N1963:
	(13,21) 305
	[0,0] 0
N1967:
	(13,21) 403
	[0,0] 0
N1971:
	(13,21) 513
	[0,0] 0
N1975:
	(13,21) 635
	[0,0] 0
N1979:
	(13,21) 695
	[0,0] 0
N1983:
	(13,21) 688
	[0,0] 0
N1987:
	(13,21) 597
	[0,0] 0
N1991:
	(13,21) 457
	[0,0] 0
N1995:
	(13,21) 336
	[0,0] 0
N1999:
	(18,22) 267
	[0,0] 0
N2000:
	(13,26) 272
	[0,0] 0
N2001:
	(8,15) 124
	[0,0] 0
N2004:
	(21,22) 24
	[0,0] 0
N2005:
	(13,26) 32
	[0,0] 0
N2006:
	(21,22) 74
	[0,0] 0
N2007:
	(13,26) 82
	[0,0] 0
N2008:
	(21,22) 136
	[0,0] 0
N2009:
	(13,26) 144
	[0,0] 0
N2010:
	(21,22) 210
	[0,0] 0
N2011:
	(13,26) 218
	[0,0] 0
N2012:
	(21,22) 296
	[0,0] 0
N2013:
	(13,26) 304
	[0,0] 0
N2014:
	(21,22) 394
	[0,0] 0
N2015:
	(13,26) 402
	[0,0] 0
N2016:
	(21,22) 504
	[0,0] 0
N2017:
	(13,26) 512
	[0,0] 0
N2018:
	(21,22) 626
	[0,0] 0
N2019:
	(13,26) 634
	[0,0] 0
N2020:
	(21,22) 721
	[0,0] 0
N2021:
	(13,26) 729
	[0,0] 0
N2022:
	(21,22) 714
	[0,0] 0
N2023:
	(13,26) 722
	[0,0] 0
N2024:
	(21,22) 623
	[0,0] 0
N2025:
	(13,26) 631
	[0,0] 0
N2026:
	(21,22) 483
	[0,0] 0
N2027:
	(13,26) 491
	[0,0] 0
N2028:
	(21,22) 362
	[0,0] 0
N2029:
	(13,26) 370
	[0,0] 0
N2030:
	(23,32) 253
	[0,0] 0
N2033:
	(4,11) 121
	[0,0] 0
N2037:
	(23,35) 10
	[0,0] 0
N2040:
	(23,35) 60
	[0,0] 0
N2043:
	(23,35) 122
	[0,0] 0
N2046:
	(23,35) 196
	[0,0] 0
N2049:
	(23,35) 282
	[0,0] 0
N2052:
	(23,35) 380
	[0,0] 0
N2055:
	(23,35) 490
	[0,0] 0
N2058:
	(23,35) 612
	[0,0] 0
N2061:
	(23,35) 707
	[0,0] 0
N2064:
	(23,35) 700
	[0,0] 0
N2067:
	(23,35) 609
	[0,0] 0
N2070:
	(23,35) 469
	[0,0] 0
N2073:
	(23,35) 348
	[0,0] 0
N2076:
	(4,26) 250
	[0,0] 0
N2080:
	(12,13) 255
	[0,0] 0
N2081:
	(4,7) 263
	[0,0] 0
N2082:
	(10,9) 116
	[0,0] 0
N2085:
	(4,26) 29
	[0,0] 0
N2089:
	(4,26) 79
	[0,0] 0
N2093:
	(4,26) 141
	[0,0] 0
N2097:
	(4,26) 215
	[0,0] 0
N2101:
	(4,26) 301
	[0,0] 0
N2105:
	(4,26) 399
	[0,0] 0
N2109:
	(4,26) 509
	[0,0] 0
N2113:
	(4,26) 631
	[0,0] 0
N2117:
	(4,26) 704
	[0,0] 0
N2121:
	(4,26) 697
	[0,0] 0
N2125:
	(4,26) 606
	[0,0] 0
N2129:
	(4,26) 466
	[0,0] 0
N2133:
	(4,26) 345
	[0,0] 0
N2137:
	(27,28) 350
	[0,0] 0
N2138:
	(4,7) 373
	[0,0] 0
N2139:
	(22,18) 236
	[0,0] 0
N2142:
	(8,17) 250
	[0,0] 0
N2145:
	(4,13) 113
	[0,0] 0
N2149:
	(27,28) 5
	[0,0] 0
N2150:
	(4,7) 28
	[0,0] 0
N2151:
	(22,18) 48
	[0,0] 0
N2154:
	(27,28) 55
	[0,0] 0
N2155:
	(4,7) 78
	[0,0] 0
N2156:
	(22,18) 110
	[0,0] 0
N2159:
	(27,28) 117
	[0,0] 0
N2160:
	(4,7) 140
	[0,0] 0
N2161:
	(22,18) 184
	[0,0] 0
N2164:
	(27,28) 191
	[0,0] 0
N2165:
	(4,7) 214
	[0,0] 0
N2166:
	(22,18) 270
	[0,0] 0
N2169:
	(27,28) 277
	[0,0] 0
N2170:
	(4,7) 300
	[0,0] 0
N2171:
	(22,18) 368
	[0,0] 0
N2174:
	(27,28) 375
	[0,0] 0
N2175:
	(4,7) 398
	[0,0] 0
N2176:
	(22,18) 478
	[0,0] 0
N2179:
	(27,28) 485
	[0,0] 0
N2180:
	(4,7) 508
	[0,0] 0
N2181:
	(22,18) 600
	[0,0] 0
N2184:
	(27,28) 607
	[0,0] 0
N2185:
	(4,7) 630
	[0,0] 0
N2186:
	(22,18) 690
	[0,0] 0
N2189:
	(27,28) 709
	[0,0] 0
N2190:
	(4,7) 732
	[0,0] 0
N2191:
	(22,18) 690
	[0,0] 0
N2194:
	(27,28) 709
	[0,0] 0
N2195:
	(4,7) 732
	[0,0] 0
N2196:
	(22,18) 683
	[0,0] 0
N2199:
	(27,28) 702
	[0,0] 0
N2200:
	(4,7) 725
	[0,0] 0
N2201:
	(22,18) 592
	[0,0] 0
N2204:
	(27,28) 611
	[0,0] 0
N2205:
	(4,7) 634
	[0,0] 0
N2206:
	(22,18) 452
	[0,0] 0
N2209:
	(27,28) 471
	[0,0] 0
N2210:
	(4,7) 494
	[0,0] 0
N2211:
	(22,18) 331
	[0,0] 0
N2214:
	(8,32) 345
	[0,0] 0
N2217:
	(18,31) 227
	[0,0] 0
N2221:
	(4,7) 127
	[0,0] 0
N2222:
	(10,15) 121
	[0,0] 0
N2223:
	(8,32) 0
	[0,0] 0
N2224:
	(8,32) 50
	[0,0] 0
N2227:
	(8,32) 112
	[0,0] 0
N2230:
	(8,32) 186
	[0,0] 0
N2233:
	(8,32) 272
	[0,0] 0
N2236:
	(8,32) 370
	[0,0] 0
N2239:
	(8,32) 480
	[0,0] 0
N2242:
	(8,32) 602
	[0,0] 0
N2245:
	(8,32) 704
	[0,0] 0
N2248:
	(8,32) 704
	[0,0] 0
N2251:
	(8,32) 697
	[0,0] 0
N2254:
	(8,32) 606
	[0,0] 0
N2257:
	(8,32) 466
	[0,0] 0
N2260:
	(19,31) 322
	[0,0] 0
N2264:
	(18,27) 264
	[0,0] 0
N2265:
	(19,41) 263
	[0,0] 0
N2266:
	(8,15) 116
	[0,0] 0
N2269:
	(19,31) 39
	[0,0] 0
N2273:
	(19,31) 101
	[0,0] 0
N2277:
	(19,31) 175
	[0,0] 0
N2281:
	(19,31) 261
	[0,0] 0
N2285:
	(19,31) 359
	[0,0] 0
N2289:
	(19,31) 469
	[0,0] 0
N2293:
	(19,31) 591
	[0,0] 0
N2297:
	(19,31) 681
	[0,0] 0
N2301:
	(19,31) 681
	[0,0] 0
N2305:
	(19,31) 674
	[0,0] 0
N2309:
	(19,31) 583
	[0,0] 0
N2313:
	(19,31) 443
	[0,0] 0
N2317:
	(32,28) 360
	[0,0] 0
N2318:
	(19,42) 373
	[0,0] 0
N2319:
	(28,38) 244
	[0,0] 0
N2322:
	(4,11) 113
	[0,0] 0
N2326:
	(32,28) 30
	[0,0] 0
N2327:
	(19,42) 43
	[0,0] 0
N2328:
	(32,28) 92
	[0,0] 0
N2329:
	(19,42) 105
	[0,0] 0
N2330:
	(32,28) 166
	[0,0] 0
N2331:
	(19,42) 179
	[0,0] 0
N2332:
	(32,28) 252
	[0,0] 0
N2333:
	(19,42) 265
	[0,0] 0
N2334:
	(32,28) 350
	[0,0] 0
N2335:
	(19,42) 363
	[0,0] 0
N2336:
	(32,28) 460
	[0,0] 0
N2337:
	(19,42) 473
	[0,0] 0
N2338:
	(32,28) 582
	[0,0] 0
N2339:
	(19,42) 595
	[0,0] 0
N2340:
	(32,28) 716
	[0,0] 0
N2341:
	(19,42) 729
	[0,0] 0
N2342:
	(32,28) 719
	[0,0] 0
N2343:
	(19,42) 732
	[0,0] 0
N2344:
	(32,28) 712
	[0,0] 0
N2345:
	(19,42) 725
	[0,0] 0
N2346:
	(32,28) 621
	[0,0] 0
N2347:
	(19,42) 634
	[0,0] 0
N2348:
	(32,28) 481
	[0,0] 0
N2349:
	(19,42) 494
	[0,0] 0
N2350:
	(29,52) 340
	[0,0] 0
N2353:
	(4,31) 241
	[0,0] 0
N2357:
	(12,13) 251
	[0,0] 0
N2358:
	(4,7) 259
	[0,0] 0
N2359:
	(12,9) 108
	[0,0] 0
N2362:
	(29,52) 10
	[0,0] 0
N2365:
	(29,52) 72
	[0,0] 0
N2368:
	(29,52) 146
	[0,0] 0
N2371:
	(29,52) 232
	[0,0] 0
N2374:
	(29,52) 330
	[0,0] 0
N2377:
	(29,52) 440
	[0,0] 0
N2380:
	(29,52) 562
	[0,0] 0
N2383:
	(29,52) 696
	[0,0] 0
N2386:
	(29,52) 699
	[0,0] 0
N2389:
	(29,52) 692
	[0,0] 0
N2392:
	(29,52) 601
	[0,0] 0
N2395:
	(29,52) 461
	[0,0] 0
N2398:
	(4,32) 337
	[0,0] 0
N2402:
	(32,33) 346
	[0,0] 0
N2403:
	(4,7) 374
	[0,0] 0
N2404:
	(32,23) 222
	[0,0] 0
N2407:
	(8,17) 246
	[0,0] 0
N2410:
	(4,15) 105
	[0,0] 0
N2414:
	(4,32) 35
	[0,0] 0
N2418:
	(4,32) 97
	[0,0] 0
N2422:
	(4,32) 171
	[0,0] 0
N2426:
	(4,32) 257
	[0,0] 0
N2430:
	(4,32) 355
	[0,0] 0
N2434:
	(4,32) 465
	[0,0] 0
N2438:
	(4,32) 587
	[0,0] 0
N2442:
	(4,32) 696
	[0,0] 0
N2446:
	(4,32) 696
	[0,0] 0
N2450:
	(4,32) 689
	[0,0] 0
N2454:
	(4,32) 598
	[0,0] 0
N2458:
	(4,32) 458
	[0,0] 0
N2462:
	(33,34) 467
	[0,0] 0
N2463:
	(4,7) 496
	[0,0] 0
N2464:
	(32,24) 317
	[0,0] 0
N2467:
	(8,37) 341
	[0,0] 0
N2470:
	(18,41) 213
	[0,0] 0
N2474:
	(4,7) 119
	[0,0] 0
N2475:
	(10,17) 113
	[0,0] 0
N2476:
	(33,34) 5
	[0,0] 0
N2477:
	(4,7) 34
	[0,0] 0
N2478:
	(32,24) 54
	[0,0] 0
N2481:
	(33,34) 67
	[0,0] 0
N2482:
	(4,7) 96
	[0,0] 0
N2483:
	(32,24) 128
	[0,0] 0
N2486:
	(33,34) 141
	[0,0] 0
N2487:
	(4,7) 170
	[0,0] 0
N2488:
	(32,24) 214
	[0,0] 0
N2491:
	(33,34) 227
	[0,0] 0
N2492:
	(4,7) 256
	[0,0] 0
N2493:
	(32,24) 312
	[0,0] 0
N2496:
	(33,34) 325
	[0,0] 0
N2497:
	(4,7) 354
	[0,0] 0
N2498:
	(32,24) 422
	[0,0] 0
N2501:
	(33,34) 435
	[0,0] 0
N2502:
	(4,7) 464
	[0,0] 0
N2503:
	(32,24) 544
	[0,0] 0
N2506:
	(33,34) 557
	[0,0] 0
N2507:
	(4,7) 586
	[0,0] 0
N2508:
	(32,24) 676
	[0,0] 0
N2511:
	(33,34) 691
	[0,0] 0
N2512:
	(4,7) 720
	[0,0] 0
N2513:
	(32,24) 676
	[0,0] 0
N2516:
	(33,34) 705
	[0,0] 0
N2517:
	(4,7) 734
	[0,0] 0
N2518:
	(32,24) 676
	[0,0] 0
N2521:
	(33,34) 705
	[0,0] 0
N2522:
	(4,7) 734
	[0,0] 0
N2523:
	(32,24) 669
	[0,0] 0
N2526:
	(33,34) 698
	[0,0] 0
N2527:
	(4,7) 727
	[0,0] 0
N2528:
	(32,24) 578
	[0,0] 0
N2531:
	(33,34) 607
	[0,0] 0
N2532:
	(4,7) 636
	[0,0] 0
N2533:
	(32,24) 438
	[0,0] 0
N2536:
	(8,38) 462
	[0,0] 0
N2539:
	(25,41) 308
	[0,0] 0
N2543:
	(18,27) 255
	[0,0] 0
N2544:
	(24,51) 249
	[0,0] 0
N2545:
	(8,15) 108
	[0,0] 0
N2548:
	(8,38) 0
	[0,0] 0
N2549:
	(8,38) 62
	[0,0] 0
N2552:
	(8,38) 136
	[0,0] 0
N2555:
	(8,38) 222
	[0,0] 0
N2558:
	(8,38) 320
	[0,0] 0
N2561:
	(8,38) 430
	[0,0] 0
N2564:
	(8,38) 552
	[0,0] 0
N2567:
	(8,38) 686
	[0,0] 0
N2570:
	(8,38) 700
	[0,0] 0
N2573:
	(8,38) 700
	[0,0] 0
N2576:
	(8,38) 693
	[0,0] 0
N2579:
	(8,38) 602
	[0,0] 0
N2582:
	(25,41) 429
	[0,0] 0
N2586:
	(38,34) 358
	[0,0] 0
N2587:
	(25,58) 371
	[0,0] 0
N2588:
	(28,43) 230
	[0,0] 0
N2591:
	(4,11) 105
	[0,0] 0
N2595:
	(25,41) 45
	[0,0] 0
N2599:
	(25,41) 119
	[0,0] 0
N2603:
	(25,41) 205
	[0,0] 0
N2607:
	(25,41) 303
	[0,0] 0
N2611:
	(25,41) 413
	[0,0] 0
N2615:
	(25,41) 535
	[0,0] 0
N2619:
	(25,41) 667
	[0,0] 0
N2623:
	(25,41) 667
	[0,0] 0
N2627:
	(25,41) 667
	[0,0] 0
N2631:
	(25,41) 660
	[0,0] 0
N2635:
	(25,41) 569
	[0,0] 0
N2639:
	(39,34) 479
	[0,0] 0
N2640:
	(25,58) 493
	[0,0] 0
N2641:
	(35,64) 332
	[0,0] 0
N2644:
	(4,31) 227
	[0,0] 0
N2648:
	(12,13) 237
	[0,0] 0
N2649:
	(4,7) 245
	[0,0] 0
N2650:
	(12,9) 100
	[0,0] 0
N2653:
	(39,34) 36
	[0,0] 0
N2654:
	(25,58) 50
	[0,0] 0
N2655:
	(39,34) 110
	[0,0] 0
N2656:
	(25,58) 124
	[0,0] 0
N2657:
	(39,34) 196
	[0,0] 0
N2658:
	(25,58) 210
	[0,0] 0
N2659:
	(39,34) 294
	[0,0] 0
N2660:
	(25,58) 308
	[0,0] 0
N2661:
	(39,34) 404
	[0,0] 0
N2662:
	(25,58) 418
	[0,0] 0
N2663:
	(39,34) 526
	[0,0] 0
N2664:
	(25,58) 540
	[0,0] 0
N2665:
	(39,34) 660
	[0,0] 0
N2666:
	(25,58) 674
	[0,0] 0
N2667:
	(39,34) 717
	[0,0] 0
N2668:
	(25,58) 731
	[0,0] 0
N2669:
	(39,34) 717
	[0,0] 0
N2670:
	(25,58) 731
	[0,0] 0
N2671:
	(39,34) 710
	[0,0] 0
N2672:
	(25,58) 724
	[0,0] 0
N2673:
	(39,34) 619
	[0,0] 0
N2674:
	(25,58) 633
	[0,0] 0
N2675:
	(35,65) 453
	[0,0] 0
N2678:
	(4,38) 329
	[0,0] 0
N2682:
	(32,33) 339
	[0,0] 0
N2683:
	(4,7) 367
	[0,0] 0
N2684:
	(32,23) 208
	[0,0] 0
N2687:
	(8,17) 232
	[0,0] 0
N2690:
	(4,15) 97
	[0,0] 0
N2694:
	(35,65) 10
	[0,0] 0
N2697:
	(35,65) 84
	[0,0] 0
N2700:
	(35,65) 170
	[0,0] 0
N2703:
	(35,65) 268
	[0,0] 0
N2706:
	(35,65) 378
	[0,0] 0
N2709:
	(35,65) 500
	[0,0] 0
N2712:
	(35,65) 634
	[0,0] 0
N2715:
	(35,65) 691
	[0,0] 0
N2718:
	(35,65) 691
	[0,0] 0
N2721:
	(35,65) 684
	[0,0] 0
N2724:
	(35,65) 593
	[0,0] 0
N2727:
	(4,38) 450
	[0,0] 0
N2731:
	(39,40) 460
	[0,0] 0
N2732:
	(4,7) 495
	[0,0] 0
N2733:
	(39,30) 303
	[0,0] 0
N2736:
	(8,37) 334
	[0,0] 0
N2739:
	(18,41) 199
	[0,0] 0
N2743:
	(4,7) 111
	[0,0] 0
N2744:
	(10,17) 105
	[0,0] 0
N2745:
	(4,38) 41
	[0,0] 0
N2749:
	(4,38) 115
	[0,0] 0
N2753:
	(4,38) 201
	[0,0] 0
N2757:
	(4,38) 299
	[0,0] 0
N2761:
	(4,38) 409
	[0,0] 0
N2765:
	(4,38) 531
	[0,0] 0
N2769:
	(4,38) 665
	[0,0] 0
N2773:
	(4,38) 688
	[0,0] 0
N2777:
	(4,38) 688
	[0,0] 0
N2781:
	(4,38) 681
	[0,0] 0
N2785:
	(4,38) 590
	[0,0] 0
N2789:
	(39,40) 600
	[0,0] 0
N2790:
	(4,7) 635
	[0,0] 0
N2791:
	(39,30) 424
	[0,0] 0
N2794:
	(8,44) 455
	[0,0] 0
N2797:
	(31,48) 294
	[0,0] 0
N2801:
	(18,27) 241
	[0,0] 0
N2802:
	(24,51) 235
	[0,0] 0
N2803:
	(8,15) 100
	[0,0] 0
N2806:
	(39,40) 5
	[0,0] 0
N2807:
	(4,7) 40
	[0,0] 0
N2808:
	(39,30) 60
	[0,0] 0
N2811:
	(39,40) 79
	[0,0] 0
N2812:
	(4,7) 114
	[0,0] 0
N2813:
	(39,30) 146
	[0,0] 0
N2816:
	(39,40) 165
	[0,0] 0
N2817:
	(4,7) 200
	[0,0] 0
N2818:
	(39,30) 244
	[0,0] 0
N2821:
	(39,40) 263
	[0,0] 0
N2822:
	(4,7) 298
	[0,0] 0
N2823:
	(39,30) 354
	[0,0] 0
N2826:
	(39,40) 373
	[0,0] 0
N2827:
	(4,7) 408
	[0,0] 0
N2828:
	(39,30) 476
	[0,0] 0
N2831:
	(39,40) 495
	[0,0] 0
N2832:
	(4,7) 530
	[0,0] 0
N2833:
	(39,30) 610
	[0,0] 0
N2836:
	(39,40) 629
	[0,0] 0
N2837:
	(4,7) 664
	[0,0] 0
N2838:
	(39,30) 662
	[0,0] 0
N2841:
	(39,40) 698
	[0,0] 0
N2842:
	(4,7) 733
	[0,0] 0
N2843:
	(39,30) 662
	[0,0] 0
N2846:
	(39,40) 698
	[0,0] 0
N2847:
	(4,7) 733
	[0,0] 0
N2848:
	(39,30) 662
	[0,0] 0
N2851:
	(39,40) 698
	[0,0] 0
N2852:
	(4,7) 733
	[0,0] 0
N2853:
	(39,30) 655
	[0,0] 0
N2856:
	(39,40) 691
	[0,0] 0
N2857:
	(4,7) 726
	[0,0] 0
N2858:
	(39,30) 564
	[0,0] 0
N2861:
	(8,44) 595
	[0,0] 0
N2864:
	(31,48) 415
	[0,0] 0
N2868:
	(38,40) 356
	[0,0] 0
N2869:
	(31,71) 363
	[0,0] 0
N2870:
	(28,43) 216
	[0,0] 0
N2873:
	(4,11) 97
	[0,0] 0
N2877:
	(8,44) 0
	[0,0] 0
N2878:
	(8,44) 74
	[0,0] 0
N2881:
	(8,44) 160
	[0,0] 0
N2884:
	(8,44) 258
	[0,0] 0
N2887:
	(8,44) 368
	[0,0] 0
N2890:
	(8,44) 490
	[0,0] 0
N2893:
	(8,44) 624
	[0,0] 0
N2896:
	(8,44) 693
	[0,0] 0
N2899:
	(8,44) 693
	[0,0] 0
N2902:
	(8,44) 693
	[0,0] 0
N2905:
	(8,44) 686
	[0,0] 0
N2908:
	(31,48) 555
	[0,0] 0
N2912:
	(45,40) 477
	[0,0] 0
N2913:
	(31,71) 491
	[0,0] 0
N2914:
	(41,70) 324
	[0,0] 0
N2917:
	(4,31) 213
	[0,0] 0
N2921:
	(12,13) 223
	[0,0] 0
N2922:
	(4,7) 231
	[0,0] 0
N2923:
	(12,9) 92
	[0,0] 0
N2926:
	(31,48) 51
	[0,0] 0
N2930:
	(31,48) 137
	[0,0] 0
N2934:
	(31,48) 235
	[0,0] 0
N2938:
	(31,48) 345
	[0,0] 0
N2942:
	(31,48) 467
	[0,0] 0
N2946:
	(31,48) 601
	[0,0] 0
N2950:
	(31,48) 653
	[0,0] 0
N2954:
	(31,48) 653
	[0,0] 0
N2958:
	(31,48) 653
	[0,0] 0
N2962:
	(31,48) 646
	[0,0] 0
N2966:
	(45,40) 617
	[0,0] 0
N2967:
	(31,71) 631
	[0,0] 0
N2968:
	(41,77) 445
	[0,0] 0
N2971:
	(4,44) 321
	[0,0] 0
N2975:
	(32,33) 331
	[0,0] 0
N2976:
	(4,7) 359
	[0,0] 0
N2977:
	(32,23) 194
	[0,0] 0
N2980:
	(8,17) 218
	[0,0] 0
N2983:
	(4,15) 89
	[0,0] 0
N2987:
	(45,40) 42
	[0,0] 0
N2988:
	(31,71) 56
	[0,0] 0
N2989:
	(45,40) 128
	[0,0] 0
N2990:
	(31,71) 142
	[0,0] 0
N2991:
	(45,40) 226
	[0,0] 0
N2992:
	(31,71) 240
	[0,0] 0
N2993:
	(45,40) 336
	[0,0] 0
N2994:
	(31,71) 350
	[0,0] 0
N2995:
	(45,40) 458
	[0,0] 0
N2996:
	(31,71) 472
	[0,0] 0
N2997:
	(45,40) 592
	[0,0] 0
N2998:
	(31,71) 606
	[0,0] 0
N2999:
	(45,40) 715
	[0,0] 0
N3000:
	(31,71) 729
	[0,0] 0
N3001:
	(45,40) 715
	[0,0] 0
N3002:
	(31,71) 729
	[0,0] 0
N3003:
	(45,40) 715
	[0,0] 0
N3004:
	(31,71) 729
	[0,0] 0
N3005:
	(45,40) 708
	[0,0] 0
N3006:
	(31,71) 722
	[0,0] 0
N3007:
	(41,77) 585
	[0,0] 0
N3010:
	(4,44) 442
	[0,0] 0
N3014:
	(45,46) 452
	[0,0] 0
N3015:
	(4,7) 493
	[0,0] 0
N3016:
	(45,36) 289
	[0,0] 0
N3019:
	(8,37) 326
	[0,0] 0
N3022:
	(18,41) 185
	[0,0] 0
N3026:
	(4,7) 103
	[0,0] 0
N3027:
	(10,17) 97
	[0,0] 0
N3028:
	(41,77) 10
	[0,0] 0
N3031:
	(41,77) 96
	[0,0] 0
N3034:
	(41,77) 194
	[0,0] 0
N3037:
	(41,77) 304
	[0,0] 0
N3040:
	(41,77) 426
	[0,0] 0
N3043:
	(41,77) 560
	[0,0] 0
N3046:
	(41,77) 683
	[0,0] 0
N3049:
	(41,77) 683
	[0,0] 0
N3052:
	(41,77) 683
	[0,0] 0
N3055:
	(41,77) 676
	[0,0] 0
N3058:
	(4,44) 582
	[0,0] 0
N3062:
	(45,46) 592
	[0,0] 0
N3063:
	(4,7) 633
	[0,0] 0
N3064:
	(45,36) 410
	[0,0] 0
N3067:
	(8,50) 447
	[0,0] 0
N3070:
	(37,54) 280
	[0,0] 0
N3074:
	(18,27) 227
	[0,0] 0
N3075:
	(24,51) 221
	[0,0] 0
N3076:
	(8,15) 92
	[0,0] 0
N3079:
	(4,44) 47
	[0,0] 0
N3083:
	(4,44) 133
	[0,0] 0
N3087:
	(4,44) 231
	[0,0] 0
N3091:
	(4,44) 341
	[0,0] 0
N3095:
	(4,44) 463
	[0,0] 0
N3099:
	(4,44) 597
	[0,0] 0
N3103:
	(4,44) 680
	[0,0] 0
N3107:
	(4,44) 680
	[0,0] 0
N3111:
	(4,44) 680
	[0,0] 0
N3115:
	(4,44) 673
	[0,0] 0
N3119:
	(45,46) 683
	[0,0] 0
N3120:
	(4,7) 724
	[0,0] 0
N3121:
	(45,36) 550
	[0,0] 0
N3124:
	(8,50) 587
	[0,0] 0
N3127:
	(37,54) 401
	[0,0] 0
N3131:
	(38,46) 354
	[0,0] 0
N3132:
	(37,83) 355
	[0,0] 0
N3133:
	(28,43) 202
	[0,0] 0
N3136:
	(4,11) 89
	[0,0] 0
N3140:
	(45,46) 5
	[0,0] 0
N3141:
	(4,7) 46
	[0,0] 0
N3142:
	(45,36) 66
	[0,0] 0
N3145:
	(45,46) 91
	[0,0] 0
N3146:
	(4,7) 132
	[0,0] 0
N3147:
	(45,36) 164
	[0,0] 0
N3150:
	(45,46) 189
	[0,0] 0
N3151:
	(4,7) 230
	[0,0] 0
N3152:
	(45,36) 274
	[0,0] 0
N3155:
	(45,46) 299
	[0,0] 0
N3156:
	(4,7) 340
	[0,0] 0
N3157:
	(45,36) 396
	[0,0] 0
N3160:
	(45,46) 421
	[0,0] 0
N3161:
	(4,7) 462
	[0,0] 0
N3162:
	(45,36) 530
	[0,0] 0
N3165:
	(45,46) 555
	[0,0] 0
N3166:
	(4,7) 596
	[0,0] 0
N3167:
	(45,36) 648
	[0,0] 0
N3170:
	(45,46) 690
	[0,0] 0
N3171:
	(4,7) 731
	[0,0] 0
N3172:
	(45,36) 648
	[0,0] 0
N3175:
	(45,46) 690
	[0,0] 0
N3176:
	(4,7) 731
	[0,0] 0
N3177:
	(45,36) 648
	[0,0] 0
N3180:
	(45,46) 690
	[0,0] 0
N3181:
	(4,7) 731
	[0,0] 0
N3182:
	(45,36) 648
	[0,0] 0
N3185:
	(45,46) 690
	[0,0] 0
N3186:
	(4,7) 731
	[0,0] 0
N3187:
	(45,36) 641
	[0,0] 0
N3190:
	(8,50) 678
	[0,0] 0
N3193:
	(37,54) 541
	[0,0] 0
N3197:
	(51,46) 475
	[0,0] 0
N3198:
	(37,83) 489
	[0,0] 0
N3199:
	(47,76) 316
	[0,0] 0
N3202:
	(4,31) 199
	[0,0] 0
N3206:
	(12,13) 209
	[0,0] 0
N3207:
	(4,7) 217
	[0,0] 0
N3208:
	(12,9) 84
	[0,0] 0
N3211:
	(8,50) 0
	[0,0] 0
N3212:
	(8,50) 86
	[0,0] 0
N3215:
	(8,50) 184
	[0,0] 0
N3218:
	(8,50) 294
	[0,0] 0
N3221:
	(8,50) 416
	[0,0] 0
N3224:
	(8,50) 550
	[0,0] 0
N3227:
	(8,50) 685
	[0,0] 0
N3230:
	(8,50) 685
	[0,0] 0
N3233:
	(8,50) 685
	[0,0] 0
N3236:
	(8,50) 685
	[0,0] 0
N3239:
	(37,54) 632
	[0,0] 0
N3243:
	(51,46) 615
	[0,0] 0
N3244:
	(37,83) 629
	[0,0] 0
N3245:
	(47,89) 437
	[0,0] 0
N3248:
	(4,50) 313
	[0,0] 0
N3252:
	(32,33) 323
	[0,0] 0
N3253:
	(4,7) 351
	[0,0] 0
N3254:
	(32,23) 180
	[0,0] 0
N3257:
	(8,17) 204
	[0,0] 0
N3260:
	(4,15) 81
	[0,0] 0
N3264:
	(37,54) 57
	[0,0] 0
N3268:
	(37,54) 155
	[0,0] 0
N3272:
	(37,54) 265
	[0,0] 0
N3276:
	(37,54) 387
	[0,0] 0
N3280:
	(37,54) 521
	[0,0] 0
N3284:
	(37,54) 639
	[0,0] 0
N3288:
	(37,54) 639
	[0,0] 0
N3292:
	(37,54) 639
	[0,0] 0
N3296:
	(37,54) 639
	[0,0] 0
N3300:
	(51,46) 706
	[0,0] 0
N3301:
	(37,83) 720
	[0,0] 0
N3302:
	(47,89) 577
	[0,0] 0
N3305:
	(4,50) 434
	[0,0] 0
N3309:
	(51,52) 444
	[0,0] 0
N3310:
	(4,7) 491
	[0,0] 0
N3311:
	(51,42) 275
	[0,0] 0
N3314:
	(8,37) 318
	[0,0] 0
N3317:
	(18,41) 171
	[0,0] 0
N3321:
	(4,7) 95
	[0,0] 0
N3322:
	(10,17) 89
	[0,0] 0
N3323:
	(51,46) 48
	[0,0] 0
N3324:
	(37,83) 62
	[0,0] 0
N3325:
	(51,46) 146
	[0,0] 0
N3326:
	(37,83) 160
	[0,0] 0
N3327:
	(51,46) 256
	[0,0] 0
N3328:
	(37,83) 270
	[0,0] 0
N3329:
	(51,46) 378
	[0,0] 0
N3330:
	(37,83) 392
	[0,0] 0
N3331:
	(51,46) 512
	[0,0] 0
N3332:
	(37,83) 526
	[0,0] 0
N3333:
	(51,46) 658
	[0,0] 0
N3334:
	(37,83) 672
	[0,0] 0
N3335:
	(51,46) 713
	[0,0] 0
N3336:
	(37,83) 727
	[0,0] 0
N3337:
	(51,46) 713
	[0,0] 0
N3338:
	(37,83) 727
	[0,0] 0
N3339:
	(51,46) 713
	[0,0] 0
N3340:
	(37,83) 727
	[0,0] 0
N3341:
	(47,89) 668
	[0,0] 0
N3344:
	(4,50) 574
	[0,0] 0
N3348:
	(51,52) 584
	[0,0] 0
N3349:
	(4,7) 631
	[0,0] 0
N3350:
	(51,42) 396
	[0,0] 0
N3353:
	(8,56) 439
	[0,0] 0
N3356:
	(38,60) 266
	[0,0] 0
N3360:
	(18,27) 213
	[0,0] 0
N3361:
	(24,51) 207
	[0,0] 0
N3362:
	(8,15) 84
	[0,0] 0
N3365:
	(47,89) 10
	[0,0] 0
N3368:
	(47,89) 108
	[0,0] 0
N3371:
	(47,89) 218
	[0,0] 0
N3374:
	(47,89) 340
	[0,0] 0
N3377:
	(47,89) 474
	[0,0] 0
N3380:
	(47,89) 620
	[0,0] 0
N3383:
	(47,89) 675
	[0,0] 0
N3386:
	(47,89) 675
	[0,0] 0
N3389:
	(47,89) 675
	[0,0] 0
N3392:
	(4,50) 665
	[0,0] 0
N3396:
	(51,52) 675
	[0,0] 0
N3397:
	(4,7) 722
	[0,0] 0
N3398:
	(51,42) 536
	[0,0] 0
N3401:
	(8,56) 579
	[0,0] 0
N3404:
	(43,60) 387
	[0,0] 0
N3408:
	(38,47) 347
	[0,0] 0
N3409:
	(43,90) 342
	[0,0] 0
N3410:
	(28,43) 188
	[0,0] 0
N3413:
	(4,11) 81
	[0,0] 0
N3417:
	(4,50) 53
	[0,0] 0
N3421:
	(4,50) 151
	[0,0] 0
N3425:
	(4,50) 261
	[0,0] 0
N3429:
	(4,50) 383
	[0,0] 0
N3433:
	(4,50) 517
	[0,0] 0
N3437:
	(4,50) 663
	[0,0] 0
N3441:
	(4,50) 672
	[0,0] 0
N3445:
	(4,50) 672
	[0,0] 0
N3449:
	(4,50) 672
	[0,0] 0
N3453:
	(51,52) 682
	[0,0] 0
N3454:
	(4,7) 729
	[0,0] 0
N3455:
	(51,42) 627
	[0,0] 0
N3458:
	(8,56) 670
	[0,0] 0
N3461:
	(43,60) 527
	[0,0] 0
N3465:
	(57,52) 473
	[0,0] 0
N3466:
	(43,95) 487
	[0,0] 0
N3467:
	(48,82) 303
	[0,0] 0
N3470:
	(4,31) 185
	[0,0] 0
N3474:
	(12,13) 195
	[0,0] 0
N3475:
	(4,7) 203
	[0,0] 0
N3476:
	(12,9) 76
	[0,0] 0
N3479:
	(51,52) 5
	[0,0] 0
N3480:
	(4,7) 52
	[0,0] 0
N3481:
	(51,42) 72
	[0,0] 0
N3484:
	(51,52) 103
	[0,0] 0
N3485:
	(4,7) 150
	[0,0] 0
N3486:
	(51,42) 182
	[0,0] 0
N3489:
	(51,52) 213
	[0,0] 0
N3490:
	(4,7) 260
	[0,0] 0
N3491:
	(51,42) 304
	[0,0] 0
N3494:
	(51,52) 335
	[0,0] 0
N3495:
	(4,7) 382
	[0,0] 0
N3496:
	(51,42) 438
	[0,0] 0
N3499:
	(51,52) 469
	[0,0] 0
N3500:
	(4,7) 516
	[0,0] 0
N3501:
	(51,42) 584
	[0,0] 0
N3504:
	(51,52) 615
	[0,0] 0
N3505:
	(4,7) 662
	[0,0] 0
N3506:
	(51,42) 634
	[0,0] 0
N3509:
	(51,52) 682
	[0,0] 0
N3510:
	(4,7) 729
	[0,0] 0
N3511:
	(51,42) 634
	[0,0] 0
N3514:
	(51,52) 682
	[0,0] 0
N3515:
	(4,7) 729
	[0,0] 0
N3516:
	(51,42) 634
	[0,0] 0
N3519:
	(51,52) 682
	[0,0] 0
N3520:
	(4,7) 729
	[0,0] 0
N3521:
	(51,42) 634
	[0,0] 0
N3524:
	(8,56) 677
	[0,0] 0
N3527:
	(43,60) 618
	[0,0] 0
N3531:
	(57,52) 613
	[0,0] 0
N3532:
	(43,95) 627
	[0,0] 0
N3533:
	(53,101) 429
	[0,0] 0
N3536:
	(4,51) 300
	[0,0] 0
N3540:
	(32,33) 310
	[0,0] 0
N3541:
	(4,7) 338
	[0,0] 0
N3542:
	(32,23) 166
	[0,0] 0
N3545:
	(8,17) 190
	[0,0] 0
N3548:
	(4,15) 73
	[0,0] 0
N3552:
	(8,56) 0
	[0,0] 0
N3553:
	(8,56) 98
	[0,0] 0
N3556:
	(8,56) 208
	[0,0] 0
N3559:
	(8,56) 330
	[0,0] 0
N3562:
	(8,56) 464
	[0,0] 0
N3565:
	(8,56) 610
	[0,0] 0
N3568:
	(8,56) 677
	[0,0] 0
N3571:
	(8,56) 677
	[0,0] 0
N3574:
	(8,56) 677
	[0,0] 0
N3577:
	(43,60) 625
	[0,0] 0
N3581:
	(57,52) 704
	[0,0] 0
N3582:
	(43,95) 718
	[0,0] 0
N3583:
	(53,101) 569
	[0,0] 0
N3586:
	(4,56) 426
	[0,0] 0
N3590:
	(52,53) 436
	[0,0] 0
N3591:
	(4,7) 484
	[0,0] 0
N3592:
	(52,43) 261
	[0,0] 0
N3595:
	(8,37) 305
	[0,0] 0
N3598:
	(18,41) 157
	[0,0] 0
N3602:
	(4,7) 87
	[0,0] 0
N3603:
	(10,17) 81
	[0,0] 0
N3604:
	(43,60) 63
	[0,0] 0
N3608:
	(43,60) 173
	[0,0] 0
N3612:
	(43,60) 295
	[0,0] 0
N3616:
	(43,60) 429
	[0,0] 0
N3620:
	(43,60) 575
	[0,0] 0
N3624:
	(43,60) 625
	[0,0] 0
N3628:
	(43,60) 625
	[0,0] 0
N3632:
	(43,60) 625
	[0,0] 0
N3636:
	(57,52) 711
	[0,0] 0
N3637:
	(43,95) 725
	[0,0] 0
N3638:
	(53,101) 660
	[0,0] 0
N3641:
	(4,56) 566
	[0,0] 0
N3645:
	(57,58) 576
	[0,0] 0
N3646:
	(4,7) 629
	[0,0] 0
N3647:
	(57,48) 382
	[0,0] 0
N3650:
	(8,57) 431
	[0,0] 0
N3653:
	(38,61) 252
	[0,0] 0
N3657:
	(18,27) 199
	[0,0] 0
N3658:
	(24,51) 193
	[0,0] 0
N3659:
	(8,15) 76
	[0,0] 0
N3662:
	(57,52) 54
	[0,0] 0
N3663:
	(43,95) 68
	[0,0] 0
N3664:
	(57,52) 164
	[0,0] 0
N3665:
	(43,95) 178
	[0,0] 0
N3666:
	(57,52) 286
	[0,0] 0
N3667:
	(43,95) 300
	[0,0] 0
N3668:
	(57,52) 420
	[0,0] 0
N3669:
	(43,95) 434
	[0,0] 0
N3670:
	(57,52) 566
	[0,0] 0
N3671:
	(43,95) 580
	[0,0] 0
N3672:
	(57,52) 711
	[0,0] 0
N3673:
	(43,95) 725
	[0,0] 0
N3674:
	(57,52) 711
	[0,0] 0
N3675:
	(43,95) 725
	[0,0] 0
N3676:
	(57,52) 711
	[0,0] 0
N3677:
	(43,95) 725
	[0,0] 0
N3678:
	(53,101) 667
	[0,0] 0
N3681:
	(4,56) 657
	[0,0] 0
N3685:
	(57,58) 667
	[0,0] 0
N3686:
	(4,7) 720
	[0,0] 0
N3687:
	(57,48) 522
	[0,0] 0
N3690:
	(8,62) 571
	[0,0] 0
N3693:
	(49,66) 373
	[0,0] 0
N3697:
	(38,47) 334
	[0,0] 0
N3698:
	(44,91) 328
	[0,0] 0
N3699:
	(28,43) 174
	[0,0] 0
N3702:
	(4,11) 73
	[0,0] 0
N3706:
	(53,101) 10
	[0,0] 0
N3709:
	(53,101) 120
	[0,0] 0
N3712:
	(53,101) 242
	[0,0] 0
N3715:
	(53,101) 376
	[0,0] 0
N3718:
	(53,101) 522
	[0,0] 0
N3721:
	(53,101) 667
	[0,0] 0
N3724:
	(53,101) 667
	[0,0] 0
N3727:
	(53,101) 667
	[0,0] 0
N3730:
	(4,56) 664
	[0,0] 0
N3734:
	(57,58) 674
	[0,0] 0
N3735:
	(4,7) 727
	[0,0] 0
N3736:
	(57,48) 613
	[0,0] 0
N3739:
	(8,62) 662
	[0,0] 0
N3742:
	(49,66) 513
	[0,0] 0
N3746:
	(58,58) 471
	[0,0] 0
N3747:
	(49,107) 480
	[0,0] 0
N3748:
	(48,83) 289
	[0,0] 0
N3751:
	(4,31) 171
	[0,0] 0
N3755:
	(12,13) 181
	[0,0] 0
N3756:
	(4,7) 189
	[0,0] 0
N3757:
	(12,9) 68
	[0,0] 0
N3760:
	(4,56) 59
	[0,0] 0
N3764:
	(4,56) 169
	[0,0] 0
N3768:
	(4,56) 291
	[0,0] 0
N3772:
	(4,56) 425
	[0,0] 0
N3776:
	(4,56) 571
	[0,0] 0
N3780:
	(4,56) 664
	[0,0] 0
N3784:
	(4,56) 664
	[0,0] 0
N3788:
	(4,56) 664
	[0,0] 0
N3792:
	(57,58) 674
	[0,0] 0
N3793:
	(4,7) 727
	[0,0] 0
N3794:
	(57,48) 620
	[0,0] 0
N3797:
	(8,62) 669
	[0,0] 0
N3800:
	(49,66) 604
	[0,0] 0
N3804:
	(63,58) 611
	[0,0] 0
N3805:
	(49,107) 625
	[0,0] 0
N3806:
	(59,108) 421
	[0,0] 0
N3809:
	(4,51) 286
	[0,0] 0
N3813:
	(32,33) 296
	[0,0] 0
N3814:
	(4,7) 324
	[0,0] 0
N3815:
	(32,23) 152
	[0,0] 0
N3818:
	(8,17) 176
	[0,0] 0
N3821:
	(4,15) 65
	[0,0] 0
N3825:
	(57,58) 5
	[0,0] 0
N3826:
	(4,7) 58
	[0,0] 0
N3827:
	(57,48) 78
	[0,0] 0
N3830:
	(57,58) 115
	[0,0] 0
N3831:
	(4,7) 168
	[0,0] 0
N3832:
	(57,48) 200
	[0,0] 0
N3835:
	(57,58) 237
	[0,0] 0
N3836:
	(4,7) 290
	[0,0] 0
N3837:
	(57,48) 334
	[0,0] 0
N3840:
	(57,58) 371
	[0,0] 0
N3841:
	(4,7) 424
	[0,0] 0
N3842:
	(57,48) 480
	[0,0] 0
N3845:
	(57,58) 517
	[0,0] 0
N3846:
	(4,7) 570
	[0,0] 0
N3847:
	(57,48) 620
	[0,0] 0
N3850:
	(57,58) 674
	[0,0] 0
N3851:
	(4,7) 727
	[0,0] 0
N3852:
	(57,48) 620
	[0,0] 0
N3855:
	(57,58) 674
	[0,0] 0
N3856:
	(4,7) 727
	[0,0] 0
N3857:
	(57,48) 620
	[0,0] 0
N3860:
	(57,58) 674
	[0,0] 0
N3861:
	(4,7) 727
	[0,0] 0
N3862:
	(57,48) 620
	[0,0] 0
N3865:
	(8,62) 669
	[0,0] 0
N3868:
	(49,66) 611
	[0,0] 0
N3872:
	(63,58) 702
	[0,0] 0
N3873:
	(49,107) 716
	[0,0] 0
N3874:
	(59,113) 561
	[0,0] 0
N3877:
	(4,62) 418
	[0,0] 0
N3881:
	(52,53) 428
	[0,0] 0
N3882:
	(4,7) 476
	[0,0] 0
N3883:
	(52,43) 247
	[0,0] 0
N3886:
	(8,37) 291
	[0,0] 0
N3889:
	(18,41) 143
	[0,0] 0
N3893:
	(4,7) 79
	[0,0] 0
N3894:
	(10,17) 73
	[0,0] 0
N3895:
	(8,62) 0
	[0,0] 0
N3896:
	(8,62) 110
	[0,0] 0
N3899:
	(8,62) 232
	[0,0] 0
N3902:
	(8,62) 366
	[0,0] 0
N3905:
	(8,62) 512
	[0,0] 0
N3908:
	(8,62) 669
	[0,0] 0
N3911:
	(8,62) 669
	[0,0] 0
N3914:
	(8,62) 669
	[0,0] 0
N3917:
	(49,66) 611
	[0,0] 0
N3921:
	(63,58) 709
	[0,0] 0
N3922:
	(49,107) 723
	[0,0] 0
N3923:
	(59,113) 652
	[0,0] 0
N3926:
	(4,62) 558
	[0,0] 0
N3930:
	(63,64) 568
	[0,0] 0
N3931:
	(4,7) 627
	[0,0] 0
N3932:
	(63,54) 368
	[0,0] 0
N3935:
	(8,57) 423
	[0,0] 0
N3938:
	(38,61) 238
	[0,0] 0
N3942:
	(18,27) 185
	[0,0] 0
N3943:
	(24,51) 179
	[0,0] 0
N3944:
	(8,15) 68
	[0,0] 0
N3947:
	(49,66) 69
	[0,0] 0
N3951:
	(49,66) 191
	[0,0] 0
N3955:
	(49,66) 325
	[0,0] 0
N3959:
	(49,66) 471
	[0,0] 0
N3963:
	(49,66) 611
	[0,0] 0
N3967:
	(49,66) 611
	[0,0] 0
N3971:
	(49,66) 611
	[0,0] 0
N3975:
	(63,58) 709
	[0,0] 0
N3976:
	(49,107) 723
	[0,0] 0
N3977:
	(59,113) 659
	[0,0] 0
N3980:
	(4,62) 649
	[0,0] 0
N3984:
	(63,64) 659
	[0,0] 0
N3985:
	(4,7) 718
	[0,0] 0
N3986:
	(63,54) 508
	[0,0] 0
N3989:
	(8,68) 563
	[0,0] 0
N3992:
	(55,72) 359
	[0,0] 0
N3996:
	(38,47) 320
	[0,0] 0
N3997:
	(44,91) 314
	[0,0] 0
N3998:
	(28,43) 160
	[0,0] 0
N4001:
	(4,11) 65
	[0,0] 0
N4005:
	(63,58) 60
	[0,0] 0
N4006:
	(49,107) 74
	[0,0] 0
N4007:
	(63,58) 182
	[0,0] 0
N4008:
	(49,107) 196
	[0,0] 0
N4009:
	(63,58) 316
	[0,0] 0
N4010:
	(49,107) 330
	[0,0] 0
N4011:
	(63,58) 462
	[0,0] 0
N4012:
	(49,107) 476
	[0,0] 0
N4013:
	(63,58) 620
	[0,0] 0
N4014:
	(49,107) 634
	[0,0] 0
N4015:
	(63,58) 709
	[0,0] 0
N4016:
	(49,107) 723
	[0,0] 0
N4017:
	(63,58) 709
	[0,0] 0
N4018:
	(49,107) 723
	[0,0] 0
N4019:
	(59,113) 659
	[0,0] 0
N4022:
	(4,62) 656
	[0,0] 0
N4026:
	(63,64) 666
	[0,0] 0
N4027:
	(4,7) 725
	[0,0] 0
N4028:
	(63,54) 599
	[0,0] 0
N4031:
	(8,68) 654
	[0,0] 0
N4034:
	(55,72) 499
	[0,0] 0
N4038:
	(58,64) 469
	[0,0] 0
N4039:
	(55,119) 472
	[0,0] 0
N4040:
	(48,83) 275
	[0,0] 0
N4043:
	(4,31) 157
	[0,0] 0
N4047:
	(12,13) 167
	[0,0] 0
N4048:
	(4,7) 175
	[0,0] 0
N4049:
	(12,9) 60
	[0,0] 0
N4052:
	(59,113) 10
	[0,0] 0
N4055:
	(59,113) 132
	[0,0] 0
N4058:
	(59,113) 266
	[0,0] 0
N4061:
	(59,113) 412
	[0,0] 0
N4064:
	(59,113) 570
	[0,0] 0
N4067:
	(59,113) 659
	[0,0] 0
N4070:
	(59,113) 659
	[0,0] 0
N4073:
	(4,62) 656
	[0,0] 0
N4077:
	(63,64) 666
	[0,0] 0
N4078:
	(4,7) 725
	[0,0] 0
N4079:
	(63,54) 606
	[0,0] 0
N4082:
	(8,68) 661
	[0,0] 0
N4085:
	(55,72) 590
	[0,0] 0
N4089:
	(69,64) 609
	[0,0] 0
N4090:
	(55,119) 623
	[0,0] 0
N4091:
	(65,114) 413
	[0,0] 0
N4094:
	(4,51) 272
	[0,0] 0
N4098:
	(32,33) 282
	[0,0] 0
N4099:
	(4,7) 310
	[0,0] 0
N4100:
	(32,23) 138
	[0,0] 0
N4103:
	(8,17) 162
	[0,0] 0
N4106:
	(4,15) 57
	[0,0] 0
N4110:
	(4,62) 65
	[0,0] 0
N4114:
	(4,62) 187
	[0,0] 0
N4118:
	(4,62) 321
	[0,0] 0
N4122:
	(4,62) 467
	[0,0] 0
N4126:
	(4,62) 625
	[0,0] 0
N4130:
	(4,62) 656
	[0,0] 0
N4134:
	(4,62) 656
	[0,0] 0
N4138:
	(63,64) 666
	[0,0] 0
N4139:
	(4,7) 725
	[0,0] 0
N4140:
	(63,54) 606
	[0,0] 0
N4143:
	(8,68) 661
	[0,0] 0
N4146:
	(55,72) 597
	[0,0] 0
N4150:
	(69,64) 700
	[0,0] 0
N4151:
	(55,119) 714
	[0,0] 0
N4152:
	(65,125) 553
	[0,0] 0
N4155:
	(4,68) 410
	[0,0] 0
N4159:
	(52,53) 420
	[0,0] 0
N4160:
	(4,7) 468
	[0,0] 0
N4161:
	(52,43) 233
	[0,0] 0
N4164:
	(8,37) 277
	[0,0] 0
N4167:
	(18,41) 129
	[0,0] 0
N4171:
	(4,7) 71
	[0,0] 0
N4172:
	(10,17) 65
	[0,0] 0
N4173:
	(63,64) 5
	[0,0] 0
N4174:
	(4,7) 64
	[0,0] 0
N4175:
	(63,54) 84
	[0,0] 0
N4178:
	(63,64) 127
	[0,0] 0
N4179:
	(4,7) 186
	[0,0] 0
N4180:
	(63,54) 218
	[0,0] 0
N4183:
	(63,64) 261
	[0,0] 0
N4184:
	(4,7) 320
	[0,0] 0
N4185:
	(63,54) 364
	[0,0] 0
N4188:
	(63,64) 407
	[0,0] 0
N4189:
	(4,7) 466
	[0,0] 0
N4190:
	(63,54) 522
	[0,0] 0
N4193:
	(63,64) 565
	[0,0] 0
N4194:
	(4,7) 624
	[0,0] 0
N4195:
	(63,54) 606
	[0,0] 0
N4198:
	(63,64) 666
	[0,0] 0
N4199:
	(4,7) 725
	[0,0] 0
N4200:
	(63,54) 606
	[0,0] 0
N4203:
	(63,64) 666
	[0,0] 0
N4204:
	(4,7) 725
	[0,0] 0
N4205:
	(63,54) 606
	[0,0] 0
N4208:
	(8,68) 661
	[0,0] 0
N4211:
	(55,72) 597
	[0,0] 0
N4215:
	(69,64) 707
	[0,0] 0
N4216:
	(55,119) 721
	[0,0] 0
N4217:
	(65,125) 644
	[0,0] 0
N4220:
	(4,68) 550
	[0,0] 0
N4224:
	(69,70) 560
	[0,0] 0
N4225:
	(4,7) 625
	[0,0] 0
N4226:
	(69,60) 354
	[0,0] 0
N4229:
	(8,57) 415
	[0,0] 0
N4232:
	(38,61) 224
	[0,0] 0
N4236:
	(18,27) 171
	[0,0] 0
N4237:
	(24,51) 165
	[0,0] 0
N4238:
	(8,15) 60
	[0,0] 0
N4241:
	(8,68) 0
	[0,0] 0
N4242:
	(8,68) 122
	[0,0] 0
N4245:
	(8,68) 256
	[0,0] 0
N4248:
	(8,68) 402
	[0,0] 0
N4251:
	(8,68) 560
	[0,0] 0
N4254:
	(8,68) 661
	[0,0] 0
N4257:
	(8,68) 661
	[0,0] 0
N4260:
	(55,72) 597
	[0,0] 0
N4264:
	(69,64) 707
	[0,0] 0
N4265:
	(55,119) 721
	[0,0] 0
N4266:
	(65,125) 651
	[0,0] 0
N4269:
	(4,68) 641
	[0,0] 0
N4273:
	(69,70) 651
	[0,0] 0
N4274:
	(4,7) 716
	[0,0] 0
N4275:
	(69,60) 494
	[0,0] 0
N4278:
	(8,74) 555
	[0,0] 0
N4281:
	(58,78) 345
	[0,0] 0
N4285:
	(38,47) 306
	[0,0] 0
N4286:
	(44,91) 300
	[0,0] 0
N4287:
	(28,43) 146
	[0,0] 0
N4290:
	(4,11) 57
	[0,0] 0
N4294:
	(55,72) 75
	[0,0] 0
N4298:
	(55,72) 209
	[0,0] 0
N4302:
	(55,72) 355
	[0,0] 0
N4306:
	(55,72) 513
	[0,0] 0
N4310:
	(55,72) 597
	[0,0] 0
N4314:
	(55,72) 597
	[0,0] 0
N4318:
	(69,64) 707
	[0,0] 0
N4319:
	(55,119) 721
	[0,0] 0
N4320:
	(65,125) 651
	[0,0] 0
N4323:
	(4,68) 648
	[0,0] 0
N4327:
	(69,70) 658
	[0,0] 0
N4328:
	(4,7) 723
	[0,0] 0
N4329:
	(69,60) 585
	[0,0] 0
N4332:
	(8,74) 646
	[0,0] 0
N4335:
	(61,78) 485
	[0,0] 0
N4339:
	(58,67) 464
	[0,0] 0
N4340:
	(61,128) 461
	[0,0] 0
N4341:
	(48,83) 261
	[0,0] 0
N4344:
	(4,31) 143
	[0,0] 0
N4348:
	(12,13) 153
	[0,0] 0
N4349:
	(4,7) 161
	[0,0] 0
N4350:
	(12,9) 52
	[0,0] 0
N4353:
	(69,64) 66
	[0,0] 0
N4354:
	(55,119) 80
	[0,0] 0
N4355:
	(69,64) 200
	[0,0] 0
N4356:
	(55,119) 214
	[0,0] 0
N4357:
	(69,64) 346
	[0,0] 0
N4358:
	(55,119) 360
	[0,0] 0
N4359:
	(69,64) 504
	[0,0] 0
N4360:
	(55,119) 518
	[0,0] 0
N4361:
	(69,64) 674
	[0,0] 0
N4362:
	(55,119) 688
	[0,0] 0
N4363:
	(69,64) 707
	[0,0] 0
N4364:
	(55,119) 721
	[0,0] 0
N4365:
	(65,125) 651
	[0,0] 0
N4368:
	(4,68) 648
	[0,0] 0
N4372:
	(69,70) 658
	[0,0] 0
N4373:
	(4,7) 723
	[0,0] 0
N4374:
	(69,60) 592
	[0,0] 0
N4377:
	(8,74) 653
	[0,0] 0
N4380:
	(61,78) 576
	[0,0] 0
N4384:
	(75,70) 607
	[0,0] 0
N4385:
	(61,131) 621
	[0,0] 0
N4386:
	(68,120) 402
	[0,0] 0
N4389:
	(4,51) 258
	[0,0] 0
N4393:
	(32,33) 268
	[0,0] 0
N4394:
	(4,7) 296
	[0,0] 0
N4395:
	(32,23) 124
	[0,0] 0
N4398:
	(8,17) 148
	[0,0] 0
N4401:
	(4,15) 49
	[0,0] 0
N4405:
	(65,125) 10
	[0,0] 0
N4408:
	(65,125) 144
	[0,0] 0
N4411:
	(65,125) 290
	[0,0] 0
N4414:
	(65,125) 448
	[0,0] 0
N4417:
	(65,125) 618
	[0,0] 0
N4420:
	(65,125) 651
	[0,0] 0
N4423:
	(4,68) 648
	[0,0] 0
N4427:
	(69,70) 658
	[0,0] 0
N4428:
	(4,7) 723
	[0,0] 0
N4429:
	(69,60) 592
	[0,0] 0
N4432:
	(8,74) 653
	[0,0] 0
N4435:
	(61,78) 583
	[0,0] 0
N4439:
	(75,70) 698
	[0,0] 0
N4440:
	(61,131) 712
	[0,0] 0
N4441:
	(71,137) 545
	[0,0] 0
N4444:
	(4,71) 399
	[0,0] 0
N4448:
	(52,53) 409
	[0,0] 0
N4449:
	(4,7) 457
	[0,0] 0
N4450:
	(52,43) 219
	[0,0] 0
N4453:
	(8,37) 263
	[0,0] 0
N4456:
	(18,41) 115
	[0,0] 0
N4460:
	(4,7) 63
	[0,0] 0
N4461:
	(10,17) 57
	[0,0] 0
N4462:
	(4,68) 71
	[0,0] 0
N4466:
	(4,68) 205
	[0,0] 0
N4470:
	(4,68) 351
	[0,0] 0
N4474:
	(4,68) 509
	[0,0] 0
N4478:
	(4,68) 648
	[0,0] 0
N4482:
	(4,68) 648
	[0,0] 0
N4486:
	(69,70) 658
	[0,0] 0
N4487:
	(4,7) 723
	[0,0] 0
N4488:
	(69,60) 592
	[0,0] 0
N4491:
	(8,74) 653
	[0,0] 0
N4494:
	(61,78) 583
	[0,0] 0
N4498:
	(75,70) 705
	[0,0] 0
N4499:
	(61,131) 719
	[0,0] 0
N4500:
	(71,137) 636
	[0,0] 0
N4503:
	(4,74) 542
	[0,0] 0
N4507:
	(72,73) 552
	[0,0] 0
N4508:
	(4,7) 620
	[0,0] 0
N4509:
	(72,63) 340
	[0,0] 0
N4512:
	(8,57) 404
	[0,0] 0
N4515:
	(38,61) 210
	[0,0] 0
N4519:
	(18,27) 157
	[0,0] 0
N4520:
	(24,51) 151
	[0,0] 0
N4521:
	(8,15) 52
	[0,0] 0
N4524:
	(69,70) 5
	[0,0] 0
N4525:
	(4,7) 70
	[0,0] 0
N4526:
	(69,60) 90
	[0,0] 0
N4529:
	(69,70) 139
	[0,0] 0
N4530:
	(4,7) 204
	[0,0] 0
N4531:
	(69,60) 236
	[0,0] 0
N4534:
	(69,70) 285
	[0,0] 0
N4535:
	(4,7) 350
	[0,0] 0
N4536:
	(69,60) 394
	[0,0] 0
N4539:
	(69,70) 443
	[0,0] 0
N4540:
	(4,7) 508
	[0,0] 0
N4541:
	(69,60) 564
	[0,0] 0
N4544:
	(69,70) 613
	[0,0] 0
N4545:
	(4,7) 678
	[0,0] 0
N4546:
	(69,60) 592
	[0,0] 0
N4549:
	(69,70) 658
	[0,0] 0
N4550:
	(4,7) 723
	[0,0] 0
N4551:
	(69,60) 592
	[0,0] 0
N4554:
	(8,74) 653
	[0,0] 0
N4557:
	(61,78) 583
	[0,0] 0
N4561:
	(75,70) 705
	[0,0] 0
N4562:
	(61,131) 719
	[0,0] 0
N4563:
	(71,137) 643
	[0,0] 0
N4566:
	(4,74) 633
	[0,0] 0
N4570:
	(75,76) 643
	[0,0] 0
N4571:
	(4,7) 714
	[0,0] 0
N4572:
	(75,66) 480
	[0,0] 0
N4575:
	(8,77) 547
	[0,0] 0
N4578:
	(58,81) 331
	[0,0] 0
N4582:
	(38,47) 292
	[0,0] 0
N4583:
	(44,91) 286
	[0,0] 0
N4584:
	(28,43) 132
	[0,0] 0
N4587:
	(4,11) 49
	[0,0] 0
N4591:
	(8,74) 0
	[0,0] 0
N4592:
	(8,74) 134
	[0,0] 0
N4595:
	(8,74) 280
	[0,0] 0
N4598:
	(8,74) 438
	[0,0] 0
N4601:
	(8,74) 608
	[0,0] 0
N4604:
	(8,74) 653
	[0,0] 0
N4607:
	(61,78) 583
	[0,0] 0
N4611:
	(75,70) 705
	[0,0] 0
N4612:
	(61,131) 719
	[0,0] 0
N4613:
	(71,137) 643
	[0,0] 0
N4616:
	(4,74) 640
	[0,0] 0
N4620:
	(75,76) 650
	[0,0] 0
N4621:
	(4,7) 721
	[0,0] 0
N4622:
	(75,66) 571
	[0,0] 0
N4625:
	(8,80) 638
	[0,0] 0
N4628:
	(67,84) 471
	[0,0] 0
N4632:
	(58,67) 453
	[0,0] 0
N4633:
	(64,131) 447
	[0,0] 0
N4634:
	(48,83) 247
	[0,0] 0
N4637:
	(4,31) 129
	[0,0] 0
N4641:
	(12,13) 139
	[0,0] 0
N4642:
	(4,7) 147
	[0,0] 0
N4643:
	(12,9) 44
	[0,0] 0
N4646:
	(61,78) 81
	[0,0] 0
N4650:
	(61,78) 227
	[0,0] 0
N4654:
	(61,78) 385
	[0,0] 0
N4658:
	(61,78) 555
	[0,0] 0
N4662:
	(61,78) 583
	[0,0] 0
N4666:
	(75,70) 705
	[0,0] 0
N4667:
	(61,131) 719
	[0,0] 0
N4668:
	(71,137) 643
	[0,0] 0
N4671:
	(4,74) 640
	[0,0] 0
N4675:
	(75,76) 650
	[0,0] 0
N4676:
	(4,7) 721
	[0,0] 0
N4677:
	(75,66) 578
	[0,0] 0
N4680:
	(8,80) 645
	[0,0] 0
N4683:
	(67,84) 562
	[0,0] 0
N4687:
	(78,76) 605
	[0,0] 0
N4688:
	(67,143) 616
	[0,0] 0
N4689:
	(68,123) 388
	[0,0] 0
N4692:
	(4,51) 244
	[0,0] 0
N4696:
	(32,33) 254
	[0,0] 0
N4697:
	(4,7) 282
	[0,0] 0
N4698:
	(32,23) 110
	[0,0] 0
N4701:
	(8,17) 134
	[0,0] 0
N4704:
	(4,15) 41
	[0,0] 0
N4708:
	(75,70) 72
	[0,0] 0
N4709:
	(61,131) 86
	[0,0] 0
N4710:
	(75,70) 218
	[0,0] 0
N4711:
	(61,131) 232
	[0,0] 0
N4712:
	(75,70) 376
	[0,0] 0
N4713:
	(61,131) 390
	[0,0] 0
N4714:
	(75,70) 546
	[0,0] 0
N4715:
	(61,131) 560
	[0,0] 0
N4716:
	(75,70) 705
	[0,0] 0
N4717:
	(61,131) 719
	[0,0] 0
N4718:
	(71,137) 643
	[0,0] 0
N4721:
	(4,74) 640
	[0,0] 0
N4725:
	(75,76) 650
	[0,0] 0
N4726:
	(4,7) 721
	[0,0] 0
N4727:
	(75,66) 578
	[0,0] 0
N4730:
	(8,80) 645
	[0,0] 0
N4733:
	(67,84) 569
	[0,0] 0
N4737:
	(81,76) 696
	[0,0] 0
N4738:
	(67,143) 710
	[0,0] 0
N4739:
	(77,146) 537
	[0,0] 0
N4742:
	(4,71) 385
	[0,0] 0
N4746:
	(52,53) 395
	[0,0] 0
N4747:
	(4,7) 443
	[0,0] 0
N4748:
	(52,43) 205
	[0,0] 0
N4751:
	(8,37) 249
	[0,0] 0
N4754:
	(18,41) 101
	[0,0] 0
N4758:
	(4,7) 55
	[0,0] 0
N4759:
	(10,17) 49
	[0,0] 0
N4760:
	(71,137) 10
	[0,0] 0
N4763:
	(71,137) 156
	[0,0] 0
N4766:
	(71,137) 314
	[0,0] 0
N4769:
	(71,137) 484
	[0,0] 0
N4772:
	(71,137) 643
	[0,0] 0
N4775:
	(4,74) 640
	[0,0] 0
N4779:
	(75,76) 650
	[0,0] 0
N4780:
	(4,7) 721
	[0,0] 0
N4781:
	(75,66) 578
	[0,0] 0
N4784:
	(8,80) 645
	[0,0] 0
N4787:
	(67,84) 569
	[0,0] 0
N4791:
	(81,76) 703
	[0,0] 0
N4792:
	(67,143) 717
	[0,0] 0
N4793:
	(77,149) 628
	[0,0] 0
N4796:
	(4,80) 534
	[0,0] 0
N4800:
	(72,73) 544
	[0,0] 0
N4801:
	(4,7) 612
	[0,0] 0
N4802:
	(72,63) 326
	[0,0] 0
N4805:
	(8,57) 390
	[0,0] 0
N4808:
	(38,61) 196
	[0,0] 0
N4812:
	(18,27) 143
	[0,0] 0
N4813:
	(24,51) 137
	[0,0] 0
N4814:
	(8,15) 44
	[0,0] 0
N4817:
	(4,74) 77
	[0,0] 0
N4821:
	(4,74) 223
	[0,0] 0
N4825:
	(4,74) 381
	[0,0] 0
N4829:
	(4,74) 551
	[0,0] 0
N4833:
	(4,74) 640
	[0,0] 0
N4837:
	(75,76) 650
	[0,0] 0
N4838:
	(4,7) 721
	[0,0] 0
N4839:
	(75,66) 578
	[0,0] 0
N4842:
	(8,80) 645
	[0,0] 0
N4845:
	(67,84) 569
	[0,0] 0
N4849:
	(81,76) 703
	[0,0] 0
N4850:
	(67,143) 717
	[0,0] 0
N4851:
	(77,149) 635
	[0,0] 0
N4854:
	(4,80) 625
	[0,0] 0
N4858:
	(81,82) 635
	[0,0] 0
N4859:
	(4,7) 712
	[0,0] 0
N4860:
	(81,72) 466
	[0,0] 0
N4863:
	(8,77) 539
	[0,0] 0
N4866:
	(58,81) 317
	[0,0] 0
N4870:
	(38,47) 278
	[0,0] 0
N4871:
	(44,91) 272
	[0,0] 0
N4872:
	(28,43) 118
	[0,0] 0
N4875:
	(4,11) 41
	[0,0] 0
N4879:
	(75,76) 5
	[0,0] 0
N4880:
	(4,7) 76
	[0,0] 0
N4881:
	(75,66) 96
	[0,0] 0
N4884:
	(75,76) 151
	[0,0] 0
N4885:
	(4,7) 222
	[0,0] 0
N4886:
	(75,66) 254
	[0,0] 0
N4889:
	(75,76) 309
	[0,0] 0
N4890:
	(4,7) 380
	[0,0] 0
N4891:
	(75,66) 424
	[0,0] 0
N4894:
	(75,76) 479
	[0,0] 0
N4895:
	(4,7) 550
	[0,0] 0
N4896:
	(75,66) 578
	[0,0] 0
N4899:
	(75,76) 638
	[0,0] 0
N4900:
	(4,7) 709
	[0,0] 0
N4901:
	(75,66) 578
	[0,0] 0
N4904:
	(8,80) 645
	[0,0] 0
N4907:
	(67,84) 569
	[0,0] 0
N4911:
	(81,76) 703
	[0,0] 0
N4912:
	(67,143) 717
	[0,0] 0
N4913:
	(77,149) 635
	[0,0] 0
N4916:
	(4,80) 632
	[0,0] 0
N4920:
	(81,82) 642
	[0,0] 0
N4921:
	(4,7) 719
	[0,0] 0
N4922:
	(81,72) 557
	[0,0] 0
N4925:
	(8,86) 630
	[0,0] 0
N4928:
	(73,90) 457
	[0,0] 0
N4932:
	(58,67) 439
	[0,0] 0
N4933:
	(64,131) 433
	[0,0] 0
N4934:
	(48,83) 233
	[0,0] 0
N4937:
	(4,31) 115
	[0,0] 0
N4941:
	(12,13) 125
	[0,0] 0
N4942:
	(4,7) 133
	[0,0] 0
N4943:
	(12,9) 36
	[0,0] 0
N4946:
	(8,80) 0
	[0,0] 0
N4947:
	(8,80) 146
	[0,0] 0
N4950:
	(8,80) 304
	[0,0] 0
N4953:
	(8,80) 474
	[0,0] 0
N4956:
	(8,80) 633
	[0,0] 0
N4959:
	(67,84) 569
	[0,0] 0
N4963:
	(81,76) 703
	[0,0] 0
N4964:
	(67,143) 717
	[0,0] 0
N4965:
	(77,149) 635
	[0,0] 0
N4968:
	(4,80) 632
	[0,0] 0
N4972:
	(81,82) 642
	[0,0] 0
N4973:
	(4,7) 719
	[0,0] 0
N4974:
	(81,72) 564
	[0,0] 0
N4977:
	(8,86) 637
	[0,0] 0
N4980:
	(73,90) 548
	[0,0] 0
N4984:
	(78,82) 603
	[0,0] 0
N4985:
	(73,155) 608
	[0,0] 0
N4986:
	(68,123) 374
	[0,0] 0
N4989:
	(4,51) 230
	[0,0] 0
N4993:
	(32,33) 240
	[0,0] 0
N4994:
	(4,7) 268
	[0,0] 0
N4995:
	(32,23) 96
	[0,0] 0
N4998:
	(8,17) 120
	[0,0] 0
N5001:
	(4,15) 33
	[0,0] 0
N5005:
	(67,84) 87
	[0,0] 0
N5009:
	(67,84) 245
	[0,0] 0
N5013:
	(67,84) 415
	[0,0] 0
N5017:
	(67,84) 569
	[0,0] 0
N5021:
	(81,76) 703
	[0,0] 0
N5022:
	(67,143) 661
	[0,0] 0
N5023:
	(77,149) 635
	[0,0] 0
N5026:
	(4,80) 632
	[0,0] 0
N5030:
	(81,82) 642
	[0,0] 0
N5031:
	(4,7) 719
	[0,0] 0
N5032:
	(81,72) 564
	[0,0] 0
N5035:
	(8,86) 637
	[0,0] 0
N5038:
	(73,90) 555
	[0,0] 0
N5042:
	(87,82) 694
	[0,0] 0
N5043:
	(73,155) 708
	[0,0] 0
N5044:
	(83,152) 529
	[0,0] 0
N5047:
	(4,71) 371
	[0,0] 0
N5051:
	(52,53) 381
	[0,0] 0
N5052:
	(4,7) 429
	[0,0] 0
N5053:
	(52,43) 191
	[0,0] 0
N5056:
	(8,37) 235
	[0,0] 0
N5059:
	(18,41) 87
	[0,0] 0
N5063:
	(4,7) 47
	[0,0] 0
N5064:
	(10,17) 41
	[0,0] 0
N5065:
	(81,76) 78
	[0,0] 0
N5066:
	(67,143) 92
	[0,0] 0
N5067:
	(81,76) 236
	[0,0] 0
N5068:
	(67,143) 250
	[0,0] 0
N5069:
	(81,76) 406
	[0,0] 0
N5070:
	(67,143) 420
	[0,0] 0
N5071:
	(81,76) 565
	[0,0] 0
N5072:
	(67,143) 579
	[0,0] 0
N5073:
	(77,149) 635
	[0,0] 0
N5076:
	(4,80) 632
	[0,0] 0
N5080:
	(81,82) 642
	[0,0] 0
N5081:
	(4,7) 719
	[0,0] 0
N5082:
	(81,72) 564
	[0,0] 0
N5085:
	(8,86) 637
	[0,0] 0
N5088:
	(73,90) 555
	[0,0] 0
N5092:
	(87,82) 701
	[0,0] 0
N5093:
	(73,155) 715
	[0,0] 0
N5094:
	(83,161) 620
	[0,0] 0
N5097:
	(4,86) 526
	[0,0] 0
N5101:
	(72,73) 536
	[0,0] 0
N5102:
	(4,7) 604
	[0,0] 0
N5103:
	(72,63) 312
	[0,0] 0
N5106:
	(8,57) 376
	[0,0] 0
N5109:
	(38,61) 182
	[0,0] 0
N5113:
	(18,27) 129
	[0,0] 0
N5114:
	(24,51) 123
	[0,0] 0
N5115:
	(8,15) 36
	[0,0] 0
N5118:
	(77,149) 10
	[0,0] 0
N5121:
	(77,149) 168
	[0,0] 0
N5124:
	(77,149) 338
	[0,0] 0
N5127:
	(77,149) 497
	[0,0] 0
N5130:
	(4,80) 632
	[0,0] 0
N5134:
	(81,82) 642
	[0,0] 0
N5135:
	(4,7) 719
	[0,0] 0
N5136:
	(81,72) 564
	[0,0] 0
N5139:
	(8,86) 637
	[0,0] 0
N5142:
	(73,90) 555
	[0,0] 0
N5146:
	(87,82) 701
	[0,0] 0
N5147:
	(73,155) 715
	[0,0] 0
N5148:
	(83,161) 627
	[0,0] 0
N5151:
	(4,86) 617
	[0,0] 0
N5155:
	(87,88) 627
	[0,0] 0
N5156:
	(4,7) 710
	[0,0] 0
N5157:
	(87,78) 452
	[0,0] 0
N5160:
	(8,77) 531
	[0,0] 0
N5163:
	(58,81) 303
	[0,0] 0
N5167:
	(38,47) 264
	[0,0] 0
N5168:
	(44,91) 258
	[0,0] 0
N5169:
	(28,43) 104
	[0,0] 0
N5172:
	(4,11) 33
	[0,0] 0
N5176:
	(4,80) 83
	[0,0] 0
N5180:
	(4,80) 241
	[0,0] 0
N5184:
	(4,80) 411
	[0,0] 0
N5188:
	(4,80) 570
	[0,0] 0
N5192:
	(81,82) 642
	[0,0] 0
N5193:
	(4,7) 719
	[0,0] 0
N5194:
	(81,72) 564
	[0,0] 0
N5197:
	(8,86) 637
	[0,0] 0
N5200:
	(73,90) 555
	[0,0] 0
N5204:
	(87,82) 701
	[0,0] 0
N5205:
	(73,155) 715
	[0,0] 0
N5206:
	(83,161) 627
	[0,0] 0
N5209:
	(4,86) 624
	[0,0] 0
N5213:
	(87,88) 634
	[0,0] 0
N5214:
	(4,7) 717
	[0,0] 0
N5215:
	(87,78) 543
	[0,0] 0
N5218:
	(8,92) 622
	[0,0] 0
N5221:
	(78,96) 443
	[0,0] 0
N5225:
	(58,67) 425
	[0,0] 0
N5226:
	(64,131) 419
	[0,0] 0
N5227:
	(48,83) 219
	[0,0] 0
N5230:
	(4,31) 101
	[0,0] 0
N5234:
	(12,13) 111
	[0,0] 0
N5235:
	(4,7) 119
	[0,0] 0
N5236:
	(12,9) 28
	[0,0] 0
N5239:
	(81,82) 5
	[0,0] 0
N5240:
	(4,7) 82
	[0,0] 0
N5241:
	(81,72) 102
	[0,0] 0
N5244:
	(81,82) 163
	[0,0] 0
N5245:
	(4,7) 240
	[0,0] 0
N5246:
	(81,72) 264
	[0,0] 0
N5249:
	(81,82) 333
	[0,0] 0
N5250:
	(4,7) 410
	[0,0] 0
N5251:
	(81,72) 431
	[0,0] 0
N5254:
	(81,82) 492
	[0,0] 0
N5255:
	(4,7) 569
	[0,0] 0
N5256:
	(81,72) 564
	[0,0] 0
N5259:
	(8,86) 637
	[0,0] 0
N5262:
	(73,90) 555
	[0,0] 0
N5266:
	(87,82) 701
	[0,0] 0
N5267:
	(73,155) 715
	[0,0] 0
N5268:
	(83,161) 627
	[0,0] 0
N5271:
	(4,86) 624
	[0,0] 0
N5275:
	(87,88) 634
	[0,0] 0
N5276:
	(4,7) 717
	[0,0] 0
N5277:
	(87,78) 550
	[0,0] 0
N5280:
	(8,92) 629
	[0,0] 0
N5283:
	(79,96) 534
	[0,0] 0
N5287:
	(78,87) 600
	[0,0] 0
N5288:
	(79,166) 599
	[0,0] 0
N5289:
	(68,123) 360
	[0,0] 0
N5292:
	(4,51) 216
	[0,0] 0
N5296:
	(32,33) 226
	[0,0] 0
N5297:
	(4,7) 254
	[0,0] 0
N5298:
	(32,23) 82
	[0,0] 0
N5301:
	(8,17) 106
	[0,0] 0
N5304:
	(4,15) 25
	[0,0] 0
N5308:
	(8,86) 0
	[0,0] 0
N5309:
	(8,86) 158
	[0,0] 0
N5312:
	(8,86) 328
	[0,0] 0
N5315:
	(8,86) 487
	[0,0] 0
N5318:
	(73,90) 555
	[0,0] 0
N5322:
	(87,82) 701
	[0,0] 0
N5323:
	(73,155) 715
	[0,0] 0
N5324:
	(83,161) 627
	[0,0] 0
N5327:
	(4,86) 624
	[0,0] 0
N5331:
	(87,88) 634
	[0,0] 0
N5332:
	(4,7) 717
	[0,0] 0
N5333:
	(87,78) 550
	[0,0] 0
N5336:
	(8,92) 629
	[0,0] 0
N5339:
	(79,96) 541
	[0,0] 0
N5343:
	(93,88) 692
	[0,0] 0
N5344:
	(79,167) 706
	[0,0] 0
N5345:
	(88,158) 520
	[0,0] 0
N5348:
	(4,71) 357
	[0,0] 0
N5352:
	(52,53) 367
	[0,0] 0
N5353:
	(4,7) 415
	[0,0] 0
N5354:
	(52,43) 177
	[0,0] 0
N5357:
	(8,37) 221
	[0,0] 0
N5360:
	(18,41) 73
	[0,0] 0
N5364:
	(4,7) 39
	[0,0] 0
N5365:
	(10,17) 33
	[0,0] 0
N5366:
	(73,90) 93
	[0,0] 0
N5370:
	(73,90) 255
	[0,0] 0
N5374:
	(73,90) 422
	[0,0] 0
N5378:
	(87,82) 575
	[0,0] 0
N5379:
	(73,155) 589
	[0,0] 0
N5380:
	(83,161) 627
	[0,0] 0
N5383:
	(4,86) 624
	[0,0] 0
N5387:
	(87,88) 634
	[0,0] 0
N5388:
	(4,7) 717
	[0,0] 0
N5389:
	(87,78) 550
	[0,0] 0
N5392:
	(8,92) 629
	[0,0] 0
N5395:
	(79,96) 541
	[0,0] 0
N5399:
	(93,88) 699
	[0,0] 0
N5400:
	(79,167) 713
	[0,0] 0
N5401:
	(89,173) 612
	[0,0] 0
N5404:
	(4,91) 517
	[0,0] 0
N5408:
	(72,73) 527
	[0,0] 0
N5409:
	(4,7) 595
	[0,0] 0
N5410:
	(72,63) 298
	[0,0] 0
N5413:
	(8,57) 362
	[0,0] 0
N5416:
	(38,61) 168
	[0,0] 0
N5420:
	(18,27) 115
	[0,0] 0
N5421:
	(24,51) 109
	[0,0] 0
N5422:
	(8,15) 28
	[0,0] 0
N5425:
	(87,82) 84
	[0,0] 0
N5426:
	(73,155) 98
	[0,0] 0
N5427:
	(87,82) 254
	[0,0] 0
N5428:
	(73,155) 268
	[0,0] 0
N5429:
	(87,82) 413
	[0,0] 0
N5430:
	(73,155) 427
	[0,0] 0
N5431:
	(83,161) 501
	[0,0] 0
N5434:
	(4,86) 624
	[0,0] 0
N5438:
	(87,88) 634
	[0,0] 0
N5439:
	(4,7) 717
	[0,0] 0
N5440:
	(87,78) 550
	[0,0] 0
N5443:
	(8,92) 629
	[0,0] 0
N5446:
	(79,96) 541
	[0,0] 0
N5450:
	(93,88) 699
	[0,0] 0
N5451:
	(79,167) 713
	[0,0] 0
N5452:
	(89,173) 619
	[0,0] 0
N5455:
	(4,92) 609
	[0,0] 0
N5459:
	(92,93) 619
	[0,0] 0
N5460:
	(4,7) 707
	[0,0] 0
N5461:
	(92,83) 438
	[0,0] 0
N5464:
	(8,77) 522
	[0,0] 0
N5467:
	(58,81) 289
	[0,0] 0
N5471:
	(38,47) 250
	[0,0] 0
N5472:
	(44,91) 244
	[0,0] 0
N5473:
	(28,43) 90
	[0,0] 0
N5476:
	(4,11) 25
	[0,0] 0
N5480:
	(83,161) 10
	[0,0] 0
N5483:
	(83,161) 180
	[0,0] 0
N5486:
	(83,161) 339
	[0,0] 0
N5489:
	(4,86) 580
	[0,0] 0
N5493:
	(87,88) 634
	[0,0] 0
N5494:
	(4,7) 717
	[0,0] 0
N5495:
	(87,78) 550
	[0,0] 0
N5498:
	(8,92) 629
	[0,0] 0
N5501:
	(79,96) 541
	[0,0] 0
N5505:
	(93,88) 699
	[0,0] 0
N5506:
	(79,167) 713
	[0,0] 0
N5507:
	(89,173) 619
	[0,0] 0
N5510:
	(4,92) 616
	[0,0] 0
N5514:
	(93,94) 626
	[0,0] 0
N5515:
	(4,7) 715
	[0,0] 0
N5516:
	(93,84) 529
	[0,0] 0
N5519:
	(8,97) 614
	[0,0] 0
N5522:
	(78,101) 429
	[0,0] 0
N5526:
	(58,67) 411
	[0,0] 0
N5527:
	(64,131) 405
	[0,0] 0
N5528:
	(48,83) 205
	[0,0] 0
N5531:
	(4,31) 87
	[0,0] 0
N5535:
	(12,13) 97
	[0,0] 0
N5536:
	(4,7) 105
	[0,0] 0
N5537:
	(12,9) 20
	[0,0] 0
N5540:
	(4,86) 89
	[0,0] 0
N5544:
	(4,86) 259
	[0,0] 0
N5548:
	(4,86) 418
	[0,0] 0
N5552:
	(87,88) 496
	[0,0] 0
N5553:
	(4,7) 579
	[0,0] 0
N5554:
	(87,78) 550
	[0,0] 0
N5557:
	(8,92) 629
	[0,0] 0
N5560:
	(79,96) 541
	[0,0] 0
N5564:
	(93,88) 699
	[0,0] 0
N5565:
	(79,167) 713
	[0,0] 0
N5566:
	(89,173) 619
	[0,0] 0
N5569:
	(4,92) 616
	[0,0] 0
N5573:
	(93,94) 626
	[0,0] 0
N5574:
	(4,7) 715
	[0,0] 0
N5575:
	(93,84) 536
	[0,0] 0
N5578:
	(8,98) 621
	[0,0] 0
N5581:
	(85,102) 520
	[0,0] 0
N5585:
	(78,87) 591
	[0,0] 0
N5586:
	(84,171) 585
	[0,0] 0
N5587:
	(68,123) 346
	[0,0] 0
N5590:
	(4,51) 202
	[0,0] 0
N5594:
	(32,33) 212
	[0,0] 0
N5595:
	(4,7) 240
	[0,0] 0
N5596:
	(32,23) 68
	[0,0] 0
N5599:
	(8,17) 92
	[0,0] 0
N5602:
	(4,15) 17
	[0,0] 0
N5606:
	(87,88) 5
	[0,0] 0
N5607:
	(4,7) 88
	[0,0] 0
N5608:
	(87,78) 108
	[0,0] 0
N5611:
	(87,88) 175
	[0,0] 0
N5612:
	(4,7) 258
	[0,0] 0
N5613:
	(87,78) 250
	[0,0] 0
N5616:
	(87,88) 334
	[0,0] 0
N5617:
	(4,7) 417
	[0,0] 0
N5618:
	(87,78) 424
	[0,0] 0
N5621:
	(8,92) 491
	[0,0] 0
N5624:
	(79,96) 541
	[0,0] 0
N5628:
	(93,88) 699
	[0,0] 0
N5629:
	(79,167) 713
	[0,0] 0
N5630:
	(89,173) 619
	[0,0] 0
N5633:
	(4,92) 616
	[0,0] 0
N5637:
	(93,94) 626
	[0,0] 0
N5638:
	(4,7) 715
	[0,0] 0
N5639:
	(93,84) 536
	[0,0] 0
N5642:
	(8,98) 621
	[0,0] 0
N5645:
	(85,102) 527
	[0,0] 0
N5649:
	(98,94) 690
	[0,0] 0
N5650:
	(85,179) 703
	[0,0] 0
N5651:
	(88,163) 506
	[0,0] 0
N5654:
	(4,71) 343
	[0,0] 0
N5658:
	(52,53) 353
	[0,0] 0
N5659:
	(4,7) 401
	[0,0] 0
N5660:
	(52,43) 163
	[0,0] 0
N5663:
	(8,37) 207
	[0,0] 0
N5666:
	(18,41) 59
	[0,0] 0
N5670:
	(4,7) 59
	[0,0] 0
N5671:
	(10,17) 53
	[0,0] 0
N5672:
	(8,92) 0
	[0,0] 0
N5673:
	(8,92) 170
	[0,0] 0
N5676:
	(8,92) 329
	[0,0] 0
N5679:
	(79,96) 415
	[0,0] 0
N5683:
	(93,88) 568
	[0,0] 0
N5684:
	(79,167) 582
	[0,0] 0
N5685:
	(89,173) 619
	[0,0] 0
N5688:
	(4,92) 616
	[0,0] 0
N5692:
	(93,94) 626
	[0,0] 0
N5693:
	(4,7) 715
	[0,0] 0
N5694:
	(93,84) 536
	[0,0] 0
N5697:
	(8,98) 621
	[0,0] 0
N5700:
	(85,102) 527
	[0,0] 0
N5704:
	(99,94) 692
	[0,0] 0
N5705:
	(85,179) 706
	[0,0] 0
N5706:
	(95,184) 604
	[0,0] 0
N5709:
	(4,91) 503
	[0,0] 0
N5713:
	(72,73) 513
	[0,0] 0
N5714:
	(4,7) 581
	[0,0] 0
N5715:
	(72,63) 284
	[0,0] 0
N5718:
	(8,57) 348
	[0,0] 0
N5721:
	(38,61) 154
	[0,0] 0
N5725:
	(18,27) 121
	[0,0] 0
N5726:
	(24,51) 115
	[0,0] 0
N5727:
	(8,15) 48
	[0,0] 0
N5730:
	(79,96) 99
	[0,0] 0
N5734:
	(79,96) 241
	[0,0] 0
N5738:
	(93,88) 411
	[0,0] 0
N5739:
	(79,167) 425
	[0,0] 0
N5740:
	(89,173) 488
	[0,0] 0
N5743:
	(4,92) 616
	[0,0] 0
N5747:
	(93,94) 626
	[0,0] 0
N5748:
	(4,7) 715
	[0,0] 0
N5749:
	(93,84) 536
	[0,0] 0
N5752:
	(8,98) 621
	[0,0] 0
N5755:
	(85,102) 527
	[0,0] 0
N5759:
	(99,94) 692
	[0,0] 0
N5760:
	(85,179) 706
	[0,0] 0
N5761:
	(95,185) 606
	[0,0] 0
N5764:
	(4,98) 601
	[0,0] 0
N5768:
	(92,93) 594
	[0,0] 0
N5769:
	(4,7) 682
	[0,0] 0
N5770:
	(92,83) 424
	[0,0] 0
N5773:
	(8,77) 508
	[0,0] 0
N5776:
	(58,81) 275
	[0,0] 0
N5780:
	(38,47) 236
	[0,0] 0
tempN5781:
	(44,91) 230
	[0,0] 0
N5782:
	(28,43) 96
	[0,0] 0
N5785:
	(93,88) 90
	[0,0] 0
N5786:
	(79,167) 104
	[0,0] 0
N5787:
	(93,88) 272
	[0,0] 0
N5788:
	(79,167) 286
	[0,0] 0
N5789:
	(89,173) 331
	[0,0] 0
N5792:
	(4,92) 573
	[0,0] 0
N5796:
	(93,94) 626
	[0,0] 0
N5797:
	(4,7) 715
	[0,0] 0
N5798:
	(93,84) 536
	[0,0] 0
N5801:
	(8,98) 621
	[0,0] 0
N5804:
	(85,102) 527
	[0,0] 0
N5808:
	(99,94) 692
	[0,0] 0
N5809:
	(85,179) 706
	[0,0] 0
N5810:
	(95,185) 606
	[0,0] 0
N5813:
	(4,98) 608
	[0,0] 0
N5817:
	(99,100) 601
	[0,0] 0
N5818:
	(4,7) 696
	[0,0] 0
N5819:
	(99,90) 515
	[0,0] 0
N5822:
	(8,97) 589
	[0,0] 0
N5825:
	(78,101) 415
	[0,0] 0
N5829:
	(58,67) 363
	[0,0] 0
N5830:
	(64,131) 357
	[0,0] 0
N5831:
	(48,90) 184
	[0,0] 0
N5834:
	(89,173) 10
	[0,0] 0
N5837:
	(89,173) 192
	[0,0] 0
N5840:
	(4,92) 416
	[0,0] 0
N5844:
	(93,94) 483
	[0,0] 0
N5845:
	(4,7) 572
	[0,0] 0
N5846:
	(93,84) 536
	[0,0] 0
N5849:
	(8,98) 621
	[0,0] 0
N5852:
	(85,102) 527
	[0,0] 0
N5856:
	(99,94) 692
	[0,0] 0
N5857:
	(85,179) 706
	[0,0] 0
N5858:
	(95,185) 606
	[0,0] 0
N5861:
	(4,98) 608
	[0,0] 0
N5865:
	(99,100) 601
	[0,0] 0
N5866:
	(4,7) 696
	[0,0] 0
N5867:
	(99,90) 522
	[0,0] 0
N5870:
	(8,104) 596
	[0,0] 0
N5873:
	(91,108) 506
	[0,0] 0
N5877:
	(78,87) 450
	[0,0] 0
N5878:
	(84,171) 444
	[0,0] 0
N5879:
	(68,123) 298
	[0,0] 0
N5882:
	(4,92) 95
	[0,0] 0
N5886:
	(4,92) 277
	[0,0] 0
N5890:
	(93,94) 326
	[0,0] 0
N5891:
	(4,7) 415
	[0,0] 0
N5892:
	(93,84) 410
	[0,0] 0
N5895:
	(8,98) 478
	[0,0] 0
N5898:
	(85,102) 527
	[0,0] 0
N5902:
	(99,94) 692
	[0,0] 0
N5903:
	(85,179) 706
	[0,0] 0
N5904:
	(95,185) 606
	[0,0] 0
N5907:
	(4,98) 608
	[0,0] 0
N5911:
	(99,100) 601
	[0,0] 0
N5912:
	(4,7) 696
	[0,0] 0
N5913:
	(99,90) 522
	[0,0] 0
N5916:
	(8,104) 596
	[0,0] 0
N5919:
	(91,108) 513
	[0,0] 0
N5923:
	(98,100) 497
	[0,0] 0
N5924:
	(91,191) 504
	[0,0] 0
N5925:
	(88,163) 365
	[0,0] 0
N5928:
	(93,94) 5
	[0,0] 0
N5929:
	(4,7) 94
	[0,0] 0
N5930:
	(93,84) 114
	[0,0] 0
N5933:
	(93,94) 187
	[0,0] 0
N5934:
	(4,7) 276
	[0,0] 0
N5935:
	(93,84) 236
	[0,0] 0
N5938:
	(8,98) 321
	[0,0] 0
N5941:
	(85,102) 401
	[0,0] 0
N5945:
	(99,94) 656
	[0,0] 0
N5946:
	(85,179) 670
	[0,0] 0
N5947:
	(95,185) 606
	[0,0] 0
N5950:
	(4,98) 608
	[0,0] 0
N5954:
	(99,100) 601
	[0,0] 0
N5955:
	(4,7) 696
	[0,0] 0
N5956:
	(99,90) 522
	[0,0] 0
N5959:
	(8,104) 596
	[0,0] 0
N5962:
	(91,108) 513
	[0,0] 0
N5966:
	(105,100) 504
	[0,0] 0
N5967:
	(91,191) 518
	[0,0] 0
N5968:
	(101,190) 405
	[0,0] 0
N5971:
	(8,98) 0
	[0,0] 0
N5972:
	(8,98) 182
	[0,0] 0
N5975:
	(85,102) 227
	[0,0] 0
N5979:
	(99,94) 392
	[0,0] 0
N5980:
	(85,179) 406
	[0,0] 0
N5981:
	(95,185) 570
	[0,0] 0
N5984:
	(4,98) 608
	[0,0] 0
N5988:
	(99,100) 601
	[0,0] 0
N5989:
	(4,7) 696
	[0,0] 0
N5990:
	(99,90) 522
	[0,0] 0
N5993:
	(8,104) 596
	[0,0] 0
N5996:
	(91,108) 513
	[0,0] 0
N6000:
	(105,100) 504
	[0,0] 0
N6001:
	(91,191) 518
	[0,0] 0
N6002:
	(101,197) 412
	[0,0] 0
N6005:
	(85,102) 105
	[0,0] 0
N6009:
	(99,94) 284
	[0,0] 0
N6010:
	(85,179) 298
	[0,0] 0
N6011:
	(95,185) 306
	[0,0] 0
N6014:
	(4,98) 608
	[0,0] 0
N6018:
	(99,100) 601
	[0,0] 0
N6019:
	(4,7) 696
	[0,0] 0
N6020:
	(99,90) 522
	[0,0] 0
N6023:
	(8,104) 596
	[0,0] 0
N6026:
	(91,108) 513
	[0,0] 0
N6030:
	(105,100) 504
	[0,0] 0
N6031:
	(91,191) 518
	[0,0] 0
N6032:
	(101,197) 412
	[0,0] 0
N6035:
	(99,94) 96
	[0,0] 0
N6036:
	(85,179) 110
	[0,0] 0
N6037:
	(95,185) 198
	[0,0] 0
N6040:
	(4,98) 397
	[0,0] 0
N6044:
	(99,100) 565
	[0,0] 0
N6045:
	(4,7) 660
	[0,0] 0
N6046:
	(99,90) 522
	[0,0] 0
N6049:
	(8,104) 596
	[0,0] 0
N6052:
	(91,108) 513
	[0,0] 0
N6056:
	(105,100) 504
	[0,0] 0
N6057:
	(91,191) 518
	[0,0] 0
N6058:
	(101,197) 412
	[0,0] 0
N6061:
	(95,185) 10
	[0,0] 0
N6064:
	(4,98) 289
	[0,0] 0
N6068:
	(99,100) 301
	[0,0] 0
N6069:
	(4,7) 396
	[0,0] 0
N6070:
	(99,90) 486
	[0,0] 0
N6073:
	(8,104) 560
	[0,0] 0
N6076:
	(91,108) 513
	[0,0] 0
N6080:
	(105,100) 504
	[0,0] 0
N6081:
	(91,191) 518
	[0,0] 0
N6082:
	(101,197) 412
	[0,0] 0
N6085:
	(4,98) 101
	[0,0] 0
N6089:
	(99,100) 193
	[0,0] 0
N6090:
	(4,7) 288
	[0,0] 0
N6091:
	(99,90) 222
	[0,0] 0
N6094:
	(8,104) 296
	[0,0] 0
N6097:
	(91,108) 477
	[0,0] 0
N6101:
	(105,100) 504
	[0,0] 0
N6102:
	(91,191) 518
	[0,0] 0
N6103:
	(101,197) 412
	[0,0] 0
N6106:
	(99,100) 5
	[0,0] 0
N6107:
	(4,7) 100
	[0,0] 0
N6108:
	(99,90) 114
	[0,0] 0
N6111:
	(8,104) 188
	[0,0] 0
N6114:
	(91,108) 213
	[0,0] 0
N6118:
	(105,100) 468
	[0,0] 0
N6119:
	(91,191) 482
	[0,0] 0
N6120:
	(101,197) 412
	[0,0] 0
N6123:
	(8,104) 0
	[0,0] 0
N6124:
	(91,108) 105
	[0,0] 0
N6128:
	(105,100) 204
	[0,0] 0
N6129:
	(91,191) 218
	[0,0] 0
N6130:
	(101,197) 376
	[0,0] 0
N6133:
	(105,100) 96
	[0,0] 0
N6134:
	(91,191) 110
	[0,0] 0
N6135:
	(101,197) 112
	[0,0] 0
N6138:
	(101,197) 4
	[0,0] 0
N6141:
	(1,1) 104
	[0,0] 0
N6145:
	(2,103) 2
	[0,0] 0
N6146:
	(1,1) 3
	[0,0] 0
N6147:
	(2,93) 201
	[0,0] 0
N6150:
	(2,4) 0
	[0,0] 0
N6151:
	(94,104) 109
	[0,0] 0
N6155:
	(105,196) 95
	[0,0] 0
N6156:
	(94,97) 106
	[0,0] 0
N6157:
	(105,186) 387
	[0,0] 0
N6160:
	(98,200) 0
	[0,0] 0
N6161:
	(187,207) 290
	[0,0] 0
N6165:
	(198,289) 188
	[0,0] 0
N6166:
	(187,293) 199
	[0,0] 0
N6167:
	(109,279) 398
	[0,0] 0
N6170:
	(290,386) 0
	[0,0] 0
N6171:
	(198,211) 309
	[0,0] 0
N6175:
	(198,300) 213
	[0,0] 0
N6176:
	(212,308) 199
	[0,0] 0
N6177:
	(109,290) 398
	[0,0] 0
N6180:
	(301,411) 0
	[0,0] 0
N6181:
	(198,211) 309
	[0,0] 0
N6185:
	(198,300) 213
	[0,0] 0
N6186:
	(212,308) 199
	[0,0] 0
N6187:
	(109,290) 398
	[0,0] 0
N6190:
	(301,411) 0
	[0,0] 0
N6191:
	(198,211) 309
	[0,0] 0
N6195:
	(198,300) 213
	[0,0] 0
N6196:
	(212,308) 199
	[0,0] 0
N6197:
	(109,290) 398
	[0,0] 0
N6200:
	(301,411) 0
	[0,0] 0
N6201:
	(198,211) 309
	[0,0] 0
N6205:
	(198,300) 213
	[0,0] 0
N6206:
	(212,308) 199
	[0,0] 0
N6207:
	(109,290) 398
	[0,0] 0
N6210:
	(301,411) 0
	[0,0] 0
N6211:
	(198,211) 309
	[0,0] 0
N6215:
	(198,300) 213
	[0,0] 0
N6216:
	(212,308) 199
	[0,0] 0
N6217:
	(109,290) 398
	[0,0] 0
N6220:
	(301,411) 0
	[0,0] 0
N6221:
	(198,211) 309
	[0,0] 0
N6225:
	(198,300) 213
	[0,0] 0
N6226:
	(212,308) 199
	[0,0] 0
N6227:
	(109,290) 384
	[0,0] 0
N6230:
	(301,411) 0
	[0,0] 0
N6231:
	(191,211) 302
	[0,0] 0
N6235:
	(191,293) 213
	[0,0] 0
N6236:
	(212,301) 192
	[0,0] 0
N6237:
	(109,283) 330
	[0,0] 0
N6240:
	(294,404) 0
	[0,0] 0
N6241:
	(164,198) 275
	[0,0] 0
N6245:
	(164,253) 200
	[0,0] 0
N6246:
	(199,274) 165
	[0,0] 0
N6247:
	(102,243) 250
	[0,0] 0
N6250:
	(254,364) 0
	[0,0] 0
N6251:
	(124,171) 209
	[0,0] 0
N6255:
	(124,193) 173
	[0,0] 0
N6256:
	(172,227) 125
	[0,0] 0
N6257:
	(82,183) 150
	[0,0] 0
N6260:
	(194,297) 0
	[0,0] 0
N6261:
	(91,131) 101
	[0,0] 0
N6265:
	(91,140) 133
	[0,0] 0
N6266:
	(132,174) 92
	[0,0] 0
N6267:
	(62,130) 62
	[0,0] 0
N6270:
	(141,224) 0
	[0,0] 0
N6271:
	(44,91) 33
	[0,0] 0
N6275:
	(44,73) 93
	[0,0] 0
N6276:
	(92,107) 45
	[0,0] 0
N6277:
	(42,63) 14
	[0,0] 0
N6280:
	(74,137) 0
	[0,0] 0
N6281:
	(16,51) 5
	[0,0] 0
N6285:
	(16,25) 53
	[0,0] 0
N6286:
	(52,59) 17
	[0,0] 0
N6287:
	(16,21) 0
	[0,0] 0
N6288:
	(26,69) 0
	[0,0] 0
Trigger_en82_0+1:
	(5,151) 653
	[0,0] 0
Trigger_en82_0+2:
	(7,384) 420
	[0,0] 0
Trigger_en82_0:
	(6,536) 268
	[0,0] 0
troj82_0n2+1:
	(5,110) 694
	[0,0] 0
troj82_0n2+2:
	(5,149) 655
	[0,0] 0
troj82_0n2:
	(6,260) 544
	[0,0] 0
troj82_0n3+1:
	(9,62) 742
	[0,0] 0
troj82_0n3:
	(10,104) 700
	[0,0] 0
troj82_0n1+1:
	(5,58) 746
	[0,0] 0
troj82_0n1:
	(6,123) 681
	[0,0] 0
N5781:
	(51,98) 223
	[0,0] 0

-----------------------------------
Sum of T(sa0)s: ∞
Sum of T(sa1)s: ∞
Testability index: ∞