0:
	(1,1) ∞
	[0,0] ∞
1:
	(1,1) 32
	[0,0] 1
x:
	(1,1) ∞
	[0,0] ∞
n0:
	(1,1) 42
	[0,0] 2
n1:
	(1,1) 37
	[0,0] 1
n2[31]:
	(1,1) ∞
	[0,0] ∞
n2[30]:
	(1,1) ∞
	[0,0] ∞
n2[29]:
	(1,1) ∞
	[0,0] ∞
n2[28]:
	(1,1) ∞
	[0,0] ∞
n2[27]:
	(1,1) ∞
	[0,0] ∞
n2[26]:
	(1,1) ∞
	[0,0] ∞
n2[25]:
	(1,1) ∞
	[0,0] ∞
n2[24]:
	(1,1) ∞
	[0,0] ∞
n2[23]:
	(1,1) ∞
	[0,0] ∞
n2[22]:
	(1,1) ∞
	[0,0] ∞
n2[21]:
	(1,1) ∞
	[0,0] ∞
n2[20]:
	(1,1) ∞
	[0,0] ∞
n2[19]:
	(1,1) ∞
	[0,0] ∞
n2[18]:
	(1,1) ∞
	[0,0] ∞
n2[17]:
	(1,1) ∞
	[0,0] ∞
n2[16]:
	(1,1) ∞
	[0,0] ∞
n2[15]:
	(1,1) 64
	[0,0] 2
n2[14]:
	(1,1) 64
	[0,0] 2
n2[13]:
	(1,1) 63
	[0,0] 2
n2[12]:
	(1,1) 64
	[0,0] 2
n2[11]:
	(1,1) 64
	[0,0] 2
n2[10]:
	(1,1) 64
	[0,0] 2
n2[9]:
	(1,1) 64
	[0,0] 2
n2[8]:
	(1,1) 63
	[0,0] 2
n2[7]:
	(1,1) 64
	[0,0] 2
n2[6]:
	(1,1) 63
	[0,0] 2
n2[5]:
	(1,1) 64
	[0,0] 2
n2[4]:
	(1,1) 63
	[0,0] 2
n2[3]:
	(1,1) 64
	[0,0] 2
n2[2]:
	(1,1) 64
	[0,0] 2
n2[1]:
	(1,1) 63
	[0,0] 2
n2[0]:
	(1,1) 37
	[0,0] 1
n3[3]:
	(1,1) 64
	[0,0] 2
n3[2]:
	(1,1) 63
	[0,0] 2
n3[1]:
	(1,1) 63
	[0,0] 2
n3[0]:
	(1,1) 37
	[0,0] 1
n106:
	(4,17) 156
	[0,2] 8
n18:
	(15,4) 202
	[2,0] 15
n350:
	(18,14) 224
	[0,1] 8
n13[12]+1:
	(3,3) 70
	[0,0] 3
n13[12]+2:
	(2,2) 55
	[0,0] 2
n13[12]+3:
	(5,13) 52
	[1,1] 1
n13[12]:
	(8,3) 49
	[1,0] 1
n209:
	(18,4) 126
	[1,0] 7
n6[7]+1:
	(2,2) 56
	[0,0] 2
n6[7]+2:
	(2,2) 31
	[0,0] 1
n6[7]+3:
	(4,23) 29
	[1,1] 0
n6[7]:
	(7,3) 26
	[1,0] 0
n27:
	(9,10) 125
	[1,0] 6
n39:
	(4,8) 182
	[0,1] 12
n121:
	(6,59) 89
	[0,4] 3
n11[6]+1:
	(2,2) 242
	[0,0] 10
n11[6]+2:
	(2,2) 215
	[0,0] 8
n11[6]+3:
	(4,25) 213
	[1,2] 7
n11[6]:
	(7,3) 210
	[1,0] 7
n104:
	(9,63) 157
	[1,0] 7
n379:
	(8,8) 57
	[0,0] 2
n6[10]+1:
	(2,2) 56
	[0,0] 2
n6[10]+2:
	(2,2) 31
	[0,0] 1
n6[10]+3:
	(4,23) 29
	[1,1] 0
n6[10]:
	(7,3) 26
	[1,0] 0
n125:
	(15,19) 223
	[1,0] 8
n9[3]+1:
	(2,2) 143
	[0,0] 8
n9[3]+2:
	(2,2) 130
	[0,0] 7
n9[3]+3:
	(4,11) 128
	[1,1] 6
n9[3]:
	(7,3) 125
	[1,0] 6
n355:
	(18,14) 224
	[0,1] 8
n166:
	(4,8) 139
	[0,1] 9
n92:
	(9,39) 181
	[1,0] 7
n8[40]:
	(3,3) 61
	[0,0] 2
n281:
	(16,21) 36
	[0,1] 1
n171:
	(4,8) 124
	[0,1] 6
n356:
	(18,14) 146
	[0,1] 7
n207:
	(11,10) 74
	[1,0] 4
n248:
	(7,37) 131
	[0,3] 10
n155:
	(4,8) 85
	[0,1] 4
n324:
	(3,35) 64
	[0,1] 2
n4[12]:
	(29,33) 0
	[0,1] 0
n316:
	(5,29) 46
	[0,2] 1
n224:
	(4,21) 217
	[0,1] 8
n14[11]+1:
	(2,2) 77
	[0,0] 4
n14[11]+2:
	(3,3) 66
	[0,0] 3
n14[11]+3:
	(4,8) 65
	[1,1] 2
n14[11]:
	(8,4) 61
	[1,0] 2
n363:
	(18,14) 154
	[0,1] 12
n135:
	(15,19) 145
	[1,0] 7
n180:
	(3,7) 132
	[0,0] 7
n238:
	(9,10) 129
	[1,0] 9
n5[6]+1:
	(2,2) 93
	[0,0] 5
n5[6]+2:
	(2,2) 80
	[0,0] 4
n5[6]+3:
	(4,11) 78
	[1,1] 3
n5[6]:
	(7,3) 75
	[1,0] 3
n179:
	(3,7) 132
	[0,0] 7
n225:
	(4,21) 217
	[0,1] 8
n13[10]+1:
	(3,3) 70
	[0,0] 3
n13[10]+2:
	(2,2) 55
	[0,0] 2
n13[10]+3:
	(5,13) 52
	[1,1] 1
n13[10]:
	(8,3) 49
	[1,0] 1
n368:
	(10,14) 173
	[0,1] 14
n96:
	(46,10) 174
	[0,1] 7
n277:
	(6,65) 79
	[0,5] 3
n351:
	(18,14) 224
	[0,1] 8
n12[7]+1:
	(2,2) 136
	[0,0] 10
n12[7]+2:
	(2,2) 116
	[0,0] 9
n12[7]+3:
	(4,18) 114
	[1,1] 8
n12[7]:
	(7,3) 111
	[1,0] 8
n108:
	(70,10) 151
	[0,1] 7
n182:
	(3,7) 144
	[0,0] 8
n338:
	(25,29) 4
	[0,1] 0
n269:
	(3,14) 118
	[0,0] 9
n170:
	(4,8) 135
	[0,1] 9
n383:
	(7,7) 57
	[0,0] 2
n87:
	(28,10) 192
	[0,1] 7
n8[34]:
	(3,3) 62
	[0,0] 2
n295:
	(16,21) 36
	[0,1] 1
n266:
	(23,12) 62
	[2,0] 1
n11[11]+1:
	(2,2) 164
	[0,0] 9
n11[11]+2:
	(2,2) 137
	[0,0] 7
n11[11]+3:
	(4,25) 135
	[1,2] 6
n11[11]:
	(7,3) 132
	[1,0] 6
n8[42]:
	(3,3) 62
	[0,0] 2
n81:
	(16,10) 204
	[0,1] 7
n14[3]+1:
	(2,2) 77
	[0,0] 4
n14[3]+2:
	(3,3) 66
	[0,0] 3
n14[3]+3:
	(4,8) 65
	[1,1] 2
n14[3]:
	(8,4) 61
	[1,0] 2
n259:
	(11,17) 125
	[0,1] 9
n215:
	(4,21) 134
	[0,1] 7
n55:
	(28,10) 164
	[0,1] 12
n11[4]+1:
	(2,2) 242
	[0,0] 10
n11[4]+2:
	(2,2) 215
	[0,0] 8
n11[4]+3:
	(4,25) 213
	[1,2] 7
n11[4]:
	(7,3) 210
	[1,0] 7
n274:
	(3,12) 33
	[0,0] 1
n157:
	(4,8) 135
	[0,1] 9
n24:
	(63,5) 154
	[8,0] 9
n163:
	(4,8) 85
	[0,1] 4
n5[2]+1:
	(2,2) 93
	[0,0] 5
n5[2]+2:
	(2,2) 80
	[0,0] 4
n5[2]+3:
	(4,11) 78
	[1,1] 3
n5[2]:
	(7,3) 75
	[1,0] 3
n14[8]+1:
	(3,3) 78
	[0,0] 4
n14[8]+2:
	(2,2) 67
	[0,0] 3
n14[8]+3:
	(5,9) 64
	[1,1] 2
n14[8]:
	(8,3) 61
	[1,0] 2
n4[9]:
	(29,33) 0
	[0,1] 0
n380:
	(12,8) 79
	[1,0] 3
n204:
	(9,9) 71
	[1,0] 2
n256:
	(11,17) 121
	[0,1] 9
n232:
	(14,17) 78
	[1,0] 2
n344:
	(6,42) 92
	[0,5] 2
n14[12]+1:
	(2,2) 77
	[0,0] 4
n14[12]+2:
	(3,3) 66
	[0,0] 3
n14[12]+3:
	(4,8) 65
	[1,1] 2
n14[12]:
	(8,4) 61
	[1,0] 2
n45:
	(9,9) 175
	[1,0] 12
n296:
	(38,14) 47
	[2,0] 1
n361:
	(41,5) 77
	[5,0] 4
n8[38]:
	(3,3) 61
	[0,0] 2
n115:
	(4,17) 151
	[0,2] 8
n5[7]+1:
	(2,2) 97
	[0,0] 6
n5[7]+2:
	(2,2) 84
	[0,0] 5
n5[7]+3:
	(4,11) 82
	[1,1] 4
n5[7]:
	(7,3) 79
	[1,0] 4
n13[0]+1:
	(3,3) 70
	[0,0] 3
n13[0]+2:
	(2,2) 55
	[0,0] 2
n13[0]+3:
	(5,13) 52
	[1,1] 1
n13[0]:
	(8,3) 49
	[1,0] 1
n156:
	(4,8) 151
	[0,1] 9
n13[4]+1:
	(3,3) 69
	[0,0] 3
n13[4]+2:
	(2,2) 55
	[0,0] 2
n13[4]+3:
	(5,12) 52
	[1,1] 1
n13[4]:
	(8,3) 49
	[1,0] 1
n153:
	(4,8) 89
	[0,1] 5
n4[15]:
	(29,33) 0
	[0,1] 0
n311:
	(3,19) 33
	[0,0] 1
n339:
	(4,8) 78
	[0,1] 4
n11[3]+1:
	(2,2) 242
	[0,0] 10
n11[3]+2:
	(2,2) 215
	[0,0] 8
n11[3]+3:
	(4,25) 213
	[1,2] 7
n11[3]:
	(7,3) 210
	[1,0] 7
n195:
	(3,7) 82
	[0,0] 4
n317:
	(9,43) 42
	[0,2] 1
n217:
	(4,21) 217
	[0,1] 8
n91:
	(4,17) 234
	[0,2] 9
n353:
	(18,14) 224
	[0,1] 8
n193:
	(3,7) 86
	[0,0] 5
n4[13]:
	(29,33) 0
	[0,1] 0
n359:
	(18,14) 141
	[0,1] 7
n255:
	(16,14) 56
	[0,1] 2
n52:
	(22,10) 164
	[0,1] 12
n69:
	(4,8) 216
	[0,1] 7
n337:
	(23,19) 10
	[1,0] 0
n72:
	(4,8) 228
	[0,1] 7
n265:
	(4,24) 48
	[0,1] 1
n385:
	(7,7) 57
	[0,0] 2
n133:
	(15,19) 223
	[1,0] 8
n112:
	(4,17) 151
	[0,2] 8
n376:
	(8,8) 57
	[0,0] 2
n332:
	(11,7) 22
	[1,0] 0
n90:
	(34,10) 186
	[0,1] 7
n219:
	(4,21) 217
	[0,1] 8
n262:
	(4,22) 70
	[0,2] 1
n315:
	(5,35) 73
	[0,2] 3
n185:
	(3,7) 148
	[0,0] 9
n94:
	(4,17) 234
	[0,2] 9
n51:
	(9,21) 163
	[1,0] 12
n6[15]+1:
	(2,2) 56
	[0,0] 2
n6[15]+2:
	(2,2) 31
	[0,0] 1
n6[15]+3:
	(4,23) 29
	[1,1] 0
n6[15]:
	(7,3) 26
	[1,0] 0
n243:
	(7,26) 45
	[0,2] 1
n11[2]+1:
	(2,2) 242
	[0,0] 10
n11[2]+2:
	(2,2) 215
	[0,0] 8
n11[2]+3:
	(4,25) 213
	[1,2] 7
n11[2]:
	(7,3) 210
	[1,0] 7
n4[1]:
	(29,33) 0
	[0,1] 0
n214:
	(4,21) 134
	[0,1] 7
n371:
	(8,8) 57
	[0,0] 2
n173:
	(15,4) 129
	[2,0] 6
n213:
	(4,20) 134
	[0,1] 7
n247:
	(7,37) 131
	[0,3] 10
n31:
	(15,4) 122
	[2,0] 9
n230:
	(10,16) 82
	[1,0] 2
n41:
	(4,8) 180
	[0,1] 12
n99:
	(52,10) 168
	[0,1] 7
n346:
	(10,14) 224
	[0,1] 8
n201:
	(9,9) 135
	[0,1] 8
n48:
	(9,15) 169
	[1,0] 12
n14[7]+1:
	(2,2) 76
	[0,0] 4
n14[7]+2:
	(3,3) 66
	[0,0] 3
n14[7]+3:
	(4,7) 65
	[1,1] 2
n14[7]:
	(8,4) 61
	[1,0] 2
n13[3]+1:
	(3,3) 70
	[0,0] 3
n13[3]+2:
	(2,2) 55
	[0,0] 2
n13[3]+3:
	(5,13) 52
	[1,1] 1
n13[3]:
	(8,3) 49
	[1,0] 1
n8[43]:
	(3,3) 62
	[0,0] 2
n168:
	(4,8) 124
	[0,1] 6
n57:
	(9,33) 159
	[1,0] 12
n154:
	(4,8) 151
	[0,1] 9
n290:
	(16,21) 36
	[0,1] 1
n4[11]:
	(29,33) 0
	[0,1] 0
n323:
	(3,33) 33
	[0,2] 1
n134:
	(15,17) 172
	[1,0] 14
n390:
	(2,2) 67
	[0,0] 3
n13[2]+1:
	(3,3) 70
	[0,0] 3
n13[2]+2:
	(2,2) 55
	[0,0] 2
n13[2]+3:
	(5,13) 52
	[1,1] 1
n13[2]:
	(8,3) 49
	[1,0] 1
n191:
	(3,7) 144
	[0,0] 8
n165:
	(4,8) 135
	[0,1] 9
n14[6]+1:
	(3,3) 78
	[0,0] 4
n14[6]+2:
	(2,2) 67
	[0,0] 3
n14[6]+3:
	(5,9) 64
	[1,1] 2
n14[6]:
	(8,3) 61
	[1,0] 2
n327:
	(12,4) 70
	[1,0] 3
n4[0]:
	(29,33) 0
	[0,1] 0
n77:
	(9,9) 211
	[1,0] 7
n46:
	(10,10) 174
	[0,1] 12
n12[0]+1:
	(2,2) 49
	[0,0] 2
n12[0]+2:
	(2,2) 31
	[0,0] 1
n12[0]+3:
	(4,16) 29
	[1,1] 0
n12[0]:
	(7,3) 26
	[1,0] 0
n334:
	(40,5) 42
	[3,0] 1
n381:
	(13,9) 78
	[1,0] 3
n43:
	(4,8) 180
	[0,1] 12
n4[6]:
	(29,33) 0
	[0,1] 0
n123:
	(4,8) 140
	[0,1] 8
n216:
	(4,21) 139
	[0,1] 7
n139:
	(15,19) 223
	[1,0] 8
n242:
	(9,10) 129
	[1,0] 9
n130:
	(14,18) 153
	[1,0] 12
n38:
	(4,8) 180
	[0,1] 12
n158:
	(4,8) 135
	[0,1] 9
n319:
	(5,31) 77
	[0,1] 2
n8[44]:
	(3,3) 62
	[0,0] 2
n63:
	(4,8) 216
	[0,1] 7
n162:
	(4,8) 154
	[0,1] 11
n6[8]+1:
	(2,2) 56
	[0,0] 2
n6[8]+2:
	(2,2) 31
	[0,0] 1
n6[8]+3:
	(4,23) 29
	[1,1] 0
n6[8]:
	(7,3) 26
	[1,0] 0
n283:
	(16,21) 36
	[0,1] 1
n197:
	(3,7) 86
	[0,0] 5
n330:
	(14,4) 68
	[1,0] 3
n107:
	(9,69) 151
	[1,0] 7
n6[6]+1:
	(2,2) 56
	[0,0] 2
n6[6]+2:
	(2,2) 31
	[0,0] 1
n6[6]+3:
	(4,23) 29
	[1,1] 0
n6[6]:
	(7,3) 26
	[1,0] 0
n14[1]+1:
	(3,3) 78
	[0,0] 4
n14[1]+2:
	(2,2) 67
	[0,0] 3
n14[1]+3:
	(5,9) 64
	[1,1] 2
n14[1]:
	(8,3) 61
	[1,0] 2
n282:
	(16,21) 36
	[0,1] 1
n244:
	(7,28) 67
	[0,2] 1
n71:
	(4,8) 216
	[0,1] 7
n12[2]+1:
	(2,2) 155
	[0,0] 12
n12[2]+2:
	(2,2) 135
	[0,0] 11
n12[2]+3:
	(4,18) 133
	[1,1] 10
n12[2]:
	(7,3) 130
	[1,0] 10
n374:
	(8,8) 57
	[0,0] 2
n362:
	(17,13) 154
	[0,1] 12
n382:
	(8,8) 57
	[0,0] 2
n250:
	(21,4) 87
	[2,0] 3
n95:
	(9,45) 175
	[1,0] 7
n210:
	(17,4) 91
	[1,0] 2
n253:
	(9,13) 36
	[0,1] 1
n223:
	(4,21) 217
	[0,1] 8
n59:
	(4,17) 164
	[0,2] 13
n14[0]+1:
	(2,2) 95
	[0,0] 5
n14[0]+2:
	(3,3) 66
	[0,0] 3
n14[0]+3:
	(4,26) 65
	[1,2] 2
n14[0]:
	(8,4) 61
	[1,0] 2
n141:
	(15,19) 140
	[1,0] 7
n10[2]+1:
	(2,2) 103
	[0,0] 4
n10[2]+2:
	(2,2) 62
	[0,0] 2
n10[2]+3:
	(4,39) 60
	[1,2] 1
n10[2]:
	(7,3) 57
	[1,0] 1
n347:
	(16,14) 224
	[0,1] 8
n161:
	(4,8) 140
	[0,1] 8
n14[13]+1:
	(3,3) 78
	[0,0] 4
n14[13]+2:
	(2,2) 67
	[0,0] 3
n14[13]+3:
	(5,9) 64
	[1,1] 2
n14[13]:
	(8,3) 61
	[1,0] 2
n22:
	(39,4) 178
	[5,0] 12
n246:
	(7,37) 131
	[0,3] 10
n129:
	(15,19) 153
	[1,0] 12
n102:
	(58,10) 162
	[0,1] 7
n178:
	(12,4) 132
	[1,0] 7
n61:
	(4,8) 216
	[0,1] 7
n132:
	(15,19) 223
	[1,0] 8
n146:
	(15,19) 153
	[1,0] 12
n14[2]+1:
	(2,2) 76
	[0,0] 4
n14[2]+2:
	(3,3) 66
	[0,0] 3
n14[2]+3:
	(4,7) 65
	[1,1] 2
n14[2]:
	(8,4) 61
	[1,0] 2
n5[3]+1:
	(2,2) 97
	[0,0] 6
n5[3]+2:
	(2,2) 84
	[0,0] 5
n5[3]+3:
	(4,11) 82
	[1,1] 4
n5[3]:
	(7,3) 79
	[1,0] 4
n375:
	(8,8) 57
	[0,0] 2
n136:
	(2,2) 36
	[0,0] 1
n348:
	(18,14) 224
	[0,1] 8
n325:
	(3,39) 60
	[0,2] 3
n4[5]:
	(29,33) 0
	[0,1] 0
n97:
	(4,17) 234
	[0,2] 9
n187:
	(15,4) 45
	[2,0] 1
n8[46]:
	(3,3) 62
	[0,0] 2
n11[10]+1:
	(2,2) 242
	[0,0] 10
n11[10]+2:
	(2,2) 215
	[0,0] 8
n11[10]+3:
	(4,25) 213
	[1,2] 7
n11[10]:
	(7,3) 210
	[1,0] 7
n160:
	(4,8) 151
	[0,1] 9
n261:
	(11,17) 140
	[0,1] 11
n6[5]+1:
	(2,2) 56
	[0,0] 2
n6[5]+2:
	(2,2) 31
	[0,0] 1
n6[5]+3:
	(4,23) 29
	[1,1] 0
n6[5]:
	(7,3) 26
	[1,0] 0
n7[1]+1:
	(2,2) 155
	[0,0] 9
n7[1]+2:
	(2,2) 142
	[0,0] 8
n7[1]+3:
	(4,11) 140
	[1,1] 7
n7[1]:
	(7,3) 137
	[1,0] 7
n13[11]+1:
	(3,3) 70
	[0,0] 3
n13[11]+2:
	(2,2) 55
	[0,0] 2
n13[11]+3:
	(5,13) 52
	[1,1] 1
n13[11]:
	(8,3) 49
	[1,0] 1
n292:
	(16,21) 36
	[0,1] 1
n229:
	(5,20) 40
	[0,2] 1
n47:
	(4,17) 183
	[0,2] 15
n7[3]+1:
	(2,2) 155
	[0,0] 9
n7[3]+2:
	(2,2) 142
	[0,0] 8
n7[3]+3:
	(4,11) 140
	[1,1] 7
n7[3]:
	(7,3) 137
	[1,0] 7
n54:
	(9,27) 159
	[1,0] 12
n62:
	(4,8) 223
	[0,1] 7
n297:
	(13,37) 48
	[0,2] 1
n145:
	(15,11) 172
	[1,0] 14
n200:
	(3,7) 132
	[0,0] 7
n8[35]:
	(3,3) 62
	[0,0] 2
n12[3]+1:
	(2,2) 140
	[0,0] 10
n12[3]+2:
	(2,2) 120
	[0,0] 9
n12[3]+3:
	(4,18) 118
	[1,1] 8
n12[3]:
	(7,3) 115
	[1,0] 8
n237:
	(9,10) 148
	[1,0] 11
n289:
	(16,21) 36
	[0,1] 1
n231:
	(3,18) 89
	[0,2] 3
n174:
	(15,4) 60
	[2,0] 1
n284:
	(16,21) 36
	[0,1] 1
n13[5]+1:
	(3,3) 70
	[0,0] 3
n13[5]+2:
	(2,2) 55
	[0,0] 2
n13[5]+3:
	(5,13) 52
	[1,1] 1
n13[5]:
	(8,3) 49
	[1,0] 1
n354:
	(18,14) 224
	[0,1] 8
n199:
	(3,7) 82
	[0,0] 4
n6[13]+1:
	(2,2) 56
	[0,0] 2
n6[13]+2:
	(2,2) 31
	[0,0] 1
n6[13]+3:
	(4,23) 29
	[1,1] 0
n6[13]:
	(7,3) 26
	[1,0] 0
n16:
	(15,4) 202
	[2,0] 15
n14[5]+1:
	(2,2) 76
	[0,0] 4
n14[5]+2:
	(3,3) 66
	[0,0] 3
n14[5]+3:
	(4,7) 65
	[1,1] 2
n14[5]:
	(8,4) 61
	[1,0] 2
n184:
	(3,7) 86
	[0,0] 5
n116:
	(9,87) 145
	[1,0] 7
n176:
	(4,12) 76
	[0,1] 3
n6[3]+1:
	(2,2) 56
	[0,0] 2
n6[3]+2:
	(2,2) 31
	[0,0] 1
n6[3]+3:
	(4,23) 29
	[1,1] 0
n6[3]:
	(7,3) 26
	[1,0] 0
n9[2]+1:
	(2,2) 143
	[0,0] 8
n9[2]+2:
	(2,2) 130
	[0,0] 7
n9[2]+3:
	(4,11) 128
	[1,1] 6
n9[2]:
	(7,3) 125
	[1,0] 6
n143:
	(15,11) 223
	[1,0] 8
n126:
	(15,17) 223
	[1,0] 8
n142:
	(15,19) 140
	[1,0] 7
n239:
	(9,10) 129
	[1,0] 9
n226:
	(4,21) 217
	[0,1] 8
n190:
	(3,7) 148
	[0,0] 9
n82:
	(4,17) 234
	[0,2] 9
n13[14]+1:
	(3,3) 70
	[0,0] 3
n13[14]+2:
	(2,2) 55
	[0,0] 2
n13[14]+3:
	(5,13) 52
	[1,1] 1
n13[14]:
	(8,3) 49
	[1,0] 1
n14[10]+1:
	(2,2) 77
	[0,0] 4
n14[10]+2:
	(3,3) 66
	[0,0] 3
n14[10]+3:
	(4,8) 65
	[1,1] 2
n14[10]:
	(8,4) 61
	[1,0] 2
n273:
	(3,14) 137
	[0,0] 11
n13[15]+1:
	(3,3) 70
	[0,0] 3
n13[15]+2:
	(2,2) 55
	[0,0] 2
n13[15]+3:
	(5,13) 52
	[1,1] 1
n13[15]:
	(8,3) 49
	[1,0] 1
n14[15]+1:
	(2,2) 77
	[0,0] 4
n14[15]+2:
	(3,3) 66
	[0,0] 3
n14[15]+3:
	(4,8) 65
	[1,1] 2
n14[15]:
	(8,4) 61
	[1,0] 2
n305:
	(3,19) 33
	[0,0] 1
n23:
	(47,4) 170
	[6,0] 11
n235:
	(9,15) 61
	[1,0] 2
n35:
	(17,4) 101
	[2,0] 7
n68:
	(4,8) 216
	[0,1] 7
n386:
	(8,8) 57
	[0,0] 2
n49:
	(16,10) 168
	[0,1] 12
n205:
	(10,10) 134
	[0,1] 8
n300:
	(3,19) 33
	[0,0] 1
n118:
	(2,2) 36
	[0,0] 1
n321:
	(36,15) 63
	[2,0] 3
n37:
	(4,8) 193
	[0,1] 12
n333:
	(27,5) 55
	[2,0] 2
n221:
	(4,21) 217
	[0,1] 8
n373:
	(8,8) 57
	[0,0] 2
n84:
	(22,10) 198
	[0,1] 7
n25:
	(71,4) 146
	[9,0] 8
n189:
	(3,7) 144
	[0,0] 8
n6[14]+1:
	(2,2) 56
	[0,0] 2
n6[14]+2:
	(2,2) 31
	[0,0] 1
n6[14]+3:
	(4,23) 29
	[1,1] 0
n6[14]:
	(7,3) 26
	[1,0] 0
n4[3]:
	(29,33) 0
	[0,1] 0
n308:
	(3,19) 33
	[0,0] 1
n164:
	(4,8) 89
	[0,1] 5
n6[0]+1:
	(2,2) 56
	[0,0] 2
n6[0]+2:
	(2,2) 31
	[0,0] 1
n6[0]+3:
	(4,23) 29
	[1,1] 0
n6[0]:
	(7,3) 26
	[1,0] 0
n192:
	(3,5) 33
	[0,0] 1
n357:
	(18,14) 141
	[0,1] 7
n14[4]+1:
	(3,3) 78
	[0,0] 4
n14[4]+2:
	(2,2) 67
	[0,0] 3
n14[4]+3:
	(5,9) 64
	[1,1] 2
n14[4]:
	(8,3) 61
	[1,0] 2
n122:
	(4,8) 154
	[0,1] 11
n183:
	(3,7) 144
	[0,0] 8
n11[13]+1:
	(2,2) 159
	[0,0] 9
n11[13]+2:
	(2,2) 132
	[0,0] 7
n11[13]+3:
	(4,25) 130
	[1,2] 6
n11[13]:
	(7,3) 127
	[1,0] 6
n117:
	(2,2) 36
	[0,0] 1
n4[4]:
	(29,33) 0
	[0,1] 0
n228:
	(21,6) 50
	[2,0] 1
n6[9]+1:
	(2,2) 56
	[0,0] 2
n6[9]+2:
	(2,2) 31
	[0,0] 1
n6[9]+3:
	(4,23) 29
	[1,1] 0
n6[9]:
	(7,3) 26
	[1,0] 0
n202:
	(9,9) 119
	[0,1] 6
n140:
	(15,19) 223
	[1,0] 8
n198:
	(3,7) 82
	[0,0] 4
n360:
	(17,13) 141
	[0,1] 7
n167:
	(4,8) 140
	[0,1] 8
n6[4]+1:
	(2,2) 56
	[0,0] 2
n6[4]+2:
	(2,2) 31
	[0,0] 1
n6[4]+3:
	(4,23) 29
	[1,1] 0
n6[4]:
	(7,3) 26
	[1,0] 0
n307:
	(3,19) 33
	[0,0] 1
n114:
	(82,10) 150
	[0,1] 7
n234:
	(26,4) 118
	[2,0] 6
n372:
	(7,7) 57
	[0,0] 2
n8[33]:
	(3,3) 61
	[0,0] 2
n181:
	(3,5) 33
	[0,0] 1
n80:
	(9,15) 205
	[1,0] 7
n152:
	(4,8) 67
	[0,1] 3
n291:
	(16,21) 36
	[0,1] 1
n150:
	(4,8) 84
	[0,1] 4
n56:
	(4,17) 164
	[0,2] 13
n93:
	(40,10) 180
	[0,1] 7
n6[11]+1:
	(2,2) 56
	[0,0] 2
n6[11]+2:
	(2,2) 31
	[0,0] 1
n6[11]+3:
	(4,23) 29
	[1,1] 0
n6[11]:
	(7,3) 26
	[1,0] 0
n11[5]+1:
	(2,2) 242
	[0,0] 10
n11[5]+2:
	(2,2) 215
	[0,0] 8
n11[5]+3:
	(4,25) 213
	[1,2] 7
n11[5]:
	(7,3) 210
	[1,0] 7
n257:
	(11,17) 121
	[0,1] 9
n60:
	(9,39) 158
	[1,0] 12
n124:
	(15,19) 223
	[1,0] 8
n377:
	(8,8) 57
	[0,0] 2
n7[0]+1:
	(2,2) 42
	[0,0] 2
n7[0]+2:
	(2,2) 31
	[0,0] 1
n7[0]+3:
	(4,9) 29
	[1,1] 0
n7[0]:
	(7,3) 26
	[1,0] 0
n8[36]:
	(3,3) 61
	[0,0] 2
n119:
	(4,9) 85
	[0,1] 4
n6[12]+1:
	(2,2) 56
	[0,0] 2
n6[12]+2:
	(2,2) 31
	[0,0] 1
n6[12]+3:
	(4,23) 29
	[1,1] 0
n6[12]:
	(7,3) 26
	[1,0] 0
n175:
	(6,63) 78
	[0,4] 4
n320:
	(32,15) 67
	[1,0] 2
n177:
	(3,10) 81
	[0,1] 4
n151:
	(4,8) 76
	[0,1] 2
n78:
	(10,10) 210
	[0,1] 7
n98:
	(9,51) 169
	[1,0] 7
n331:
	(11,7) 22
	[1,0] 0
n12[5]+1:
	(2,2) 136
	[0,0] 10
n12[5]+2:
	(2,2) 116
	[0,0] 9
n12[5]+3:
	(4,18) 114
	[1,1] 8
n12[5]:
	(7,3) 111
	[1,0] 8
n13[9]+1:
	(3,3) 70
	[0,0] 3
n13[9]+2:
	(2,2) 55
	[0,0] 2
n13[9]+3:
	(5,13) 52
	[1,1] 1
n13[9]:
	(8,3) 49
	[1,0] 1
n366:
	(18,14) 158
	[0,1] 12
n4[7]:
	(29,33) 0
	[0,1] 0
n75:
	(4,8) 217
	[0,1] 7
n349:
	(18,14) 224
	[0,1] 8
n278:
	(12,25) 40
	[0,1] 1
n369:
	(41,5) 93
	[5,0] 2
n304:
	(3,19) 33
	[0,0] 1
n11[1]+1:
	(2,2) 242
	[0,0] 10
n11[1]+2:
	(2,2) 215
	[0,0] 8
n11[1]+3:
	(4,25) 213
	[1,2] 7
n11[1]:
	(7,3) 210
	[1,0] 7
n30:
	(4,8) 114
	[0,1] 8
n26:
	(5,87) 130
	[0,11] 6
n65:
	(4,8) 216
	[0,1] 7
n105:
	(64,10) 156
	[0,1] 7
n336:
	(45,6) 37
	[3,0] 1
n218:
	(4,21) 217
	[0,1] 8
n8[41]:
	(3,3) 62
	[0,0] 2
n10[0]+1:
	(2,2) 70
	[0,0] 4
n10[0]+2:
	(2,2) 31
	[0,0] 1
n10[0]+3:
	(4,37) 29
	[1,3] 0
n10[0]:
	(7,3) 26
	[1,0] 0
n294:
	(16,21) 36
	[0,1] 1
n384:
	(7,7) 57
	[0,0] 2
n89:
	(9,33) 187
	[1,0] 7
n5[0]+1:
	(2,2) 93
	[0,0] 5
n5[0]+2:
	(2,2) 80
	[0,0] 4
n5[0]+3:
	(4,11) 78
	[1,1] 3
n5[0]:
	(7,3) 75
	[1,0] 3
n186:
	(5,3) 41
	[0,0] 2
n13[1]+1:
	(3,3) 69
	[0,0] 3
n13[1]+2:
	(2,2) 55
	[0,0] 2
n13[1]+3:
	(5,12) 52
	[1,1] 1
n13[1]:
	(8,3) 49
	[1,0] 1
n343:
	(6,42) 76
	[0,5] 4
n169:
	(4,8) 89
	[0,1] 5
n335:
	(15,11) 18
	[1,0] 0
n111:
	(76,10) 151
	[0,1] 7
n194:
	(3,7) 86
	[0,0] 5
n270:
	(3,14) 118
	[0,0] 9
n314:
	(9,43) 69
	[0,2] 3
n36:
	(25,4) 93
	[3,0] 6
n236:
	(9,10) 133
	[1,0] 9
n148:
	(4,8) 56
	[0,1] 3
n285:
	(16,21) 36
	[0,1] 1
n12[1]+1:
	(2,2) 155
	[0,0] 12
n12[1]+2:
	(2,2) 135
	[0,0] 11
n12[1]+3:
	(4,18) 133
	[1,1] 10
n12[1]:
	(7,3) 130
	[1,0] 10
n326:
	(4,8) 124
	[0,1] 6
n11[15]+1:
	(2,2) 158
	[0,0] 9
n11[15]+2:
	(2,2) 132
	[0,0] 7
n11[15]+3:
	(4,24) 130
	[1,2] 6
n11[15]:
	(7,3) 127
	[1,0] 6
n128:
	(15,19) 157
	[1,0] 12
n11[8]+1:
	(2,2) 242
	[0,0] 10
n11[8]+2:
	(2,2) 215
	[0,0] 8
n11[8]+3:
	(4,25) 213
	[1,2] 7
n11[8]:
	(7,3) 210
	[1,0] 7
n280:
	(16,21) 36
	[0,1] 1
n66:
	(4,8) 216
	[0,1] 7
n286:
	(16,21) 36
	[0,1] 1
n28:
	(17,4) 117
	[2,0] 5
n196:
	(3,7) 82
	[0,0] 4
n76:
	(4,15) 234
	[0,2] 9
n358:
	(18,14) 141
	[0,1] 7
n7[6]+1:
	(2,2) 159
	[0,0] 10
n7[6]+2:
	(2,2) 146
	[0,0] 9
n7[6]+3:
	(4,11) 144
	[1,1] 8
n7[6]:
	(7,3) 141
	[1,0] 8
n378:
	(7,7) 57
	[0,0] 2
n5[1]+1:
	(2,2) 97
	[0,0] 6
n5[1]+2:
	(2,2) 84
	[0,0] 5
n5[1]+3:
	(4,11) 82
	[1,1] 4
n5[1]:
	(7,3) 79
	[1,0] 4
n388:
	(8,8) 57
	[0,0] 2
n206:
	(13,9) 95
	[1,0] 4
n249:
	(9,10) 129
	[1,0] 9
n310:
	(3,19) 33
	[0,0] 1
n83:
	(9,21) 199
	[1,0] 7
n389:
	(18,22) 69
	[0,1] 3
n64:
	(4,8) 216
	[0,1] 7
n271:
	(3,14) 122
	[0,0] 9
n279:
	(13,50) 72
	[0,3] 3
n208:
	(4,13) 33
	[0,1] 1
n11[12]+1:
	(2,2) 159
	[0,0] 9
n11[12]+2:
	(2,2) 132
	[0,0] 7
n11[12]+3:
	(4,25) 130
	[1,2] 6
n11[12]:
	(7,3) 127
	[1,0] 6
n103:
	(4,17) 234
	[0,2] 9
n14[9]+1:
	(2,2) 76
	[0,0] 4
n14[9]+2:
	(3,3) 66
	[0,0] 3
n14[9]+3:
	(4,7) 65
	[1,1] 2
n14[9]:
	(8,4) 61
	[1,0] 2
n287:
	(16,21) 36
	[0,1] 1
n13[13]+1:
	(3,3) 69
	[0,0] 3
n13[13]+2:
	(2,2) 55
	[0,0] 2
n13[13]+3:
	(5,12) 52
	[1,1] 1
n13[13]:
	(8,3) 49
	[1,0] 1
n88:
	(4,17) 234
	[0,2] 9
n9[1]+1:
	(2,2) 143
	[0,0] 8
n9[1]+2:
	(2,2) 130
	[0,0] 7
n9[1]+3:
	(4,11) 128
	[1,1] 6
n9[1]:
	(7,3) 125
	[1,0] 6
n172:
	(4,8) 124
	[0,1] 6
n254:
	(11,17) 121
	[0,1] 9
n352:
	(18,14) 224
	[0,1] 8
n288:
	(16,21) 36
	[0,1] 1
n340:
	(4,8) 78
	[0,1] 4
n149:
	(4,8) 72
	[0,1] 2
n13[8]+1:
	(3,3) 69
	[0,0] 3
n13[8]+2:
	(2,2) 55
	[0,0] 2
n13[8]+3:
	(5,12) 52
	[1,1] 1
n13[8]:
	(8,3) 49
	[1,0] 1
n4[8]:
	(29,33) 0
	[0,1] 0
n113:
	(9,81) 146
	[1,0] 7
n268:
	(3,14) 118
	[0,0] 9
n264:
	(26,5) 102
	[2,0] 4
n10[1]+1:
	(2,2) 103
	[0,0] 6
n10[1]+2:
	(2,2) 58
	[0,0] 3
n10[1]+3:
	(4,43) 56
	[1,3] 2
n10[1]:
	(7,3) 53
	[1,0] 2
n74:
	(4,8) 216
	[0,1] 7
n8[47]:
	(3,3) 62
	[0,0] 2
n53:
	(4,17) 164
	[0,2] 13
n364:
	(18,14) 154
	[0,1] 12
n267:
	(3,14) 118
	[0,0] 9
n14[14]+1:
	(2,2) 76
	[0,0] 4
n14[14]+2:
	(3,3) 66
	[0,0] 3
n14[14]+3:
	(4,7) 65
	[1,1] 2
n14[14]:
	(8,4) 61
	[1,0] 2
n328:
	(12,4) 70
	[1,0] 3
n367:
	(16,14) 173
	[0,1] 14
n245:
	(7,36) 131
	[0,3] 10
n212:
	(4,21) 134
	[0,1] 7
n7[5]+1:
	(2,2) 155
	[0,0] 9
n7[5]+2:
	(2,2) 142
	[0,0] 8
n7[5]+3:
	(4,11) 140
	[1,1] 7
n7[5]:
	(7,3) 137
	[1,0] 7
n101:
	(9,57) 163
	[1,0] 7
n293:
	(16,21) 36
	[0,1] 1
n306:
	(3,19) 33
	[0,0] 1
n11[9]+1:
	(2,2) 242
	[0,0] 10
n11[9]+2:
	(2,2) 215
	[0,0] 8
n11[9]+3:
	(4,25) 213
	[1,2] 7
n11[9]:
	(7,3) 210
	[1,0] 7
n241:
	(9,10) 148
	[1,0] 11
n120:
	(4,8) 89
	[0,1] 5
n309:
	(3,19) 33
	[0,0] 1
n19:
	(15,4) 119
	[2,0] 5
n86:
	(9,27) 193
	[1,0] 7
n8[39]:
	(3,3) 62
	[0,0] 2
n258:
	(11,17) 121
	[0,1] 9
n44:
	(4,15) 183
	[0,2] 15
n227:
	(10,14) 66
	[0,1] 2
n272:
	(3,14) 137
	[0,0] 11
n11[14]+1:
	(2,2) 159
	[0,0] 9
n11[14]+2:
	(2,2) 132
	[0,0] 7
n11[14]+3:
	(4,25) 130
	[1,2] 6
n11[14]:
	(7,3) 127
	[1,0] 6
n50:
	(4,17) 168
	[0,2] 13
n387:
	(8,8) 57
	[0,0] 2
n9[0]+1:
	(2,2) 42
	[0,0] 2
n9[0]+2:
	(2,2) 31
	[0,0] 1
n9[0]+3:
	(4,9) 29
	[1,1] 0
n9[0]:
	(7,3) 26
	[1,0] 0
n233:
	(4,19) 66
	[0,2] 3
n147:
	(4,8) 76
	[0,1] 2
n42:
	(4,8) 188
	[0,1] 12
n8[32]:
	(3,3) 62
	[0,0] 2
n21:
	(31,5) 186
	[4,0] 13
n6[2]+1:
	(2,2) 56
	[0,0] 2
n6[2]+2:
	(2,2) 31
	[0,0] 1
n6[2]+3:
	(4,23) 29
	[1,1] 0
n6[2]:
	(7,3) 26
	[1,0] 0
n211:
	(22,5) 106
	[1,0] 5
n313:
	(3,19) 33
	[0,0] 1
n34:
	(9,9) 109
	[1,0] 8
n318:
	(9,43) 73
	[0,2] 2
n8[37]:
	(3,3) 62
	[0,0] 2
n70:
	(4,8) 216
	[0,1] 7
n127:
	(14,18) 140
	[1,0] 7
n100:
	(4,17) 234
	[0,2] 9
n73:
	(4,8) 216
	[0,1] 7
n5[4]+1:
	(2,2) 93
	[0,0] 5
n5[4]+2:
	(2,2) 80
	[0,0] 4
n5[4]+3:
	(4,11) 78
	[1,1] 3
n5[4]:
	(7,3) 75
	[1,0] 3
n12[4]+1:
	(2,2) 136
	[0,0] 10
n12[4]+2:
	(2,2) 116
	[0,0] 9
n12[4]+3:
	(4,18) 114
	[1,1] 8
n12[4]:
	(7,3) 111
	[1,0] 8
n144:
	(15,19) 223
	[1,0] 8
n312:
	(3,19) 33
	[0,0] 1
n252:
	(7,37) 150
	[0,3] 12
n79:
	(4,17) 234
	[0,2] 9
n301:
	(3,19) 33
	[0,0] 1
n15:
	(4,8) 131
	[0,1] 6
n260:
	(11,17) 140
	[0,1] 11
n341:
	(4,8) 78
	[0,1] 4
n222:
	(4,21) 217
	[0,1] 8
n251:
	(7,37) 150
	[0,3] 12
n110:
	(9,75) 146
	[1,0] 7
n11[0]+1:
	(2,2) 50
	[0,0] 3
n11[0]+2:
	(2,2) 31
	[0,0] 1
n11[0]+3:
	(4,17) 29
	[1,2] 0
n11[0]:
	(7,3) 26
	[1,0] 0
n4[14]:
	(29,33) 0
	[0,1] 0
n299:
	(3,19) 33
	[0,0] 1
n302:
	(3,19) 33
	[0,0] 1
n276:
	(55,5) 89
	[5,0] 3
n220:
	(4,21) 217
	[0,1] 8
n203:
	(3,7) 148
	[0,0] 9
n342:
	(4,8) 78
	[0,1] 4
n109:
	(4,17) 151
	[0,2] 8
n240:
	(7,37) 135
	[0,3] 10
n85:
	(4,17) 234
	[0,2] 9
n5[5]+1:
	(2,2) 97
	[0,0] 6
n5[5]+2:
	(2,2) 84
	[0,0] 5
n5[5]+3:
	(4,11) 82
	[1,1] 4
n5[5]:
	(7,3) 79
	[1,0] 4
n33:
	(4,23) 114
	[0,3] 8
n6[1]+1:
	(2,2) 56
	[0,0] 2
n6[1]+2:
	(2,2) 31
	[0,0] 1
n6[1]+3:
	(4,23) 29
	[1,1] 0
n6[1]:
	(7,3) 26
	[1,0] 0
n345:
	(12,4) 116
	[1,0] 5
n137:
	(15,19) 223
	[1,0] 8
n17:
	(15,4) 202
	[2,0] 15
n67:
	(4,8) 216
	[0,1] 7
n40:
	(4,8) 180
	[0,1] 12
n138:
	(15,19) 140
	[1,0] 7
n11[7]+1:
	(2,2) 242
	[0,0] 10
n11[7]+2:
	(2,2) 215
	[0,0] 8
n11[7]+3:
	(4,25) 213
	[1,2] 7
n11[7]:
	(7,3) 210
	[1,0] 7
n7[7]+1:
	(2,2) 155
	[0,0] 9
n7[7]+2:
	(2,2) 142
	[0,0] 8
n7[7]+3:
	(4,11) 140
	[1,1] 7
n7[7]:
	(7,3) 137
	[1,0] 7
n13[6]+1:
	(3,3) 69
	[0,0] 3
n13[6]+2:
	(2,2) 55
	[0,0] 2
n13[6]+3:
	(5,12) 52
	[1,1] 1
n13[6]:
	(8,3) 49
	[1,0] 1
n263:
	(42,5) 102
	[4,0] 4
n13[7]+1:
	(3,3) 70
	[0,0] 3
n13[7]+2:
	(2,2) 55
	[0,0] 2
n13[7]+3:
	(5,13) 52
	[1,1] 1
n13[7]:
	(8,3) 49
	[1,0] 1
n188:
	(9,9) 89
	[0,1] 2
n32:
	(15,4) 103
	[2,0] 7
n4[2]:
	(29,33) 0
	[0,1] 0
n365:
	(18,14) 154
	[0,1] 12
n8[45]:
	(3,3) 61
	[0,0] 2
n159:
	(4,8) 85
	[0,1] 4
n12[6]+1:
	(2,2) 136
	[0,0] 10
n12[6]+2:
	(2,2) 116
	[0,0] 9
n12[6]+3:
	(4,18) 114
	[1,1] 8
n12[6]:
	(7,3) 111
	[1,0] 8
n131:
	(15,19) 153
	[1,0] 12
n58:
	(34,10) 163
	[0,1] 12
n370:
	(58,5) 24
	[4,0] 0
n29:
	(25,4) 109
	[3,0] 4
n7[4]+1:
	(2,2) 159
	[0,0] 10
n7[4]+2:
	(2,2) 146
	[0,0] 9
n7[4]+3:
	(4,11) 144
	[1,1] 8
n7[4]:
	(7,3) 141
	[1,0] 8
n322:
	(30,15) 36
	[2,0] 1
n20:
	(15,4) 202
	[2,0] 15
n275:
	(6,49) 79
	[0,3] 3
n329:
	(12,4) 70
	[1,0] 3
n4[10]:
	(29,33) 0
	[0,1] 0
n7[2]+1:
	(2,2) 159
	[0,0] 10
n7[2]+2:
	(2,2) 146
	[0,0] 9
n7[2]+3:
	(4,11) 144
	[1,1] 8
n7[2]:
	(7,3) 141
	[1,0] 8
n298:
	(3,19) 33
	[0,0] 1
n303:
	(3,19) 33
	[0,0] 1

-----------------------------------
Sum of T(sa0)s: ∞
Sum of T(sa1)s: ∞
Testability index: ∞