0:
	(1,1) ∞
	[0,0] ∞
1:
	(1,1) 64
	[0,0] 7
x:
	(1,1) ∞
	[0,0] ∞
CK:
	(1,1) 22
	[0,0] 2
G0:
	(1,1) 101
	[0,0] 8
G1:
	(1,1) 101
	[0,0] 8
G10:
	(1,1) 38
	[0,0] 3
G11:
	(1,1) 32
	[0,0] 3
G12:
	(1,1) 195
	[0,0] 20
G13:
	(1,1) 32
	[0,0] 2
G14:
	(1,1) 32
	[0,0] 2
G15:
	(1,1) 1
	[0,0] 0
G16:
	(1,1) 210
	[0,0] 20
G2:
	(1,1) 106
	[0,0] 8
G3:
	(1,1) 142
	[0,0] 11
G4:
	(1,1) 142
	[0,0] 11
G5:
	(1,1) 147
	[0,0] 11
G6:
	(1,1) 95
	[0,0] 9
G7:
	(1,1) 87
	[0,0] 8
G8:
	(1,1) 79
	[0,0] 7
G9:
	(1,1) 71
	[0,0] 6
test_se:
	(1,1) 16
	[0,0] 1
test_si:
	(1,1) 186
	[0,0] 20
G727:
	(11,15) 0
	[1,1] 0
tempG713+1:
	(3,42) 25
	[0,3] 3
tempG713+2:
	(10,46) 18
	[1,4] 2
tempG713:
	(43,14) 14
	[3,1] 2
G707:
	(7,14) 16
	[0,1] 2
n147:
	(26,3) 20
	[2,0] 2
n146:
	(13,3) 20
	[1,0] 2
G705:
	(2,37) 8
	[0,3] 1
n150+1:
	(36,77) 22
	[3,6] 2
n150:
	(89,35) 10
	[7,3] 1
n153:
	(34,11) 88
	[3,1] 7
n154:
	(32,24) 98
	[2,2] 8
n156+1:
	(28,3) 132
	[2,0] 10
n156:
	(34,29) 101
	[2,2] 8
n158:
	(44,30) 105
	[3,2] 8
n159:
	(29,3) 146
	[2,0] 11
n155:
	(23,2) 128
	[2,0] 10
n152+1:
	(62,43) 77
	[5,3] 7
n152:
	(76,14) 44
	[6,1] 4
n161:
	(59,36) 103
	[5,3] 9
n162+1:
	(142,27) 154
	[13,2] 13
n162:
	(37,18) 144
	[3,2] 12
n160+1:
	(32,26) 214
	[2,2] 16
n160+2:
	(64,25) 182
	[5,2] 13
n160:
	(97,26) 149
	[7,2] 11
n164:
	(15,24) 231
	[1,2] 17
n151+1:
	(23,12) 115
	[2,1] 11
n151:
	(90,21) 37
	[9,2] 3
n170:
	(20,77) 50
	[2,8] 4
n172:
	(76,10) 60
	[8,1] 5
n171:
	(91,9) 61
	[11,1] 5
G702+1:
	(22,49) 35
	[2,4] 3
G702+2:
	(12,34) 50
	[1,3] 4
G702:
	(13,84) 0
	[1,7] 0
n176:
	(11,22) 62
	[1,2] 5
n177:
	(10,99) 74
	[1,12] 6
n175:
	(223,11) 73
	[27,1] 6
n174+1:
	(113,11) 73
	[16,1] 6
n174:
	(21,21) 63
	[2,2] 5
n173+1:
	(63,11) 89
	[8,1] 8
n173:
	(43,27) 57
	[4,2] 5
G693+1:
	(8,15) 20
	[0,1] 2
G693:
	(19,3) 16
	[1,0] 2
n183+1:
	(23,11) 28
	[2,1] 2
n183:
	(14,3) 25
	[1,0] 2
n182:
	(25,4) 24
	[2,0] 2
G687+1:
	(8,15) 28
	[0,1] 3
G687:
	(19,3) 24
	[1,0] 3
n186+1:
	(23,11) 36
	[2,1] 3
n186:
	(14,3) 33
	[1,0] 3
n185:
	(24,4) 32
	[2,0] 3
G682+1:
	(16,15) 18
	[1,1] 1
G682:
	(19,3) 14
	[1,0] 1
n184:
	(3,13) 31
	[0,1] 2
n187:
	(22,11) 23
	[2,1] 1
G675:
	(7,26) 22
	[0,3] 2
n189:
	(31,3) 26
	[4,0] 2
n188:
	(25,3) 26
	[3,0] 2
G669:
	(7,21) 30
	[0,2] 3
n191:
	(26,3) 34
	[3,0] 3
n190:
	(20,3) 34
	[2,0] 3
G663:
	(7,14) 38
	[0,1] 4
n193:
	(21,3) 42
	[2,0] 4
n148:
	(2,4) 42
	[0,0] 4
n192:
	(13,3) 42
	[1,0] 4
n149:
	(2,3) 30
	[0,0] 3
G657:
	(2,3) 30
	[0,0] 2
G613:
	(6,5) 51
	[0,0] 4
n195:
	(26,3) 54
	[2,0] 4
n194:
	(4,2) 55
	[0,0] 4
G608:
	(6,5) 59
	[0,0] 5
n198:
	(26,3) 62
	[2,0] 5
n197:
	(4,2) 63
	[0,0] 5
G590:
	(13,61) 56
	[1,5] 5
n199:
	(45,36) 72
	[4,3] 6
n201:
	(10,44) 98
	[1,4] 8
n202:
	(26,150) 116
	[2,14] 10
G577:
	(6,5) 64
	[0,0] 6
n205:
	(26,3) 67
	[2,0] 6
n204:
	(4,2) 68
	[0,0] 6
G573:
	(6,5) 72
	[0,0] 7
n207:
	(26,3) 75
	[2,0] 7
n206:
	(4,2) 76
	[0,0] 7
G569:
	(6,5) 80
	[0,0] 8
n209:
	(26,3) 83
	[2,0] 8
n208:
	(4,2) 84
	[0,0] 8
G565:
	(6,5) 88
	[0,0] 9
n211:
	(26,3) 91
	[2,0] 9
n210:
	(4,2) 92
	[0,0] 9
n196:
	(13,2) 57
	[1,0] 4
n212:
	(14,11) 59
	[1,1] 4
G548:
	(13,127) 96
	[1,9] 10
n214:
	(111,90) 112
	[8,7] 11
G541+1:
	(22,115) 121
	[2,11] 12
G541:
	(14,132) 104
	[1,12] 11
tempn215+1:
	(64,11) 275
	[9,1] 24
tempn215:
	(112,28) 174
	[9,2] 16
n216:
	(21,34) 202
	[2,5] 18
n217:
	(130,11) 212
	[12,1] 19
G536:
	(13,71) 112
	[1,7] 12
n219:
	(55,36) 128
	[6,3] 13
G531+1:
	(22,51) 137
	[2,5] 14
G531:
	(14,68) 120
	[1,6] 13
n218+1:
	(44,11) 226
	[5,1] 21
n218:
	(99,26) 138
	[8,2] 14
n220:
	(21,24) 164
	[2,3] 16
n221:
	(107,11) 174
	[9,1] 17
G526:
	(13,59) 128
	[1,5] 14
n223:
	(43,34) 144
	[4,3] 15
n222+1:
	(40,60) 110
	[3,5] 9
n222:
	(86,24) 84
	[7,2] 7
n225+1:
	(24,11) 157
	[2,1] 13
n225:
	(23,25) 145
	[2,2] 12
n226:
	(251,11) 157
	[32,1] 13
n224:
	(59,14) 136
	[5,1] 11
n228:
	(34,26) 169
	[3,2] 14
n200:
	(15,12) 102
	[1,1] 9
n231:
	(11,2) 115
	[1,0] 10
G503+1:
	(5,17) 88
	[0,1] 7
G503:
	(21,6) 84
	[1,0] 7
n234:
	(28,3) 102
	[2,0] 8
n233:
	(57,2) 91
	[4,0] 7
n232:
	(16,2) 91
	[1,0] 7
G498+1:
	(5,17) 83
	[0,1] 7
G498:
	(21,6) 79
	[1,0] 7
n240:
	(28,3) 97
	[2,0] 8
n239:
	(57,2) 86
	[4,0] 7
n238:
	(16,2) 86
	[1,0] 7
G494+1:
	(5,17) 83
	[0,1] 7
G494:
	(21,6) 79
	[1,0] 7
n243:
	(28,3) 97
	[2,0] 8
n242:
	(57,2) 86
	[4,0] 7
n236:
	(10,55) 88
	[1,4] 7
n241:
	(16,2) 86
	[1,0] 7
n237:
	(16,14) 88
	[1,1] 7
n235:
	(14,2) 100
	[1,0] 8
G477+1:
	(21,99) 128
	[2,10] 11
G477:
	(4,143) 84
	[0,14] 7
n245:
	(20,87) 140
	[2,9] 12
n246:
	(106,10) 150
	[10,1] 13
n244+1:
	(168,10) 241
	[17,1] 22
n244:
	(193,11) 216
	[19,1] 20
G469:
	(3,77) 84
	[0,7] 7
n248:
	(34,33) 127
	[3,3] 11
G464+1:
	(22,101) 123
	[2,10] 11
G464:
	(4,145) 79
	[0,14] 7
n247+1:
	(150,11) 150
	[15,1] 13
n247:
	(24,23) 137
	[2,2] 12
n249:
	(21,77) 147
	[2,8] 13
n251:
	(85,11) 157
	[8,1] 14
G459:
	(3,66) 79
	[0,6] 7
n252:
	(23,33) 122
	[2,3] 11
n250:
	(22,12) 133
	[2,1] 12
n253:
	(164,11) 144
	[16,1] 13
n255:
	(23,11) 291
	[2,1] 25
G451:
	(8,110) 87
	[0,9] 8
n257:
	(115,4) 91
	[9,0] 8
n256:
	(109,3) 92
	[10,0] 8
G447:
	(7,54) 95
	[0,4] 9
n259:
	(64,2) 100
	[5,0] 9
G441:
	(9,102) 84
	[0,8] 8
n261:
	(105,4) 89
	[8,0] 8
n258:
	(3,52) 99
	[0,4] 9
n260:
	(101,4) 89
	[9,0] 8
G438:
	(3,44) 92
	[0,3] 8
n263:
	(41,46) 95
	[3,4] 8
n143:
	(39,34) 28
	[3,3] 3
n265:
	(33,24) 43
	[3,2] 4
n266:
	(23,20) 56
	[2,2] 5
n268:
	(68,11) 68
	[9,1] 6
n267:
	(19,11) 68
	[2,1] 6
n264:
	(42,14) 53
	[4,1] 5
G427+1:
	(22,93) 83
	[2,11] 7
G427:
	(2,95) 81
	[0,11] 7
n178+1:
	(156,9) 164
	[19,1] 17
n178:
	(73,11) 100
	[8,1] 10
n269:
	(21,81) 95
	[2,10] 8
G424:
	(3,91) 89
	[0,10] 8
n272:
	(77,21) 103
	[9,2] 9
n274:
	(10,135) 114
	[1,15] 10
G416:
	(3,88) 97
	[0,9] 9
n275:
	(74,21) 111
	[8,2] 10
n273:
	(13,2) 167
	[1,0] 17
n271:
	(140,11) 105
	[16,1] 9
G408+1:
	(21,78) 82
	[2,8] 7
G408:
	(2,80) 80
	[0,8] 7
n276:
	(20,66) 94
	[2,7] 8
G405:
	(3,75) 88
	[0,7] 8
n278:
	(62,21) 101
	[6,2] 9
n280:
	(10,81) 112
	[1,7] 10
G397:
	(3,48) 96
	[0,4] 9
n279:
	(12,2) 132
	[1,0] 12
n282:
	(35,47) 109
	[3,4] 10
G392:
	(3,71) 104
	[0,7] 10
n283:
	(57,21) 118
	[6,2] 11
G384+1:
	(22,63) 127
	[2,6] 12
G384:
	(4,78) 112
	[0,7] 11
n285:
	(10,108) 129
	[1,10] 12
n286:
	(21,51) 139
	[2,5] 13
G379+1:
	(34,23) 135
	[3,2] 13
G379:
	(4,38) 120
	[0,3] 12
n284:
	(13,2) 145
	[1,0] 14
n287:
	(33,11) 147
	[3,1] 14
G373:
	(5,68) 128
	[0,7] 13
n291:
	(53,21) 143
	[6,2] 14
G365+1:
	(21,60) 150
	[2,6] 15
G365:
	(4,74) 136
	[0,7] 14
n292+1:
	(90,10) 164
	[9,1] 16
n292:
	(101,11) 153
	[10,1] 15
n293:
	(20,48) 162
	[2,5] 16
n296:
	(53,10) 172
	[5,1] 17
G360:
	(5,35) 144
	[0,3] 15
n294:
	(3,13) 166
	[0,1] 17
n270:
	(10,63) 110
	[1,7] 11
n297:
	(20,31) 159
	[2,3] 16
n295:
	(10,21) 163
	[1,2] 17
n254:
	(10,152) 150
	[1,15] 14
n277:
	(86,10) 104
	[8,1] 9
n281:
	(25,37) 119
	[2,3] 11
n299+1:
	(67,10) 169
	[7,1] 15
n299:
	(91,11) 145
	[9,1] 13
n298:
	(24,25) 131
	[2,2] 12
n169:
	(31,12) 64
	[3,1] 6
n300+1:
	(19,18) 78
	[2,2] 7
n300+2:
	(117,2) 94
	[11,0] 9
n300:
	(21,20) 75
	[2,2] 7
n203+1:
	(52,24) 159
	[5,2] 15
n203+2:
	(61,24) 150
	[6,2] 14
n203:
	(114,25) 97
	[11,2] 9
n305:
	(20,23) 191
	[2,2] 18
n304:
	(20,23) 191
	[2,2] 18
n303:
	(20,23) 191
	[2,2] 18
n302:
	(20,23) 191
	[2,2] 18
n301:
	(31,38) 180
	[3,3] 17
n306+1:
	(19,13) 205
	[2,1] 19
n306+2:
	(19,13) 205
	[2,1] 19
n306:
	(27,20) 191
	[2,2] 18
G321:
	(8,49) 152
	[0,5] 16
n308:
	(66,4) 156
	[7,0] 16
n307:
	(48,3) 157
	[5,0] 16
G315:
	(8,44) 160
	[0,4] 17
n312:
	(61,4) 164
	[6,0] 17
n311:
	(43,3) 165
	[4,0] 17
G309:
	(8,39) 168
	[0,3] 18
n314:
	(56,4) 172
	[5,0] 18
n313:
	(38,3) 173
	[3,0] 18
G303:
	(7,16) 176
	[0,1] 19
n316:
	(51,4) 179
	[4,0] 19
n309:
	(3,26) 196
	[0,2] 21
n315:
	(15,2) 181
	[1,0] 19
n310:
	(2,13) 183
	[0,1] 19
n317:
	(23,11) 185
	[2,1] 19
n288:
	(113,11) 147
	[11,1] 14
n289:
	(10,56) 148
	[1,5] 14
G260:
	(13,93) 165
	[1,10] 14
n319:
	(77,21) 181
	[9,2] 15
G252+1:
	(21,73) 190
	[2,8] 16
G252:
	(14,90) 173
	[1,9] 15
n320+1:
	(116,10) 234
	[13,1] 19
n320:
	(159,11) 191
	[16,1] 16
n321:
	(20,61) 202
	[2,7] 17
n323:
	(98,10) 212
	[9,1] 18
G247:
	(13,68) 181
	[1,5] 16
n324:
	(52,26) 197
	[4,2] 17
G242+1:
	(22,68) 206
	[2,7] 18
G242:
	(14,85) 189
	[1,8] 17
n322+1:
	(98,11) 238
	[11,1] 20
n322:
	(42,16) 207
	[3,1] 18
n325:
	(21,51) 223
	[2,6] 19
n327:
	(77,11) 233
	[7,1] 20
G237:
	(13,57) 197
	[1,4] 18
n328:
	(41,26) 213
	[3,2] 19
n326:
	(15,30) 219
	[1,2] 19
G328BF:
	(6,14) 178
	[0,1] 19
n331:
	(13,2) 182
	[1,0] 19
G332BF:
	(12,11) 184
	[1,1] 19
n333:
	(25,2) 194
	[2,0] 20
n332:
	(10,9) 187
	[1,1] 19
n334+1:
	(12,2) 226
	[1,0] 23
n334+2:
	(31,25) 207
	[3,2] 21
n334:
	(44,3) 194
	[4,0] 20
n330:
	(14,3) 181
	[2,0] 19
n329+1:
	(74,11) 208
	[9,1] 20
n329+2:
	(54,11) 208
	[5,1] 20
n329:
	(23,55) 196
	[2,5] 19
n318:
	(15,12) 234
	[1,1] 20
n335:
	(11,2) 247
	[1,0] 21
n230:
	(13,12) 102
	[1,1] 8
n213:
	(42,2) 13
	[4,0] 1
n262+1:
	(39,24) 40
	[4,2] 3
n262+2:
	(44,24) 40
	[4,2] 3
n262:
	(49,40) 15
	[4,4] 1
n339:
	(34,24) 60
	[3,2] 5
n340+1:
	(19,14) 80
	[2,1] 7
n340:
	(24,14) 70
	[2,1] 6
n338:
	(23,19) 65
	[2,2] 5
n337:
	(23,19) 60
	[2,2] 5
n336:
	(23,19) 60
	[2,2] 5
G218:
	(3,45) 121
	[0,4] 12
n341:
	(42,37) 124
	[4,3] 12
G214:
	(3,35) 100
	[0,3] 9
n342:
	(32,37) 103
	[3,3] 9
n343:
	(10,61) 130
	[1,6] 11
G208:
	(3,23) 100
	[0,2] 9
n347:
	(20,33) 103
	[2,3] 9
G198:
	(3,36) 95
	[0,3] 9
n348:
	(33,34) 98
	[3,3] 9
G193+1:
	(24,47) 105
	[2,4] 10
G193:
	(2,49) 103
	[0,4] 10
n229+1:
	(41,11) 120
	[5,1] 11
n229:
	(23,24) 108
	[2,2] 10
n349:
	(34,22) 130
	[3,2] 12
n362:
	(21,24) 140
	[2,2] 13
G189:
	(3,23) 111
	[0,2] 11
n365:
	(20,32) 114
	[2,3] 11
n355:
	(23,11) 120
	[2,1] 11
n379:
	(73,11) 132
	[8,1] 12
n181:
	(26,31) 69
	[2,3] 6
n344:
	(25,21) 79
	[2,2] 7
n290:
	(10,23) 90
	[1,2] 8
G175:
	(3,13) 87
	[0,1] 8
G166:
	(3,70) 90
	[0,9] 8
n380:
	(67,23) 93
	[9,2] 8
n179:
	(12,206) 90
	[1,25] 8
n381:
	(10,66) 106
	[1,9] 9
G159+1:
	(22,63) 100
	[2,8] 9
G159:
	(2,65) 98
	[0,8] 9
n227:
	(10,194) 102
	[1,24] 9
n382:
	(21,51) 112
	[2,7] 10
G154+1:
	(21,58) 108
	[2,7] 10
G154:
	(2,60) 106
	[0,7] 10
n383+1:
	(86,10) 179
	[11,1] 17
n383:
	(143,11) 122
	[17,1] 11
n384:
	(20,46) 120
	[2,6] 11
n386:
	(97,10) 130
	[11,1] 12
G149:
	(3,55) 114
	[0,6] 11
n387:
	(52,21) 117
	[6,2] 11
G144+1:
	(35,33) 124
	[3,3] 12
G144:
	(2,35) 122
	[0,3] 12
n385+1:
	(44,10) 139
	[5,1] 13
n385:
	(56,11) 127
	[6,1] 12
n388:
	(34,21) 136
	[3,2] 13
n390:
	(20,24) 146
	[2,2] 14
G140:
	(3,23) 130
	[0,2] 13
n391:
	(20,32) 133
	[2,3] 13
n389:
	(11,23) 142
	[1,2] 14
n392:
	(113,11) 154
	[16,1] 15
G129:
	(3,53) 138
	[0,8] 14
n393:
	(50,22) 141
	[8,2] 14
G125:
	(3,46) 146
	[0,7] 15
n394:
	(43,21) 149
	[7,2] 15
n180:
	(11,74) 112
	[1,9] 13
n395:
	(9,42) 161
	[1,7] 16
G118+1:
	(45,39) 156
	[4,4] 16
G118:
	(2,41) 154
	[0,4] 16
n396:
	(65,10) 121
	[8,1] 14
n397:
	(44,28) 167
	[4,3] 17
G113+1:
	(29,58) 164
	[3,6] 17
G113:
	(2,60) 162
	[0,6] 17
n398+1:
	(33,11) 175
	[5,1] 20
n398:
	(37,34) 149
	[3,3] 18
n399:
	(28,23) 199
	[4,3] 20
n400:
	(35,18) 209
	[3,3] 21
G109:
	(3,37) 170
	[0,3] 18
n401:
	(34,42) 173
	[3,4] 18
n157:
	(42,25) 114
	[3,2] 10
n403:
	(52,26) 130
	[4,2] 11
n404:
	(77,26) 156
	[8,2] 13
n406:
	(25,61) 172
	[2,7] 14
n407:
	(98,15) 182
	[9,1] 15
n405:
	(40,15) 218
	[3,1] 20
n167:
	(14,14) 241
	[1,1] 18
n410:
	(73,11) 244
	[8,1] 18
n409:
	(13,2) 253
	[1,0] 19
n408:
	(83,25) 197
	[8,2] 16
n412+1:
	(86,24) 225
	[8,2] 18
n412:
	(36,67) 213
	[3,7] 17
n415:
	(66,11) 238
	[7,1] 19
n414+1:
	(59,11) 263
	[6,1] 21
n414:
	(23,60) 251
	[2,6] 20
n413+1:
	(63,11) 311
	[6,1] 26
n413:
	(36,25) 286
	[3,2] 24
n165:
	(24,24) 222
	[2,2] 16
n419:
	(14,14) 232
	[1,1] 17
n421:
	(58,11) 235
	[5,1] 17
n420:
	(13,2) 244
	[1,0] 18
n163:
	(15,25) 231
	[1,2] 17
n416:
	(14,14) 242
	[1,1] 18
n423:
	(63,11) 245
	[6,1] 18
n422:
	(13,2) 254
	[1,0] 19
n168:
	(24,15) 231
	[2,1] 17
n424:
	(14,14) 241
	[1,1] 18
n417:
	(13,2) 253
	[1,0] 19
n418:
	(68,11) 244
	[7,1] 18
n166:
	(24,24) 158
	[2,2] 13
n402:
	(24,15) 141
	[2,1] 12
n425:
	(14,14) 151
	[1,1] 13
n427:
	(78,11) 154
	[9,1] 13
n411+1:
	(12,24) 208
	[1,2] 20
n411:
	(13,38) 194
	[1,3] 19
n145+1:
	(15,12) 61
	[1,1] 6
n145:
	(22,13) 51
	[2,1] 5
n429:
	(11,2) 74
	[1,0] 7
n428:
	(20,12) 64
	[2,1] 6
n144+1:
	(14,14) 61
	[1,1] 6
n144:
	(24,13) 51
	[2,1] 5
n431:
	(13,2) 73
	[1,0] 7
n430:
	(68,11) 64
	[6,1] 6
n426:
	(13,2) 163
	[1,0] 14
n75:
	(10,21) 25
	[1,2] 2
n76:
	(35,40) 106
	[3,3] 8
n77:
	(14,4) 165
	[1,0] 17
n78:
	(64,11) 121
	[7,1] 11
n79:
	(153,11) 149
	[15,1] 14
n80:
	(27,100) 186
	[2,8] 17
n81:
	(25,87) 83
	[2,7] 7
n82:
	(25,24) 179
	[2,2] 15
n83:
	(24,11) 89
	[2,1] 8
n84:
	(3,14) 144
	[0,1] 14
n85:
	(109,11) 179
	[10,1] 17
n86:
	(57,11) 147
	[5,1] 14
n87:
	(195,11) 101
	[24,1] 9
n88:
	(10,11) 40
	[1,1] 3
n89:
	(10,11) 38
	[1,1] 3
n90:
	(13,16) 172
	[1,1] 18
n91:
	(13,16) 247
	[1,1] 23
n92:
	(25,25) 157
	[2,2] 13
n93:
	(16,25) 230
	[1,2] 17
n94:
	(26,16) 358
	[2,1] 31
n95:
	(14,23) 50
	[1,2] 5
n96:
	(14,25) 50
	[1,2] 5
n97:
	(3,15) 99
	[0,1] 8
n98:
	(13,32) 63
	[1,3] 6
n100:
	(10,26) 31
	[1,4] 2
n101:
	(10,21) 30
	[1,3] 2
n102:
	(10,16) 38
	[1,2] 3
n103:
	(14,4) 30
	[1,0] 2
n104:
	(10,11) 34
	[1,1] 2
n105:
	(26,115) 96
	[2,11] 9
n106:
	(10,39) 193
	[1,6] 16
n107:
	(10,34) 201
	[1,5] 19
n108:
	(10,29) 201
	[1,4] 19
n109:
	(10,24) 201
	[1,3] 19
n110:
	(10,19) 201
	[1,2] 19
n111:
	(3,43) 12
	[0,4] 1
n112:
	(53,4) 98
	[4,0] 9
n113:
	(10,77) 223
	[1,8] 20
n114:
	(10,72) 135
	[1,7] 12
n115:
	(10,62) 102
	[1,5] 9
n116:
	(10,57) 75
	[1,5] 7
n117:
	(10,52) 92
	[1,4] 7
n118:
	(80,9) 107
	[10,1] 9
n119:
	(10,76) 114
	[1,9] 10
n120:
	(10,61) 112
	[1,6] 10
n121:
	(10,56) 129
	[1,6] 12
n122:
	(10,39) 183
	[1,5] 18
n123:
	(10,34) 171
	[1,4] 17
n124:
	(10,29) 179
	[1,3] 18
n125:
	(10,24) 187
	[1,2] 19
n126:
	(10,56) 266
	[1,6] 21
n127:
	(10,51) 246
	[1,6] 18
n128:
	(10,46) 229
	[1,5] 20
n129:
	(10,41) 111
	[1,5] 11
n130:
	(35,9) 91
	[4,1] 8
n131:
	(10,31) 130
	[1,4] 12
n132:
	(25,9) 152
	[3,1] 14
n133:
	(10,21) 90
	[1,2] 8
n134:
	(10,56) 80
	[1,8] 7
n135:
	(10,38) 148
	[1,7] 15
n136:
	(10,23) 185
	[1,4] 21
n137:
	(17,9) 199
	[3,1] 23
n138:
	(2,2) 37
	[0,0] 3
G701BF:
	(2,2) 0
	[0,0] 0
n141:
	(2,2) 173
	[0,0] 13
n142:
	(2,2) 158
	[0,0] 12
n139:
	(2,2) 44
	[0,0] 4
n99:
	(11,10) 4
	[1,1] 0
not+se1:
	(2,2) 26
	[0,0] 3
G729+1:
	(3,23) 5
	[0,2] 1
G729+2:
	(2,21) 6
	[0,2] 1
G729+3:
	(6,22) 2
	[0,2] 1
G729:
	(8,24) 0
	[1,3] 0
not+se2:
	(2,2) 28
	[0,0] 3
n539+1:
	(3,17) 13
	[0,1] 2
n539+2:
	(2,16) 14
	[0,2] 2
n539+3:
	(6,17) 10
	[0,1] 2
n539:
	(8,19) 8
	[1,2] 1
n363:
	(20,9) 26
	[2,1] 2
not+se3:
	(2,2) 43
	[0,0] 4
G726+1:
	(3,40) 5
	[0,3] 1
G726+2:
	(2,11) 6
	[0,1] 1
G726+3:
	(6,12) 2
	[0,1] 1
G726:
	(8,14) 0
	[1,2] 0
not+se4:
	(2,2) 17
	[0,0] 2
n538+1:
	(3,6) 13
	[0,0] 2
n538+2:
	(2,11) 14
	[0,1] 2
n538+3:
	(6,7) 10
	[0,0] 2
n538:
	(8,9) 8
	[1,1] 1
n465:
	(10,9) 41
	[1,1] 3
not+se5:
	(2,2) 25
	[0,0] 3
n537+1:
	(3,6) 21
	[0,0] 3
n537+2:
	(2,11) 22
	[0,1] 3
n537+3:
	(6,7) 18
	[0,0] 3
n537:
	(8,9) 16
	[1,1] 2
n458:
	(10,9) 39
	[1,1] 3
not+se6:
	(2,2) 15
	[0,0] 1
n536+1:
	(3,6) 11
	[0,0] 1
n536+2:
	(2,26) 12
	[0,4] 1
n536+3:
	(6,7) 8
	[0,0] 1
n536:
	(8,9) 6
	[1,1] 0
n378:
	(10,9) 5
	[1,1] 0
not+se7:
	(2,2) 46
	[0,0] 5
n535+1:
	(3,29) 19
	[0,3] 2
n535+2:
	(2,21) 20
	[0,3] 2
n535+3:
	(6,22) 16
	[0,3] 2
n535:
	(8,24) 14
	[1,4] 1
n360:
	(25,9) 24
	[4,1] 2
not+se8:
	(2,2) 49
	[0,0] 5
n534+1:
	(3,24) 27
	[0,2] 3
n534+2:
	(2,16) 28
	[0,2] 3
n534+3:
	(6,17) 24
	[0,2] 3
n534:
	(8,19) 22
	[1,3] 2
n433:
	(20,9) 31
	[3,1] 2
not+se9:
	(2,2) 50
	[0,0] 5
n533+1:
	(3,17) 35
	[0,1] 4
n533+2:
	(2,11) 36
	[0,1] 4
n533+3:
	(6,12) 32
	[0,1] 4
n533:
	(8,14) 30
	[1,2] 3
n434:
	(15,9) 39
	[2,1] 3
not+se10:
	(2,2) 44
	[0,0] 3
n532+1:
	(3,6) 40
	[0,0] 3
n532+2:
	(2,13) 41
	[0,1] 3
n532+3:
	(6,7) 37
	[0,0] 3
n532:
	(8,9) 35
	[1,1] 2
n432:
	(10,9) 34
	[1,1] 2
not+se11:
	(2,2) 54
	[0,0] 4
n531+1:
	(3,8) 48
	[0,0] 4
n531+2:
	(2,13) 49
	[0,1] 4
n531+3:
	(6,9) 45
	[0,0] 4
n531:
	(8,11) 43
	[1,1] 3
n370:
	(12,9) 64
	[1,1] 5
not+se12:
	(2,2) 62
	[0,0] 5
n530+1:
	(3,8) 56
	[0,0] 5
n530+2:
	(2,18) 57
	[0,2] 5
n530+3:
	(6,9) 53
	[0,0] 5
n530:
	(8,11) 51
	[1,1] 4
n371:
	(12,9) 66
	[1,1] 6
not+se13:
	(2,2) 115
	[0,0] 10
n529+1:
	(3,64) 53
	[0,5] 5
n529+2:
	(2,13) 54
	[0,1] 5
n529+3:
	(6,14) 50
	[0,1] 5
n529:
	(8,16) 48
	[1,2] 4
n345:
	(17,9) 47
	[2,1] 4
not+se14:
	(2,2) 67
	[0,0] 6
n528+1:
	(3,8) 61
	[0,0] 6
n528+2:
	(2,13) 62
	[0,1] 6
n528+3:
	(6,9) 58
	[0,0] 6
n528:
	(8,11) 56
	[1,1] 5
n444:
	(12,9) 81
	[1,1] 7
not+se15:
	(2,2) 75
	[0,0] 7
n527+1:
	(3,8) 69
	[0,0] 7
n527+2:
	(2,13) 70
	[0,1] 7
n527+3:
	(6,9) 66
	[0,0] 7
n527:
	(8,11) 64
	[1,1] 6
n445:
	(12,9) 89
	[1,1] 8
not+se16:
	(2,2) 83
	[0,0] 8
n526+1:
	(3,8) 77
	[0,0] 8
n526+2:
	(2,13) 78
	[0,1] 8
n526+3:
	(6,9) 74
	[0,0] 8
n526:
	(8,11) 72
	[1,1] 7
n446:
	(12,9) 97
	[1,1] 9
not+se17:
	(2,2) 91
	[0,0] 9
n525+1:
	(3,8) 85
	[0,0] 9
n525+2:
	(2,39) 86
	[0,6] 9
n525+3:
	(6,9) 82
	[0,0] 9
n525:
	(8,11) 80
	[1,1] 8
n447:
	(12,9) 105
	[1,1] 10
not+se18:
	(2,2) 221
	[0,0] 19
n524+1:
	(3,130) 93
	[0,9] 10
n524+2:
	(2,34) 94
	[0,5] 10
n524+3:
	(6,35) 90
	[0,5] 10
n524:
	(8,37) 88
	[1,6] 9
n472:
	(38,9) 193
	[6,1] 16
not+se19:
	(2,2) 234
	[0,0] 23
n523+1:
	(3,135) 101
	[0,12] 11
n523+2:
	(2,29) 102
	[0,4] 11
n523+3:
	(6,30) 98
	[0,4] 11
n523:
	(8,32) 96
	[1,5] 10
n369:
	(33,9) 202
	[5,1] 19
not+se20:
	(2,2) 181
	[0,0] 19
n522+1:
	(3,74) 109
	[0,7] 12
n522+2:
	(2,24) 110
	[0,3] 12
n522+3:
	(6,25) 106
	[0,3] 12
n522:
	(8,27) 104
	[1,4] 11
n471:
	(28,9) 155
	[4,1] 15
not+se21:
	(2,2) 186
	[0,0] 19
n521+1:
	(3,71) 117
	[0,6] 13
n521+2:
	(2,19) 118
	[0,2] 13
n521+3:
	(6,20) 114
	[0,2] 13
n521:
	(8,22) 112
	[1,3] 12
n356:
	(23,9) 176
	[3,1] 17
not+se22:
	(2,2) 185
	[0,0] 19
n520+1:
	(3,62) 125
	[0,5] 14
n520+2:
	(2,14) 126
	[0,1] 14
n520+3:
	(6,15) 122
	[0,1] 14
n520:
	(8,17) 120
	[1,2] 13
n346:
	(18,9) 169
	[2,1] 17
not+se23:
	(2,2) 88
	[0,0] 7
n519+1:
	(3,9) 81
	[0,0] 7
n519+2:
	(2,14) 82
	[0,1] 7
n519+3:
	(6,10) 78
	[0,0] 7
n519:
	(8,12) 76
	[1,1] 6
n452:
	(13,9) 75
	[1,1] 6
not+se24:
	(2,2) 83
	[0,0] 7
n518+1:
	(3,9) 76
	[0,0] 7
n518+2:
	(2,14) 77
	[0,1] 7
n518+3:
	(6,10) 73
	[0,0] 7
n518:
	(8,12) 71
	[1,1] 6
n451:
	(13,9) 70
	[1,1] 6
not+se25:
	(2,2) 83
	[0,0] 7
n517+1:
	(3,9) 76
	[0,0] 7
n517+2:
	(2,87) 77
	[0,9] 7
n517+3:
	(6,10) 73
	[0,0] 7
n517:
	(8,12) 71
	[1,1] 6
n450:
	(13,9) 70
	[1,1] 6
not+se26:
	(2,2) 225
	[0,0] 21
n516+1:
	(3,146) 81
	[0,14] 7
n516+2:
	(2,82) 82
	[0,8] 7
n516+3:
	(6,83) 78
	[0,8] 7
n516:
	(8,85) 76
	[1,9] 6
n372:
	(86,9) 75
	[9,1] 6
not+se27:
	(2,2) 159
	[0,0] 14
n515+1:
	(3,80) 81
	[0,7] 7
n515+2:
	(2,77) 82
	[0,8] 7
n515+3:
	(6,78) 78
	[0,7] 7
n515:
	(8,80) 76
	[1,8] 6
n351:
	(81,9) 75
	[8,1] 6
not+se28:
	(2,2) 222
	[0,0] 21
n514+1:
	(3,148) 76
	[0,14] 7
n514+2:
	(2,72) 77
	[0,7] 7
n514+3:
	(6,73) 73
	[0,7] 7
n514:
	(8,75) 71
	[1,8] 6
n358:
	(76,9) 70
	[8,1] 6
not+se29:
	(2,2) 143
	[0,0] 13
n513+1:
	(3,69) 76
	[0,6] 7
n513+2:
	(2,67) 77
	[0,6] 7
n513+3:
	(6,68) 73
	[0,6] 7
n513:
	(8,70) 71
	[1,7] 6
n352:
	(71,9) 70
	[7,1] 6
not+se30:
	(2,2) 195
	[0,0] 17
n512+1:
	(3,113) 84
	[0,9] 8
n512+2:
	(2,62) 85
	[0,5] 8
n512+3:
	(6,63) 81
	[0,5] 8
n512:
	(8,65) 79
	[1,6] 7
n366:
	(66,9) 88
	[6,1] 8
not+se31:
	(2,2) 147
	[0,0] 13
n511+1:
	(3,57) 92
	[0,4] 9
n511+2:
	(2,57) 93
	[0,5] 9
n511+3:
	(6,58) 89
	[0,4] 9
n511:
	(8,60) 87
	[1,5] 8
n435:
	(61,9) 103
	[5,1] 9
not+se32:
	(2,2) 184
	[0,0] 16
n510+1:
	(3,105) 81
	[0,8] 8
n510+2:
	(2,52) 82
	[0,4] 8
n510+3:
	(6,53) 78
	[0,4] 8
n510:
	(8,55) 76
	[1,5] 7
n473:
	(56,9) 75
	[5,1] 7
not+se33:
	(2,2) 134
	[0,0] 11
n509+1:
	(3,47) 89
	[0,3] 8
n509+2:
	(2,81) 90
	[0,10] 8
n509+3:
	(6,48) 86
	[0,3] 8
n509:
	(8,50) 84
	[1,4] 7
n350:
	(51,9) 92
	[4,1] 7
not+se34:
	(2,2) 174
	[0,0] 18
n436+1:
	(3,98) 78
	[0,11] 7
n436+2:
	(2,76) 79
	[0,9] 7
n436+3:
	(6,77) 75
	[0,9] 7
n436:
	(8,79) 73
	[1,10] 6
not+se35:
	(2,2) 178
	[0,0] 18
n508+1:
	(3,94) 86
	[0,10] 8
n508+2:
	(2,71) 87
	[0,8] 8
n508+3:
	(6,72) 83
	[0,8] 8
n508:
	(8,74) 81
	[1,9] 7
n437:
	(75,9) 115
	[9,1] 10
not+se36:
	(2,2) 183
	[0,0] 18
n507+1:
	(3,91) 94
	[0,9] 9
n507+2:
	(2,66) 95
	[0,7] 9
n507+3:
	(6,67) 91
	[0,7] 9
n507:
	(8,69) 89
	[1,8] 8
n438:
	(70,9) 123
	[8,1] 11
not+se37:
	(2,2) 158
	[0,0] 15
n506+1:
	(3,83) 77
	[0,8] 7
n506+2:
	(2,61) 78
	[0,6] 7
n506+3:
	(6,62) 74
	[0,6] 7
n506:
	(8,64) 72
	[1,7] 6
n361:
	(65,9) 71
	[7,1] 6
not+se38:
	(2,2) 161
	[0,0] 15
n505+1:
	(3,78) 85
	[0,7] 8
n505+2:
	(2,56) 86
	[0,5] 8
n505+3:
	(6,57) 82
	[0,5] 8
n505:
	(8,59) 80
	[1,6] 7
n443:
	(60,9) 113
	[6,1] 10
not+se39:
	(2,2) 142
	[0,0] 13
n504+1:
	(3,51) 93
	[0,4] 9
n504+2:
	(2,56) 94
	[0,6] 9
n504+3:
	(6,52) 90
	[0,4] 9
n504:
	(8,54) 88
	[1,5] 8
n439:
	(55,9) 135
	[5,1] 12
not+se40:
	(2,2) 173
	[0,0] 17
n503+1:
	(3,74) 101
	[0,7] 10
n503+2:
	(2,51) 102
	[0,5] 10
n503+3:
	(6,52) 98
	[0,5] 10
n503:
	(8,54) 96
	[1,6] 9
n448:
	(55,9) 130
	[6,1] 12
not+se41:
	(2,2) 188
	[0,0] 18
n502+1:
	(3,81) 109
	[0,7] 11
n502+2:
	(2,46) 110
	[0,4] 11
n502+3:
	(6,47) 106
	[0,4] 11
n502:
	(8,49) 104
	[1,5] 10
n440:
	(50,9) 151
	[5,1] 14
not+se42:
	(2,2) 156
	[0,0] 15
n501+1:
	(3,41) 117
	[0,3] 12
n501+2:
	(2,53) 118
	[0,6] 12
n501+3:
	(6,42) 114
	[0,3] 12
n501:
	(8,44) 112
	[1,4] 11
n449:
	(45,9) 159
	[4,1] 15
not+se43:
	(2,2) 194
	[0,0] 20
n500+1:
	(3,71) 125
	[0,7] 13
n500+2:
	(2,48) 126
	[0,5] 13
n500+3:
	(6,49) 122
	[0,5] 13
n500:
	(8,51) 120
	[1,6] 12
n442:
	(52,9) 121
	[6,1] 12
not+se44:
	(2,2) 208
	[0,0] 21
n499+1:
	(3,77) 133
	[0,7] 14
n499+2:
	(2,43) 134
	[0,4] 14
n499+3:
	(6,44) 130
	[0,4] 14
n499:
	(8,46) 128
	[1,5] 13
n373:
	(47,9) 173
	[5,1] 17
not+se45:
	(2,2) 177
	[0,0] 18
n498+1:
	(3,38) 141
	[0,3] 15
n498+2:
	(2,39) 142
	[0,5] 15
n498+3:
	(6,39) 138
	[0,3] 15
n498:
	(8,41) 136
	[1,4] 14
n441:
	(42,9) 170
	[4,1] 17
not+se46:
	(2,2) 199
	[0,0] 21
n497+1:
	(3,52) 149
	[0,5] 16
n497+2:
	(2,34) 150
	[0,4] 16
n497+3:
	(6,35) 146
	[0,4] 16
n497:
	(8,37) 144
	[1,5] 15
n456:
	(38,9) 184
	[5,1] 18
not+se47:
	(2,2) 202
	[0,0] 21
n496+1:
	(3,47) 157
	[0,4] 17
n496+2:
	(2,29) 158
	[0,3] 17
n496+3:
	(6,30) 154
	[0,3] 17
n496:
	(8,32) 152
	[1,4] 16
n455:
	(33,9) 172
	[4,1] 17
not+se48:
	(2,2) 205
	[0,0] 21
n495+1:
	(3,42) 165
	[0,3] 18
n495+2:
	(2,24) 166
	[0,2] 18
n495+3:
	(6,25) 162
	[0,2] 18
n495:
	(8,27) 160
	[1,3] 17
n454:
	(28,9) 180
	[3,1] 18
not+se49:
	(2,2) 190
	[0,0] 20
n494+1:
	(3,19) 173
	[0,1] 19
n494+2:
	(2,66) 174
	[0,8] 19
n494+3:
	(6,20) 170
	[0,1] 19
n494:
	(8,22) 168
	[1,2] 18
n453:
	(23,9) 188
	[2,1] 19
not+se50:
	(2,2) 256
	[0,0] 24
n493+1:
	(3,96) 162
	[0,10] 14
n493+2:
	(2,61) 163
	[0,7] 14
n493+3:
	(6,62) 159
	[0,7] 14
n493:
	(8,64) 157
	[1,8] 13
n357:
	(65,9) 156
	[8,1] 13
not+se51:
	(2,2) 261
	[0,0] 24
n492+1:
	(3,93) 170
	[0,9] 15
n492+2:
	(2,56) 171
	[0,6] 15
n492+3:
	(6,57) 167
	[0,6] 15
n492:
	(8,59) 165
	[1,7] 14
n354:
	(60,9) 188
	[7,1] 15
not+se52:
	(2,2) 247
	[0,0] 21
n491+1:
	(3,71) 178
	[0,5] 16
n491+2:
	(2,51) 179
	[0,6] 16
n491+3:
	(6,52) 175
	[0,5] 16
n491:
	(8,54) 173
	[1,6] 15
n470:
	(55,9) 214
	[6,1] 18
not+se53:
	(2,2) 272
	[0,0] 25
n490+1:
	(3,88) 186
	[0,8] 17
n490+2:
	(2,46) 187
	[0,5] 17
n490+3:
	(6,47) 183
	[0,5] 17
n490:
	(8,49) 181
	[1,6] 16
n353:
	(50,9) 235
	[6,1] 18
not+se54:
	(2,2) 252
	[0,0] 22
n489+1:
	(3,60) 194
	[0,4] 18
n489+2:
	(2,41) 195
	[0,5] 18
n489+3:
	(6,42) 191
	[0,4] 18
n489:
	(8,44) 189
	[1,5] 17
n469:
	(45,9) 230
	[5,1] 17
not+se55:
	(2,2) 164
	[0,0] 16
n488+1:
	(3,48) 118
	[0,4] 12
n488+2:
	(2,36) 119
	[0,4] 12
n488+3:
	(6,37) 115
	[0,4] 12
n488:
	(8,39) 113
	[1,5] 11
n459:
	(40,9) 112
	[5,1] 11
not+se56:
	(2,2) 133
	[0,0] 12
n460+1:
	(3,38) 97
	[0,3] 9
n460+2:
	(2,31) 98
	[0,3] 9
n460+3:
	(6,32) 94
	[0,3] 9
n460:
	(8,34) 92
	[1,4] 8
not+se57:
	(2,2) 121
	[0,0] 11
n487+1:
	(3,26) 97
	[0,2] 9
n487+2:
	(2,36) 98
	[0,4] 9
n487+3:
	(6,27) 94
	[0,2] 9
n487:
	(8,29) 92
	[1,3] 8
n461:
	(30,9) 91
	[3,1] 8
not+se58:
	(2,2) 129
	[0,0] 12
n486+1:
	(3,39) 92
	[0,3] 9
n486+2:
	(2,31) 93
	[0,4] 9
n486+3:
	(6,32) 89
	[0,3] 9
n486:
	(8,34) 87
	[1,4] 8
n364:
	(35,9) 86
	[4,1] 8
not+se59:
	(2,2) 150
	[0,0] 14
n485+1:
	(3,52) 100
	[0,4] 10
n485+2:
	(2,26) 101
	[0,3] 10
n485+3:
	(6,27) 97
	[0,3] 10
n485:
	(8,29) 95
	[1,4] 9
n374:
	(30,9) 131
	[4,1] 12
not+se60:
	(2,2) 132
	[0,0] 13
n457+1:
	(3,26) 108
	[0,2] 11
n457+2:
	(2,21) 109
	[0,2] 11
n457+3:
	(6,22) 105
	[0,2] 11
n457:
	(8,24) 103
	[1,3] 10
not+se61:
	(2,2) 98
	[0,0] 9
n484+1:
	(3,16) 84
	[0,1] 8
n484+2:
	(2,56) 85
	[0,8] 8
n484+3:
	(6,17) 81
	[0,1] 8
n484:
	(8,19) 79
	[1,2] 7
n462:
	(20,9) 78
	[2,1] 7
not+se62:
	(2,2) 158
	[0,0] 17
n483+1:
	(3,73) 87
	[0,9] 8
n483+2:
	(2,51) 88
	[0,7] 8
n483+3:
	(6,52) 84
	[0,7] 8
n483:
	(8,54) 82
	[1,8] 7
n359:
	(55,9) 81
	[8,1] 7
not+se63:
	(2,2) 161
	[0,0] 17
n482+1:
	(3,68) 95
	[0,8] 9
n482+2:
	(2,46) 96
	[0,6] 9
n482+3:
	(6,47) 92
	[0,6] 9
n482:
	(8,49) 90
	[1,7] 8
n367:
	(50,9) 124
	[7,1] 11
not+se64:
	(2,2) 164
	[0,0] 17
n481+1:
	(3,63) 103
	[0,7] 10
n481+2:
	(2,41) 104
	[0,5] 10
n481+3:
	(6,42) 100
	[0,5] 10
n481:
	(8,44) 98
	[1,6] 9
n375:
	(45,9) 131
	[6,1] 12
not+se65:
	(2,2) 167
	[0,0] 17
n480+1:
	(3,58) 111
	[0,6] 11
n480+2:
	(2,36) 112
	[0,4] 11
n480+3:
	(6,37) 108
	[0,4] 11
n480:
	(8,39) 106
	[1,5] 10
n463:
	(40,9) 129
	[5,1] 12
not+se66:
	(2,2) 155
	[0,0] 15
n479+1:
	(3,38) 119
	[0,3] 12
n479+2:
	(2,31) 120
	[0,3] 12
n479+3:
	(6,32) 116
	[0,3] 12
n479:
	(8,34) 114
	[1,4] 11
n376:
	(35,9) 148
	[4,1] 14
not+se67:
	(2,2) 151
	[0,0] 15
n464+1:
	(3,26) 127
	[0,2] 13
n464+2:
	(2,38) 128
	[0,7] 13
n464+3:
	(6,27) 124
	[0,2] 13
n464:
	(8,29) 122
	[1,3] 12
not+se68:
	(2,2) 189
	[0,0] 22
n478+1:
	(3,56) 135
	[0,8] 14
n478+2:
	(2,33) 136
	[0,6] 14
n478+3:
	(6,34) 132
	[0,6] 14
n478:
	(8,36) 130
	[1,7] 13
n466:
	(37,9) 149
	[7,1] 15
not+se69:
	(2,2) 190
	[0,0] 22
n467+1:
	(3,49) 143
	[0,7] 15
n467+2:
	(2,28) 144
	[0,5] 15
n467+3:
	(6,29) 140
	[0,5] 15
n467:
	(8,31) 138
	[1,6] 14
not+se70:
	(2,2) 193
	[0,0] 20
n477+1:
	(3,44) 151
	[0,4] 16
n477+2:
	(2,23) 152
	[0,4] 16
n477+3:
	(6,24) 148
	[0,4] 16
n477:
	(8,26) 146
	[1,5] 15
n368:
	(27,9) 159
	[5,1] 17
not+se71:
	(2,2) 220
	[0,0] 23
n476+1:
	(3,63) 159
	[0,6] 17
n476+2:
	(2,18) 160
	[0,3] 17
n476+3:
	(6,19) 156
	[0,3] 17
n476:
	(8,21) 154
	[1,4] 16
n377:
	(22,9) 186
	[4,1] 21
not+se72:
	(2,2) 205
	[0,0] 21
n468+1:
	(3,40) 167
	[0,3] 18
n468+2:
	(2,13) 168
	[0,2] 18
n468+3:
	(6,14) 164
	[0,2] 18
n468:
	(8,16) 162
	[1,3] 17
not+se73:
	(2,2) 190
	[0,0] 20
G23+1:
	(3,17) 175
	[0,1] 19
G23+2:
	(2,8) 176
	[0,1] 19
G23+3:
	(6,9) 172
	[0,1] 19
G23:
	(8,11) 170
	[1,2] 18
not+se74:
	(2,2) 195
	[0,0] 21
G22+1:
	(3,14) 183
	[0,1] 20
G22+2:
	(2,3) 184
	[0,0] 20
G22+3:
	(6,4) 180
	[0,0] 20
G22:
	(8,6) 178
	[1,1] 19
Trigger_en0_0+1:
	(12,153) 149
	[1,12] 14
Trigger_en0_0+2:
	(23,94) 208
	[2,8] 18
Trigger_en0_0:
	(13,248) 54
	[1,20] 6
trig6_0n4+1:
	(24,32) 278
	[2,3] 24
trig6_0n4:
	(33,46) 256
	[3,4] 22
trig6_0n3+1:
	(25,34) 277
	[2,3] 24
trig6_0n3:
	(22,47) 255
	[2,4] 22
trig6_0n2+1:
	(16,27) 275
	[1,2] 24
trig6_0n2:
	(11,83) 219
	[1,6] 20
trig6_0n1+1:
	(24,45) 257
	[2,4] 22
trig6_0n1:
	(21,69) 233
	[2,6] 20
troj3_0counter_0_:
	(17,17) 50
	[2,2] 5
not+en:
	(2,2) 65
	[0,0] 7
None+1:
	(3,30) 37
	[0,3] 4
None+2:
	(2,35) 38
	[0,4] 4
None+3:
	(6,31) 34
	[0,3] 4
None:
	(8,33) 32
	[1,4] 3
troj3_0n6:
	(34,9) 31
	[4,1] 3
not+en:
	(2,2) ∞
	[0,0] ∞
None+1:
	(3,40) ∞
	[0,4] ∞
None+2:
	(2,35) ∞
	[0,4] ∞
None+3:
	(6,31) ∞
	[0,3] ∞
None:
	(8,33) ∞
	[1,4] ∞
troj3_0n8:
	(34,9) ∞
	[4,1] ∞
not+en:
	(2,2) ∞
	[0,0] ∞
None+1:
	(3,7) ∞
	[0,0] ∞
None+2:
	(2,35) ∞
	[0,4] ∞
None+3:
	(6,31) ∞
	[0,3] ∞
None:
	(8,33) ∞
	[1,4] ∞
troj3_0n7:
	(34,9) ∞
	[4,1] ∞
Trojan_out0:
	(5,42) 23
	[1,5] 2
troj3_0n9:
	(1,1) 66
	[0,0] 7
troj3_0n10:
	(15,15) 52
	[1,1] 6
troj3_0N6+1:
	(2,3) 62
	[0,0] 7
troj3_0N6:
	(3,40) 25
	[0,4] 3
troj3_0N3:
	(4,4) ∞
	[0,0] ∞
troj3_0n3:
	(1,1) 64
	[0,0] 7
troj3_0n5:
	(38,2) ∞
	[4,0] ∞
troj3_0n2:
	(1,1) 64
	[0,0] 7
troj3_0N2:
	(12,37) ∞
	[1,4] ∞
troj3_0n4:
	(2,36) 29
	[0,4] 3
troj3_0n1:
	(1,1) 64
	[0,0] 7
troj3_0N1:
	(27,27) 40
	[3,3] 4
G713:
	(49,20) 8
	[4,2] 1
Trigger_en1_3:
	(51,72) 151
	[4,5] 14
troj3_1n2+1:
	(49,15) 208
	[4,1] 18
troj3_1n2+2:
	(189,13) 210
	[19,1] 18
troj3_1n2:
	(29,50) 194
	[2,4] 17
troj3_1n4+1:
	(3,36) 396
	[0,3] 37
troj3_1n4+2:
	(11,464) 388
	[1,45] 36
troj3_1n4:
	(37,15) 384
	[3,1] 36
troj3_1n3:
	(12,173) 226
	[1,18] 19
troj3_1n6:
	(125,11) 274
	[14,1] 23
troj3_1n5:
	(47,42) 352
	[4,3] 33
troj3_1n1:
	(42,77) 181
	[3,7] 16
troj3_1n8+1:
	(12,81) 211
	[1,8] 18
troj3_1n8+2:
	(12,205) 211
	[1,19] 18
troj3_1n8:
	(82,25) 198
	[8,2] 17
troj3_1n7+1:
	(12,135) 211
	[1,13] 18
troj3_1n7+2:
	(3,75) 220
	[0,7] 19
troj3_1n7:
	(76,16) 207
	[7,1] 18
n215:
	(101,80) 122
	[7,6] 12
test_so:
	(8,24) 0
	[1,3] 0

-----------------------------------
Sum of T(sa0)s: ∞
Sum of T(sa1)s: ∞
Testability index: ∞