0:
	(1,1) ∞
	[0,0] ∞
1:
	(1,1) 194
	[0,0] 18
x:
	(1,1) ∞
	[0,0] ∞
CK:
	(1,1) 22
	[0,0] 2
G0:
	(1,1) 101
	[0,0] 8
G1:
	(1,1) 101
	[0,0] 8
G10:
	(1,1) 38
	[0,0] 3
G11:
	(1,1) 32
	[0,0] 3
G12:
	(1,1) 195
	[0,0] 19
G13:
	(1,1) 32
	[0,0] 2
G14:
	(1,1) 32
	[0,0] 2
G15:
	(1,1) 1
	[0,0] 0
G16:
	(1,1) 204
	[0,0] 19
G2:
	(1,1) 106
	[0,0] 8
G3:
	(1,1) 125
	[0,0] 10
G4:
	(1,1) 125
	[0,0] 10
G5:
	(1,1) 130
	[0,0] 10
G6:
	(1,1) 89
	[0,0] 8
G7:
	(1,1) 81
	[0,0] 7
G8:
	(1,1) 73
	[0,0] 6
G9:
	(1,1) 65
	[0,0] 5
test_se:
	(1,1) 16
	[0,0] 1
test_si:
	(1,1) 180
	[0,0] 17
G727:
	(11,15) 0
	[1,1] 0
G713+1:
	(3,42) 19
	[0,3] 2
G713+2:
	(10,46) 12
	[1,4] 1
G713:
	(43,14) 8
	[3,1] 1
G707:
	(7,14) 16
	[0,1] 2
n147:
	(26,3) 20
	[2,0] 2
n146:
	(13,3) 20
	[1,0] 2
G705:
	(2,37) 8
	[0,3] 1
n150+1:
	(36,55) 22
	[3,4] 2
n150:
	(67,35) 10
	[5,3] 1
n153:
	(34,11) 66
	[3,1] 5
n154:
	(32,24) 76
	[2,2] 6
n156+1:
	(28,3) 110
	[2,0] 8
n156:
	(34,29) 79
	[2,2] 6
n158:
	(44,30) 83
	[3,2] 6
n159:
	(29,3) 124
	[2,0] 9
n155:
	(23,2) 106
	[2,0] 8
n152+1:
	(62,43) 77
	[5,3] 7
n152:
	(76,14) 44
	[6,1] 4
n161:
	(59,36) 103
	[5,3] 9
n162+1:
	(142,27) 154
	[13,2] 13
n162:
	(37,18) 144
	[3,2] 12
n160+1:
	(32,26) 192
	[2,2] 14
n160+2:
	(64,25) 160
	[5,2] 11
n160:
	(97,26) 127
	[7,2] 9
n164:
	(15,24) 209
	[1,2] 15
n151+1:
	(23,12) 79
	[2,1] 6
n151:
	(54,21) 37
	[4,2] 3
n170:
	(20,41) 50
	[2,3] 4
n172:
	(76,10) 60
	[8,1] 5
n171:
	(40,9) 61
	[3,1] 5
G702+1:
	(22,49) 35
	[2,4] 3
G702+2:
	(12,34) 50
	[1,3] 4
G702:
	(13,84) 0
	[1,7] 0
n176:
	(11,22) 62
	[1,2] 5
n177:
	(10,99) 74
	[1,12] 6
n175:
	(223,11) 73
	[27,1] 6
n174+1:
	(113,11) 73
	[16,1] 6
n174:
	(21,21) 63
	[2,2] 5
n173+1:
	(63,11) 89
	[8,1] 8
n173:
	(43,27) 57
	[4,2] 5
G693+1:
	(8,15) 20
	[0,1] 2
G693:
	(19,3) 16
	[1,0] 2
n183+1:
	(23,11) 28
	[2,1] 2
n183:
	(14,3) 25
	[1,0] 2
n182:
	(25,4) 24
	[2,0] 2
G687+1:
	(8,15) 28
	[0,1] 3
G687:
	(19,3) 24
	[1,0] 3
n186+1:
	(23,11) 36
	[2,1] 3
n186:
	(14,3) 33
	[1,0] 3
n185:
	(24,4) 32
	[2,0] 3
G682+1:
	(16,15) 18
	[1,1] 1
G682:
	(19,3) 14
	[1,0] 1
n184:
	(3,13) 31
	[0,1] 2
n187:
	(22,11) 23
	[2,1] 1
G675:
	(7,26) 22
	[0,3] 2
n189:
	(31,3) 26
	[4,0] 2
n188:
	(25,3) 26
	[3,0] 2
G669:
	(7,21) 30
	[0,2] 3
n191:
	(26,3) 34
	[3,0] 3
n190:
	(20,3) 34
	[2,0] 3
G663:
	(7,14) 38
	[0,1] 4
n193:
	(21,3) 42
	[2,0] 4
n148:
	(2,4) 42
	[0,0] 4
n192:
	(13,3) 42
	[1,0] 4
n149:
	(2,3) 30
	[0,0] 3
G657:
	(2,3) 30
	[0,0] 2
G613:
	(6,5) 51
	[0,0] 4
n195:
	(26,3) 54
	[2,0] 4
n194:
	(4,2) 55
	[0,0] 4
G608:
	(6,5) 59
	[0,0] 5
n198:
	(26,3) 62
	[2,0] 5
n197:
	(4,2) 63
	[0,0] 5
G590:
	(13,61) 50
	[1,5] 4
n199:
	(45,36) 66
	[4,3] 5
n201:
	(10,44) 92
	[1,4] 7
n202:
	(26,150) 110
	[2,14] 9
G577:
	(6,5) 58
	[0,0] 5
n205:
	(26,3) 61
	[2,0] 5
n204:
	(4,2) 62
	[0,0] 5
G573:
	(6,5) 66
	[0,0] 6
n207:
	(26,3) 69
	[2,0] 6
n206:
	(4,2) 70
	[0,0] 6
G569:
	(6,5) 74
	[0,0] 7
n209:
	(26,3) 77
	[2,0] 7
n208:
	(4,2) 78
	[0,0] 7
G565:
	(6,5) 82
	[0,0] 8
n211:
	(26,3) 85
	[2,0] 8
n210:
	(4,2) 86
	[0,0] 8
n196:
	(13,2) 57
	[1,0] 4
n212:
	(14,11) 59
	[1,1] 4
G548:
	(13,83) 90
	[1,9] 9
n214:
	(67,38) 106
	[8,3] 10
G541+1:
	(22,63) 115
	[2,7] 11
G541:
	(14,80) 98
	[1,8] 10
n215+1:
	(64,11) 217
	[9,1] 19
n215:
	(112,28) 116
	[9,2] 11
n216:
	(21,34) 144
	[2,5] 13
n217:
	(130,11) 154
	[12,1] 14
G536:
	(13,71) 106
	[1,7] 11
n219:
	(55,36) 122
	[6,3] 12
G531+1:
	(22,51) 131
	[2,5] 13
G531:
	(14,68) 114
	[1,6] 12
n218+1:
	(44,11) 217
	[5,1] 19
n218:
	(99,26) 129
	[8,2] 12
n220:
	(21,24) 158
	[2,3] 15
n221:
	(107,11) 168
	[9,1] 16
G526:
	(13,59) 122
	[1,5] 13
n223:
	(43,34) 138
	[4,3] 14
n222+1:
	(40,60) 104
	[3,5] 8
n222:
	(86,24) 78
	[7,2] 6
n225+1:
	(24,11) 151
	[2,1] 12
n225:
	(23,25) 139
	[2,2] 11
n226:
	(251,11) 151
	[32,1] 12
n224:
	(59,14) 130
	[5,1] 10
n228:
	(34,26) 163
	[3,2] 13
n200:
	(15,12) 96
	[1,1] 8
n231:
	(11,2) 109
	[1,0] 9
G503+1:
	(5,17) 88
	[0,1] 7
G503:
	(21,6) 84
	[1,0] 7
n234:
	(28,3) 102
	[2,0] 8
n233:
	(40,2) 91
	[3,0] 7
n232:
	(16,2) 91
	[1,0] 7
G498+1:
	(5,17) 83
	[0,1] 7
G498:
	(21,6) 79
	[1,0] 7
n240:
	(28,3) 97
	[2,0] 8
n239:
	(40,2) 86
	[3,0] 7
n238:
	(16,2) 86
	[1,0] 7
G494+1:
	(5,17) 83
	[0,1] 7
G494:
	(21,6) 79
	[1,0] 7
n243:
	(28,3) 97
	[2,0] 8
n242:
	(40,2) 86
	[3,0] 7
n236:
	(10,38) 88
	[1,3] 7
n241:
	(16,2) 86
	[1,0] 7
n237:
	(16,14) 88
	[1,1] 7
n235:
	(14,2) 100
	[1,0] 8
G477+1:
	(27,58) 128
	[3,6] 11
G477:
	(4,102) 84
	[0,10] 7
n245:
	(26,46) 140
	[3,5] 12
tempn246:
	(89,10) 156
	[10,1] 14
n244+1:
	(134,10) 200
	[17,1] 18
n244:
	(159,11) 175
	[19,1] 16
G469:
	(3,77) 84
	[0,7] 7
n248:
	(34,33) 127
	[3,3] 11
G464+1:
	(22,84) 123
	[2,10] 11
G464:
	(4,128) 79
	[0,14] 7
n247+1:
	(116,11) 150
	[15,1] 13
n247:
	(24,23) 137
	[2,2] 12
n249:
	(21,60) 147
	[2,8] 13
n251:
	(68,11) 157
	[8,1] 14
G459:
	(3,66) 79
	[0,6] 7
n252:
	(23,33) 122
	[2,3] 11
n250:
	(22,12) 133
	[2,1] 12
n253:
	(164,11) 144
	[16,1] 13
n255:
	(23,11) 297
	[2,1] 28
G451:
	(8,93) 87
	[0,9] 8
n257:
	(98,4) 91
	[9,0] 8
n256:
	(92,3) 92
	[10,0] 8
G447:
	(7,48) 95
	[0,4] 9
n259:
	(47,2) 100
	[5,0] 9
G441:
	(9,85) 78
	[0,7] 7
n261:
	(88,4) 83
	[7,0] 7
n258:
	(3,52) 99
	[0,4] 9
n260:
	(84,4) 83
	[8,0] 7
G438:
	(3,39) 86
	[0,3] 8
n263:
	(36,46) 89
	[3,4] 8
n143:
	(39,34) 22
	[3,3] 2
n265:
	(33,24) 37
	[3,2] 3
n266:
	(23,20) 50
	[2,2] 4
n268:
	(68,11) 62
	[9,1] 5
n267:
	(19,11) 62
	[2,1] 5
n264:
	(42,14) 47
	[4,1] 4
G427+1:
	(22,42) 83
	[2,3] 7
G427:
	(2,44) 81
	[0,3] 7
n178+1:
	(54,9) 164
	[3,1] 16
n178:
	(73,11) 100
	[8,1] 9
n269:
	(21,30) 95
	[2,2] 8
tempG424:
	(3,40) 103
	[0,2] 8
n272:
	(26,21) 117
	[1,2] 9
n274:
	(10,135) 128
	[1,15] 10
G416:
	(3,88) 97
	[0,9] 9
n275:
	(74,21) 111
	[8,2] 10
n273:
	(13,2) 130
	[1,0] 9
n271:
	(89,11) 105
	[8,1] 9
G408+1:
	(21,78) 82
	[2,8] 7
G408:
	(2,80) 80
	[0,8] 7
n276:
	(20,66) 94
	[2,7] 8
G405:
	(3,75) 88
	[0,7] 8
n278:
	(62,21) 101
	[6,2] 9
n280:
	(10,81) 112
	[1,7] 10
G397:
	(3,48) 96
	[0,4] 9
n279:
	(12,2) 132
	[1,0] 12
n282:
	(35,47) 109
	[3,4] 10
G392:
	(3,71) 104
	[0,7] 10
n283:
	(57,21) 118
	[6,2] 11
G384+1:
	(22,63) 127
	[2,6] 12
G384:
	(4,78) 112
	[0,7] 11
n285:
	(10,108) 129
	[1,10] 12
n286:
	(21,51) 139
	[2,5] 13
G379+1:
	(34,23) 135
	[3,2] 13
G379:
	(4,38) 120
	[0,3] 12
n284:
	(13,2) 145
	[1,0] 14
n287:
	(33,11) 147
	[3,1] 14
G373:
	(5,68) 128
	[0,7] 12
n291:
	(53,21) 143
	[6,2] 13
G365+1:
	(21,60) 150
	[2,6] 14
G365:
	(4,74) 136
	[0,7] 13
n292+1:
	(90,10) 164
	[9,1] 15
n292:
	(101,11) 153
	[10,1] 14
n293:
	(20,48) 162
	[2,5] 15
n296:
	(53,10) 172
	[5,1] 16
G360:
	(5,35) 144
	[0,3] 14
n294:
	(3,13) 166
	[0,1] 16
n270:
	(10,63) 110
	[1,7] 10
n297:
	(20,31) 159
	[2,3] 15
n295:
	(10,21) 163
	[1,2] 16
n254:
	(10,152) 150
	[1,15] 14
n277:
	(86,10) 104
	[8,1] 9
n281:
	(25,37) 119
	[2,3] 11
n299+1:
	(67,10) 169
	[7,1] 15
n299:
	(91,11) 145
	[9,1] 13
n298:
	(24,25) 131
	[2,2] 12
n169:
	(31,12) 58
	[3,1] 5
n300+1:
	(19,18) 72
	[2,2] 6
n300+2:
	(117,2) 88
	[11,0] 8
n300:
	(21,20) 69
	[2,2] 6
n203+1:
	(52,24) 153
	[5,2] 14
n203+2:
	(61,24) 144
	[6,2] 13
n203:
	(114,25) 91
	[11,2] 8
n305:
	(20,23) 185
	[2,2] 17
n304:
	(20,23) 185
	[2,2] 17
n303:
	(20,23) 185
	[2,2] 17
n302:
	(20,23) 185
	[2,2] 17
n301:
	(31,38) 174
	[3,3] 16
n306+1:
	(19,13) 199
	[2,1] 18
n306+2:
	(19,13) 199
	[2,1] 18
n306:
	(27,20) 185
	[2,2] 17
G321:
	(8,49) 152
	[0,5] 15
n308:
	(66,4) 156
	[7,0] 15
n307:
	(48,3) 157
	[5,0] 15
G315:
	(8,44) 160
	[0,4] 16
n312:
	(61,4) 164
	[6,0] 16
n311:
	(43,3) 165
	[4,0] 16
G309:
	(8,39) 168
	[0,3] 17
n314:
	(56,4) 172
	[5,0] 17
n313:
	(38,3) 173
	[3,0] 17
G303:
	(7,16) 176
	[0,1] 18
n316:
	(51,4) 179
	[4,0] 18
n309:
	(3,26) 196
	[0,2] 20
n315:
	(15,2) 181
	[1,0] 18
n310:
	(2,13) 183
	[0,1] 18
n317:
	(23,11) 185
	[2,1] 18
n288:
	(113,11) 147
	[11,1] 14
n289:
	(10,56) 148
	[1,5] 14
G260:
	(13,93) 164
	[1,10] 12
n319:
	(77,21) 180
	[9,2] 13
G252+1:
	(21,73) 189
	[2,8] 14
G252:
	(14,90) 172
	[1,9] 13
n320+1:
	(116,10) 233
	[13,1] 17
n320:
	(159,11) 190
	[16,1] 14
n321:
	(20,61) 201
	[2,7] 15
n323:
	(98,10) 211
	[9,1] 16
G247:
	(13,68) 139
	[1,5] 11
n324:
	(52,26) 155
	[4,2] 12
G242+1:
	(22,68) 164
	[2,7] 13
G242:
	(14,85) 147
	[1,8] 12
n322+1:
	(98,11) 196
	[11,1] 15
n322:
	(42,16) 165
	[3,1] 13
n325:
	(21,51) 181
	[2,6] 14
n327:
	(77,11) 191
	[7,1] 15
G237:
	(13,57) 155
	[1,4] 13
n328:
	(41,26) 171
	[3,2] 14
n326:
	(15,30) 177
	[1,2] 14
G328BF:
	(6,14) 172
	[0,1] 16
n331:
	(13,2) 176
	[1,0] 16
G332BF:
	(12,11) 178
	[1,1] 16
n333:
	(25,2) 188
	[2,0] 17
n332:
	(10,9) 181
	[1,1] 16
n334+1:
	(12,2) 220
	[1,0] 20
n334+2:
	(31,25) 201
	[3,2] 18
n334:
	(44,3) 188
	[4,0] 17
n330:
	(14,3) 175
	[2,0] 16
n329+1:
	(74,11) 196
	[9,1] 15
n329+2:
	(54,11) 196
	[5,1] 15
n329:
	(23,55) 184
	[2,5] 14
n318:
	(15,12) 192
	[1,1] 15
n335:
	(11,2) 205
	[1,0] 16
n230:
	(13,12) 99
	[1,1] 8
n213:
	(42,2) 13
	[4,0] 1
n262+1:
	(39,24) 40
	[4,2] 3
n262+2:
	(44,24) 40
	[4,2] 3
n262:
	(49,40) 15
	[4,4] 1
n339:
	(34,24) 60
	[3,2] 5
n340+1:
	(19,14) 80
	[2,1] 7
n340:
	(24,14) 70
	[2,1] 6
n338:
	(23,19) 65
	[2,2] 5
n337:
	(23,19) 60
	[2,2] 5
n336:
	(23,19) 60
	[2,2] 5
G218:
	(3,45) 121
	[0,4] 12
n341:
	(42,37) 124
	[4,3] 12
G214:
	(3,35) 100
	[0,3] 9
n342:
	(32,37) 103
	[3,3] 9
n343:
	(10,61) 130
	[1,6] 11
G208:
	(3,23) 100
	[0,2] 9
n347:
	(20,33) 103
	[2,3] 9
G198:
	(3,36) 89
	[0,3] 8
n348:
	(33,34) 92
	[3,3] 8
G193+1:
	(24,47) 99
	[2,4] 9
G193:
	(2,49) 97
	[0,4] 9
n229+1:
	(41,11) 114
	[5,1] 10
n229:
	(23,24) 102
	[2,2] 9
n349:
	(34,22) 124
	[3,2] 11
n362:
	(21,24) 134
	[2,2] 12
G189:
	(3,23) 105
	[0,2] 10
n365:
	(20,32) 108
	[2,3] 10
n355:
	(23,11) 114
	[2,1] 10
n379:
	(73,11) 126
	[8,1] 11
n181:
	(26,31) 69
	[2,3] 6
n344:
	(25,21) 79
	[2,2] 7
n290:
	(10,23) 90
	[1,2] 8
G175:
	(3,13) 81
	[0,1] 7
G166:
	(3,70) 84
	[0,9] 7
n380:
	(67,23) 87
	[9,2] 7
n179:
	(12,206) 90
	[1,25] 8
n381:
	(10,66) 100
	[1,9] 8
G159+1:
	(22,63) 94
	[2,8] 8
G159:
	(2,65) 92
	[0,8] 8
n227:
	(10,194) 102
	[1,24] 9
n382:
	(21,51) 106
	[2,7] 9
G154+1:
	(21,58) 102
	[2,7] 9
G154:
	(2,60) 100
	[0,7] 9
n383+1:
	(86,10) 173
	[11,1] 16
n383:
	(143,11) 116
	[17,1] 10
n384:
	(20,46) 114
	[2,6] 10
n386:
	(97,10) 124
	[11,1] 11
G149:
	(3,55) 108
	[0,6] 10
n387:
	(52,21) 111
	[6,2] 10
G144+1:
	(35,33) 118
	[3,3] 11
G144:
	(2,35) 116
	[0,3] 11
n385+1:
	(44,10) 133
	[5,1] 12
n385:
	(56,11) 121
	[6,1] 11
n388:
	(34,21) 130
	[3,2] 12
n390:
	(20,24) 140
	[2,2] 13
G140:
	(3,23) 124
	[0,2] 12
n391:
	(20,32) 127
	[2,3] 12
n389:
	(11,23) 136
	[1,2] 13
n392:
	(113,11) 148
	[16,1] 14
G129:
	(3,53) 132
	[0,8] 13
n393:
	(50,22) 135
	[8,2] 13
G125:
	(3,46) 140
	[0,7] 14
n394:
	(43,21) 143
	[7,2] 14
n180:
	(11,74) 112
	[1,9] 13
n395:
	(9,42) 155
	[1,7] 15
G118+1:
	(45,39) 150
	[4,4] 15
G118:
	(2,41) 148
	[0,4] 15
n396:
	(65,10) 121
	[8,1] 14
n397:
	(44,28) 161
	[4,3] 16
G113+1:
	(29,58) 158
	[3,6] 16
G113:
	(2,60) 156
	[0,6] 16
n398+1:
	(33,11) 175
	[5,1] 19
n398:
	(37,34) 149
	[3,3] 17
n399:
	(28,23) 193
	[4,3] 19
n400:
	(35,18) 203
	[3,3] 20
G109:
	(3,37) 164
	[0,3] 17
n401:
	(34,42) 167
	[3,4] 17
n157:
	(42,25) 113
	[3,2] 8
n403:
	(52,26) 129
	[4,2] 9
n404:
	(77,26) 155
	[8,2] 11
n406:
	(25,61) 171
	[2,7] 12
n407:
	(98,15) 181
	[9,1] 13
n405:
	(40,15) 217
	[3,1] 18
n167:
	(14,14) 219
	[1,1] 16
n410:
	(73,11) 222
	[8,1] 16
n409:
	(13,2) 231
	[1,0] 17
n408:
	(83,25) 196
	[8,2] 14
n412+1:
	(86,24) 224
	[8,2] 16
n412:
	(36,67) 212
	[3,7] 15
n415:
	(66,11) 237
	[7,1] 17
n414+1:
	(59,11) 262
	[6,1] 19
n414:
	(23,60) 250
	[2,6] 18
n413+1:
	(63,11) 310
	[6,1] 24
n413:
	(36,25) 285
	[3,2] 22
n165:
	(24,24) 200
	[2,2] 14
n419:
	(14,14) 210
	[1,1] 15
n421:
	(58,11) 213
	[5,1] 15
n420:
	(13,2) 222
	[1,0] 16
n163:
	(15,25) 209
	[1,2] 15
n416:
	(14,14) 220
	[1,1] 16
n423:
	(63,11) 223
	[6,1] 16
n422:
	(13,2) 232
	[1,0] 17
n168:
	(24,15) 209
	[2,1] 15
n424:
	(14,14) 219
	[1,1] 16
n417:
	(13,2) 231
	[1,0] 17
n418:
	(68,11) 222
	[7,1] 16
n166:
	(24,24) 157
	[2,2] 11
n402:
	(24,15) 140
	[2,1] 10
n425:
	(14,14) 150
	[1,1] 11
n427:
	(78,11) 153
	[9,1] 11
n411+1:
	(12,24) 207
	[1,2] 18
n411:
	(13,38) 193
	[1,3] 17
n145+1:
	(15,12) 55
	[1,1] 5
n145:
	(22,13) 45
	[2,1] 4
n429:
	(11,2) 68
	[1,0] 6
n428:
	(20,12) 58
	[2,1] 5
n144+1:
	(14,14) 55
	[1,1] 5
n144:
	(24,13) 45
	[2,1] 4
n431:
	(13,2) 67
	[1,0] 6
n430:
	(51,11) 58
	[5,1] 5
n426:
	(13,2) 162
	[1,0] 12
n75:
	(10,21) 25
	[1,2] 2
n76:
	(35,40) 87
	[3,3] 6
n77:
	(14,4) 165
	[1,0] 16
n78:
	(64,11) 121
	[7,1] 11
n79:
	(153,11) 149
	[15,1] 14
n80:
	(27,100) 128
	[2,8] 12
n81:
	(25,87) 77
	[2,7] 6
n82:
	(25,24) 173
	[2,2] 14
n83:
	(24,11) 89
	[2,1] 8
n84:
	(3,14) 144
	[0,1] 14
n85:
	(109,11) 179
	[10,1] 17
n86:
	(57,11) 147
	[5,1] 14
n87:
	(195,11) 101
	[24,1] 9
n88:
	(10,11) 40
	[1,1] 3
n89:
	(10,11) 38
	[1,1] 3
n90:
	(13,16) 162
	[1,1] 17
n91:
	(13,16) 216
	[1,1] 19
n92:
	(25,25) 156
	[2,2] 11
n93:
	(16,25) 208
	[1,2] 15
n94:
	(26,16) 357
	[2,1] 29
n95:
	(14,23) 44
	[1,2] 4
n96:
	(14,25) 44
	[1,2] 4
n97:
	(3,15) 99
	[0,1] 8
n98:
	(13,32) 57
	[1,3] 5
n100:
	(10,26) 31
	[1,4] 2
n101:
	(10,21) 30
	[1,3] 2
n102:
	(10,16) 38
	[1,2] 3
n103:
	(14,4) 30
	[1,0] 2
n104:
	(10,11) 34
	[1,1] 2
n105:
	(26,115) 90
	[2,11] 8
n106:
	(10,39) 192
	[1,6] 14
n107:
	(10,34) 195
	[1,5] 18
n108:
	(10,29) 195
	[1,4] 18
n109:
	(10,24) 195
	[1,3] 18
n110:
	(10,19) 195
	[1,2] 18
n111:
	(3,43) 12
	[0,4] 1
n112:
	(53,4) 98
	[4,0] 9
n113:
	(10,60) 206
	[1,8] 20
n114:
	(10,55) 135
	[1,7] 12
n115:
	(10,45) 102
	[1,5] 9
n116:
	(10,40) 69
	[1,4] 6
n117:
	(10,35) 92
	[1,3] 7
n118:
	(29,9) 107
	[2,1] 9
n119:
	(10,25) 128
	[1,1] 10
n120:
	(10,61) 112
	[1,6] 10
n121:
	(10,56) 129
	[1,6] 12
n122:
	(10,39) 183
	[1,5] 17
n123:
	(10,34) 171
	[1,4] 16
n124:
	(10,29) 179
	[1,3] 17
n125:
	(10,24) 187
	[1,2] 18
n126:
	(10,56) 129
	[1,6] 10
n127:
	(10,51) 224
	[1,6] 16
n128:
	(10,46) 187
	[1,5] 15
n129:
	(10,41) 111
	[1,5] 11
n130:
	(35,9) 91
	[4,1] 8
n131:
	(10,31) 124
	[1,4] 11
n132:
	(25,9) 146
	[3,1] 13
n133:
	(10,21) 84
	[1,2] 7
n134:
	(10,56) 74
	[1,8] 6
n135:
	(10,38) 147
	[1,7] 14
n136:
	(10,23) 185
	[1,4] 20
n137:
	(17,9) 199
	[3,1] 22
n138:
	(2,2) 37
	[0,0] 3
G701BF:
	(2,2) 0
	[0,0] 0
n141:
	(2,2) 151
	[0,0] 11
n142:
	(2,2) 136
	[0,0] 10
n139:
	(2,2) 44
	[0,0] 4
n99:
	(11,10) 4
	[1,1] 0
not+se1:
	(2,2) 20
	[0,0] 2
G729+1:
	(3,17) 5
	[0,1] 1
G729+2:
	(2,21) 6
	[0,2] 1
G729+3:
	(6,18) 2
	[0,1] 1
G729:
	(8,20) 0
	[1,2] 0
not+se2:
	(2,2) 28
	[0,0] 3
n539+1:
	(3,17) 13
	[0,1] 2
n539+2:
	(2,16) 14
	[0,2] 2
n539+3:
	(6,17) 10
	[0,1] 2
n539:
	(8,19) 8
	[1,2] 1
n363:
	(20,9) 26
	[2,1] 2
not+se3:
	(2,2) 43
	[0,0] 4
G726+1:
	(3,40) 5
	[0,3] 1
G726+2:
	(2,11) 6
	[0,1] 1
G726+3:
	(6,12) 2
	[0,1] 1
G726:
	(8,14) 0
	[1,2] 0
not+se4:
	(2,2) 17
	[0,0] 2
n538+1:
	(3,6) 13
	[0,0] 2
n538+2:
	(2,11) 14
	[0,1] 2
n538+3:
	(6,7) 10
	[0,0] 2
n538:
	(8,9) 8
	[1,1] 1
n465:
	(10,9) 41
	[1,1] 3
not+se5:
	(2,2) 25
	[0,0] 3
n537+1:
	(3,6) 21
	[0,0] 3
n537+2:
	(2,11) 22
	[0,1] 3
n537+3:
	(6,7) 18
	[0,0] 3
n537:
	(8,9) 16
	[1,1] 2
n458:
	(10,9) 39
	[1,1] 3
not+se6:
	(2,2) 15
	[0,0] 1
n536+1:
	(3,6) 11
	[0,0] 1
n536+2:
	(2,26) 12
	[0,4] 1
n536+3:
	(6,7) 8
	[0,0] 1
n536:
	(8,9) 6
	[1,1] 0
n378:
	(10,9) 5
	[1,1] 0
not+se7:
	(2,2) 46
	[0,0] 5
n535+1:
	(3,29) 19
	[0,3] 2
n535+2:
	(2,21) 20
	[0,3] 2
n535+3:
	(6,22) 16
	[0,3] 2
n535:
	(8,24) 14
	[1,4] 1
n360:
	(25,9) 24
	[4,1] 2
not+se8:
	(2,2) 49
	[0,0] 5
n534+1:
	(3,24) 27
	[0,2] 3
n534+2:
	(2,16) 28
	[0,2] 3
n534+3:
	(6,17) 24
	[0,2] 3
n534:
	(8,19) 22
	[1,3] 2
n433:
	(20,9) 31
	[3,1] 2
not+se9:
	(2,2) 50
	[0,0] 5
n533+1:
	(3,17) 35
	[0,1] 4
n533+2:
	(2,11) 36
	[0,1] 4
n533+3:
	(6,12) 32
	[0,1] 4
n533:
	(8,14) 30
	[1,2] 3
n434:
	(15,9) 39
	[2,1] 3
not+se10:
	(2,2) 44
	[0,0] 3
n532+1:
	(3,6) 40
	[0,0] 3
n532+2:
	(2,13) 41
	[0,1] 3
n532+3:
	(6,7) 37
	[0,0] 3
n532:
	(8,9) 35
	[1,1] 2
n432:
	(10,9) 34
	[1,1] 2
not+se11:
	(2,2) 54
	[0,0] 4
n531+1:
	(3,8) 48
	[0,0] 4
n531+2:
	(2,13) 49
	[0,1] 4
n531+3:
	(6,9) 45
	[0,0] 4
n531:
	(8,11) 43
	[1,1] 3
n370:
	(12,9) 58
	[1,1] 5
not+se12:
	(2,2) 62
	[0,0] 5
n530+1:
	(3,8) 56
	[0,0] 5
n530+2:
	(2,18) 57
	[0,2] 5
n530+3:
	(6,9) 53
	[0,0] 5
n530:
	(8,11) 51
	[1,1] 4
n371:
	(12,9) 60
	[1,1] 5
not+se13:
	(2,2) 109
	[0,0] 9
n529+1:
	(3,64) 47
	[0,5] 4
n529+2:
	(2,13) 48
	[0,1] 4
n529+3:
	(6,14) 44
	[0,1] 4
n529:
	(8,16) 42
	[1,2] 3
n345:
	(17,9) 41
	[2,1] 3
not+se14:
	(2,2) 61
	[0,0] 5
n528+1:
	(3,8) 55
	[0,0] 5
n528+2:
	(2,13) 56
	[0,1] 5
n528+3:
	(6,9) 52
	[0,0] 5
n528:
	(8,11) 50
	[1,1] 4
n444:
	(12,9) 75
	[1,1] 6
not+se15:
	(2,2) 69
	[0,0] 6
n527+1:
	(3,8) 63
	[0,0] 6
n527+2:
	(2,13) 64
	[0,1] 6
n527+3:
	(6,9) 60
	[0,0] 6
n527:
	(8,11) 58
	[1,1] 5
n445:
	(12,9) 83
	[1,1] 7
not+se16:
	(2,2) 77
	[0,0] 7
n526+1:
	(3,8) 71
	[0,0] 7
n526+2:
	(2,13) 72
	[0,1] 7
n526+3:
	(6,9) 68
	[0,0] 7
n526:
	(8,11) 66
	[1,1] 6
n446:
	(12,9) 91
	[1,1] 8
not+se17:
	(2,2) 85
	[0,0] 8
n525+1:
	(3,8) 79
	[0,0] 8
n525+2:
	(2,39) 80
	[0,6] 8
n525+3:
	(6,9) 76
	[0,0] 8
n525:
	(8,11) 74
	[1,1] 7
n447:
	(12,9) 99
	[1,1] 9
not+se18:
	(2,2) 171
	[0,0] 18
n524+1:
	(3,86) 87
	[0,9] 9
n524+2:
	(2,34) 88
	[0,5] 9
n524+3:
	(6,35) 84
	[0,5] 9
n524:
	(8,37) 82
	[1,6] 8
n472:
	(38,9) 135
	[6,1] 12
not+se19:
	(2,2) 176
	[0,0] 18
n523+1:
	(3,83) 95
	[0,8] 10
n523+2:
	(2,29) 96
	[0,4] 10
n523+3:
	(6,30) 92
	[0,4] 10
n523:
	(8,32) 90
	[1,5] 9
n369:
	(33,9) 156
	[5,1] 14
not+se20:
	(2,2) 175
	[0,0] 18
n522+1:
	(3,74) 103
	[0,7] 11
n522+2:
	(2,24) 104
	[0,3] 11
n522+3:
	(6,25) 100
	[0,3] 11
n522:
	(8,27) 98
	[1,4] 10
n471:
	(28,9) 149
	[4,1] 14
not+se21:
	(2,2) 180
	[0,0] 18
n521+1:
	(3,71) 111
	[0,6] 12
n521+2:
	(2,19) 112
	[0,2] 12
n521+3:
	(6,20) 108
	[0,2] 12
n521:
	(8,22) 106
	[1,3] 11
n356:
	(23,9) 170
	[3,1] 16
not+se22:
	(2,2) 179
	[0,0] 18
n520+1:
	(3,62) 119
	[0,5] 13
n520+2:
	(2,14) 120
	[0,1] 13
n520+3:
	(6,15) 116
	[0,1] 13
n520:
	(8,17) 114
	[1,2] 12
n346:
	(18,9) 163
	[2,1] 16
not+se23:
	(2,2) 88
	[0,0] 7
n519+1:
	(3,9) 81
	[0,0] 7
n519+2:
	(2,14) 82
	[0,1] 7
n519+3:
	(6,10) 78
	[0,0] 7
n519:
	(8,12) 76
	[1,1] 6
n452:
	(13,9) 75
	[1,1] 6
not+se24:
	(2,2) 83
	[0,0] 7
n518+1:
	(3,9) 76
	[0,0] 7
n518+2:
	(2,14) 77
	[0,1] 7
n518+3:
	(6,10) 73
	[0,0] 7
n518:
	(8,12) 71
	[1,1] 6
n451:
	(13,9) 70
	[1,1] 6
not+se25:
	(2,2) 83
	[0,0] 7
n517+1:
	(3,9) 76
	[0,0] 7
n517+2:
	(2,70) 77
	[0,9] 7
n517+3:
	(6,10) 73
	[0,0] 7
n517:
	(8,12) 71
	[1,1] 6
n450:
	(13,9) 70
	[1,1] 6
not+se26:
	(2,2) 184
	[0,0] 17
n516+1:
	(3,105) 81
	[0,10] 7
n516+2:
	(2,65) 82
	[0,8] 7
n516+3:
	(6,66) 78
	[0,8] 7
n516:
	(8,68) 76
	[1,9] 6
n372:
	(69,9) 75
	[9,1] 6
not+se27:
	(2,2) 159
	[0,0] 14
n515+1:
	(3,80) 81
	[0,7] 7
n515+2:
	(2,60) 82
	[0,8] 7
n515+3:
	(6,61) 78
	[0,7] 7
n515:
	(8,63) 76
	[1,8] 6
n351:
	(64,9) 75
	[8,1] 6
not+se28:
	(2,2) 205
	[0,0] 21
n514+1:
	(3,131) 76
	[0,14] 7
n514+2:
	(2,55) 77
	[0,7] 7
n514+3:
	(6,56) 73
	[0,7] 7
n514:
	(8,58) 71
	[1,8] 6
n358:
	(59,9) 70
	[8,1] 6
not+se29:
	(2,2) 143
	[0,0] 13
n513+1:
	(3,69) 76
	[0,6] 7
n513+2:
	(2,50) 77
	[0,6] 7
n513+3:
	(6,51) 73
	[0,6] 7
n513:
	(8,53) 71
	[1,7] 6
n352:
	(54,9) 70
	[7,1] 6
not+se30:
	(2,2) 178
	[0,0] 17
n512+1:
	(3,96) 84
	[0,9] 8
n512+2:
	(2,45) 85
	[0,5] 8
n512+3:
	(6,46) 81
	[0,5] 8
n512:
	(8,48) 79
	[1,6] 7
n366:
	(49,9) 82
	[6,1] 7
not+se31:
	(2,2) 141
	[0,0] 13
n511+1:
	(3,51) 92
	[0,4] 9
n511+2:
	(2,40) 93
	[0,4] 9
n511+3:
	(6,41) 89
	[0,4] 9
n511:
	(8,43) 87
	[1,5] 8
n435:
	(44,9) 103
	[5,1] 9
not+se32:
	(2,2) 161
	[0,0] 14
n510+1:
	(3,88) 75
	[0,7] 7
n510+2:
	(2,35) 76
	[0,3] 7
n510+3:
	(6,36) 72
	[0,3] 7
n510:
	(8,38) 70
	[1,4] 6
n473:
	(39,9) 69
	[4,1] 6
not+se33:
	(2,2) 123
	[0,0] 11
n509+1:
	(3,42) 83
	[0,3] 8
n509+2:
	(2,30) 84
	[0,2] 8
n509+3:
	(6,31) 80
	[0,2] 8
n509:
	(8,33) 78
	[1,3] 7
n350:
	(34,9) 92
	[3,1] 7
not+se34:
	(2,2) 123
	[0,0] 10
n436+1:
	(3,47) 78
	[0,3] 7
n436+2:
	(2,25) 79
	[0,1] 7
n436+3:
	(6,26) 75
	[0,1] 7
n436:
	(8,28) 73
	[1,2] 6
not+se35:
	(2,2) 104
	[0,0] 8
n508+1:
	(3,20) 86
	[0,0] 8
n508+2:
	(2,71) 87
	[0,8] 8
n508+3:
	(6,21) 83
	[0,0] 8
n508:
	(8,23) 81
	[1,1] 7
n437:
	(24,9) 129
	[1,1] 10
not+se36:
	(2,2) 183
	[0,0] 18
n507+1:
	(3,91) 94
	[0,9] 9
n507+2:
	(2,66) 95
	[0,7] 9
n507+3:
	(6,67) 91
	[0,7] 9
n507:
	(8,69) 89
	[1,8] 8
n438:
	(70,9) 123
	[8,1] 11
not+se37:
	(2,2) 158
	[0,0] 15
n506+1:
	(3,83) 77
	[0,8] 7
n506+2:
	(2,61) 78
	[0,6] 7
n506+3:
	(6,62) 74
	[0,6] 7
n506:
	(8,64) 72
	[1,7] 6
n361:
	(65,9) 71
	[7,1] 6
not+se38:
	(2,2) 161
	[0,0] 15
n505+1:
	(3,78) 85
	[0,7] 8
n505+2:
	(2,56) 86
	[0,5] 8
n505+3:
	(6,57) 82
	[0,5] 8
n505:
	(8,59) 80
	[1,6] 7
n443:
	(60,9) 113
	[6,1] 10
not+se39:
	(2,2) 142
	[0,0] 13
n504+1:
	(3,51) 93
	[0,4] 9
n504+2:
	(2,56) 94
	[0,6] 9
n504+3:
	(6,52) 90
	[0,4] 9
n504:
	(8,54) 88
	[1,5] 8
n439:
	(55,9) 135
	[5,1] 12
not+se40:
	(2,2) 173
	[0,0] 17
n503+1:
	(3,74) 101
	[0,7] 10
n503+2:
	(2,51) 102
	[0,5] 10
n503+3:
	(6,52) 98
	[0,5] 10
n503:
	(8,54) 96
	[1,6] 9
n448:
	(55,9) 130
	[6,1] 12
not+se41:
	(2,2) 188
	[0,0] 18
n502+1:
	(3,81) 109
	[0,7] 11
n502+2:
	(2,46) 110
	[0,4] 11
n502+3:
	(6,47) 106
	[0,4] 11
n502:
	(8,49) 104
	[1,5] 10
n440:
	(50,9) 151
	[5,1] 14
not+se42:
	(2,2) 156
	[0,0] 15
n501+1:
	(3,41) 117
	[0,3] 12
n501+2:
	(2,53) 118
	[0,6] 12
n501+3:
	(6,42) 114
	[0,3] 12
n501:
	(8,44) 112
	[1,4] 11
n449:
	(45,9) 159
	[4,1] 15
not+se43:
	(2,2) 194
	[0,0] 19
n500+1:
	(3,71) 125
	[0,7] 12
n500+2:
	(2,48) 126
	[0,5] 12
n500+3:
	(6,49) 122
	[0,5] 12
n500:
	(8,51) 120
	[1,6] 11
n442:
	(52,9) 121
	[6,1] 11
not+se44:
	(2,2) 208
	[0,0] 20
n499+1:
	(3,77) 133
	[0,7] 13
n499+2:
	(2,43) 134
	[0,4] 13
n499+3:
	(6,44) 130
	[0,4] 13
n499:
	(8,46) 128
	[1,5] 12
n373:
	(47,9) 173
	[5,1] 16
not+se45:
	(2,2) 177
	[0,0] 17
n498+1:
	(3,38) 141
	[0,3] 14
n498+2:
	(2,39) 142
	[0,5] 14
n498+3:
	(6,39) 138
	[0,3] 14
n498:
	(8,41) 136
	[1,4] 13
n441:
	(42,9) 170
	[4,1] 16
not+se46:
	(2,2) 199
	[0,0] 20
n497+1:
	(3,52) 149
	[0,5] 15
n497+2:
	(2,34) 150
	[0,4] 15
n497+3:
	(6,35) 146
	[0,4] 15
n497:
	(8,37) 144
	[1,5] 14
n456:
	(38,9) 184
	[5,1] 17
not+se47:
	(2,2) 202
	[0,0] 20
n496+1:
	(3,47) 157
	[0,4] 16
n496+2:
	(2,29) 158
	[0,3] 16
n496+3:
	(6,30) 154
	[0,3] 16
n496:
	(8,32) 152
	[1,4] 15
n455:
	(33,9) 172
	[4,1] 16
not+se48:
	(2,2) 205
	[0,0] 20
n495+1:
	(3,42) 165
	[0,3] 17
n495+2:
	(2,24) 166
	[0,2] 17
n495+3:
	(6,25) 162
	[0,2] 17
n495:
	(8,27) 160
	[1,3] 16
n454:
	(28,9) 180
	[3,1] 17
not+se49:
	(2,2) 190
	[0,0] 19
n494+1:
	(3,19) 173
	[0,1] 18
n494+2:
	(2,66) 174
	[0,8] 18
n494+3:
	(6,20) 170
	[0,1] 18
n494:
	(8,22) 168
	[1,2] 17
n453:
	(23,9) 188
	[2,1] 18
not+se50:
	(2,2) 255
	[0,0] 22
n493+1:
	(3,96) 161
	[0,10] 12
n493+2:
	(2,61) 162
	[0,7] 12
n493+3:
	(6,62) 158
	[0,7] 12
n493:
	(8,64) 156
	[1,8] 11
n357:
	(65,9) 155
	[8,1] 11
not+se51:
	(2,2) 260
	[0,0] 22
n492+1:
	(3,93) 169
	[0,9] 13
n492+2:
	(2,56) 170
	[0,6] 13
n492+3:
	(6,57) 166
	[0,6] 13
n492:
	(8,59) 164
	[1,7] 12
n354:
	(60,9) 187
	[7,1] 13
not+se52:
	(2,2) 205
	[0,0] 16
n491+1:
	(3,71) 136
	[0,5] 11
n491+2:
	(2,51) 137
	[0,6] 11
n491+3:
	(6,52) 133
	[0,5] 11
n491:
	(8,54) 131
	[1,6] 10
n470:
	(55,9) 130
	[6,1] 10
not+se53:
	(2,2) 230
	[0,0] 20
n490+1:
	(3,88) 144
	[0,8] 12
n490+2:
	(2,46) 145
	[0,5] 12
n490+3:
	(6,47) 141
	[0,5] 12
n490:
	(8,49) 139
	[1,6] 11
n353:
	(50,9) 193
	[6,1] 15
not+se54:
	(2,2) 210
	[0,0] 17
n489+1:
	(3,60) 152
	[0,4] 13
n489+2:
	(2,41) 153
	[0,5] 13
n489+3:
	(6,42) 149
	[0,4] 13
n489:
	(8,44) 147
	[1,5] 12
n469:
	(45,9) 188
	[5,1] 15
not+se55:
	(2,2) 164
	[0,0] 16
n488+1:
	(3,48) 118
	[0,4] 12
n488+2:
	(2,36) 119
	[0,4] 12
n488+3:
	(6,37) 115
	[0,4] 12
n488:
	(8,39) 113
	[1,5] 11
n459:
	(40,9) 112
	[5,1] 11
not+se56:
	(2,2) 133
	[0,0] 12
n460+1:
	(3,38) 97
	[0,3] 9
n460+2:
	(2,31) 98
	[0,3] 9
n460+3:
	(6,32) 94
	[0,3] 9
n460:
	(8,34) 92
	[1,4] 8
not+se57:
	(2,2) 121
	[0,0] 11
n487+1:
	(3,26) 97
	[0,2] 9
n487+2:
	(2,36) 98
	[0,4] 9
n487+3:
	(6,27) 94
	[0,2] 9
n487:
	(8,29) 92
	[1,3] 8
n461:
	(30,9) 91
	[3,1] 8
not+se58:
	(2,2) 123
	[0,0] 11
n486+1:
	(3,39) 86
	[0,3] 8
n486+2:
	(2,31) 87
	[0,4] 8
n486+3:
	(6,32) 83
	[0,3] 8
n486:
	(8,34) 81
	[1,4] 7
n364:
	(35,9) 80
	[4,1] 7
not+se59:
	(2,2) 144
	[0,0] 13
n485+1:
	(3,52) 94
	[0,4] 9
n485+2:
	(2,26) 95
	[0,3] 9
n485+3:
	(6,27) 91
	[0,3] 9
n485:
	(8,29) 89
	[1,4] 8
n374:
	(30,9) 125
	[4,1] 11
not+se60:
	(2,2) 126
	[0,0] 12
n457+1:
	(3,26) 102
	[0,2] 10
n457+2:
	(2,21) 103
	[0,2] 10
n457+3:
	(6,22) 99
	[0,2] 10
n457:
	(8,24) 97
	[1,3] 9
not+se61:
	(2,2) 92
	[0,0] 8
n484+1:
	(3,16) 78
	[0,1] 7
n484+2:
	(2,56) 79
	[0,8] 7
n484+3:
	(6,17) 75
	[0,1] 7
n484:
	(8,19) 73
	[1,2] 6
n462:
	(20,9) 72
	[2,1] 6
not+se62:
	(2,2) 152
	[0,0] 16
n483+1:
	(3,73) 81
	[0,9] 7
n483+2:
	(2,51) 82
	[0,7] 7
n483+3:
	(6,52) 78
	[0,7] 7
n483:
	(8,54) 76
	[1,8] 6
n359:
	(55,9) 75
	[8,1] 6
not+se63:
	(2,2) 155
	[0,0] 16
n482+1:
	(3,68) 89
	[0,8] 8
n482+2:
	(2,46) 90
	[0,6] 8
n482+3:
	(6,47) 86
	[0,6] 8
n482:
	(8,49) 84
	[1,7] 7
n367:
	(50,9) 118
	[7,1] 10
not+se64:
	(2,2) 158
	[0,0] 16
n481+1:
	(3,63) 97
	[0,7] 9
n481+2:
	(2,41) 98
	[0,5] 9
n481+3:
	(6,42) 94
	[0,5] 9
n481:
	(8,44) 92
	[1,6] 8
n375:
	(45,9) 125
	[6,1] 11
not+se65:
	(2,2) 161
	[0,0] 16
n480+1:
	(3,58) 105
	[0,6] 10
n480+2:
	(2,36) 106
	[0,4] 10
n480+3:
	(6,37) 102
	[0,4] 10
n480:
	(8,39) 100
	[1,5] 9
n463:
	(40,9) 123
	[5,1] 11
not+se66:
	(2,2) 149
	[0,0] 14
n479+1:
	(3,38) 113
	[0,3] 11
n479+2:
	(2,31) 114
	[0,3] 11
n479+3:
	(6,32) 110
	[0,3] 11
n479:
	(8,34) 108
	[1,4] 10
n376:
	(35,9) 142
	[4,1] 13
not+se67:
	(2,2) 145
	[0,0] 14
n464+1:
	(3,26) 121
	[0,2] 12
n464+2:
	(2,38) 122
	[0,7] 12
n464+3:
	(6,27) 118
	[0,2] 12
n464:
	(8,29) 116
	[1,3] 11
not+se68:
	(2,2) 183
	[0,0] 21
n478+1:
	(3,56) 129
	[0,8] 13
n478+2:
	(2,33) 130
	[0,6] 13
n478+3:
	(6,34) 126
	[0,6] 13
n478:
	(8,36) 124
	[1,7] 12
n466:
	(37,9) 148
	[7,1] 14
not+se69:
	(2,2) 184
	[0,0] 21
n467+1:
	(3,49) 137
	[0,7] 14
n467+2:
	(2,28) 138
	[0,5] 14
n467+3:
	(6,29) 134
	[0,5] 14
n467:
	(8,31) 132
	[1,6] 13
not+se70:
	(2,2) 187
	[0,0] 19
n477+1:
	(3,44) 145
	[0,4] 15
n477+2:
	(2,23) 146
	[0,4] 15
n477+3:
	(6,24) 142
	[0,4] 15
n477:
	(8,26) 140
	[1,5] 14
n368:
	(27,9) 159
	[5,1] 17
not+se71:
	(2,2) 214
	[0,0] 22
n476+1:
	(3,63) 153
	[0,6] 16
n476+2:
	(2,18) 154
	[0,3] 16
n476+3:
	(6,19) 150
	[0,3] 16
n476:
	(8,21) 148
	[1,4] 15
n377:
	(22,9) 186
	[4,1] 20
not+se72:
	(2,2) 199
	[0,0] 20
n468+1:
	(3,40) 161
	[0,3] 17
n468+2:
	(2,13) 162
	[0,2] 17
n468+3:
	(6,14) 158
	[0,2] 17
n468:
	(8,16) 156
	[1,3] 16
not+se73:
	(2,2) 184
	[0,0] 18
G23+1:
	(3,17) 169
	[0,1] 17
G23+2:
	(2,8) 170
	[0,1] 17
G23+3:
	(6,9) 166
	[0,1] 17
G23:
	(8,11) 164
	[1,2] 16
not+se74:
	(2,2) 189
	[0,0] 18
G22+1:
	(3,14) 177
	[0,1] 17
G22+2:
	(2,3) 178
	[0,0] 17
G22+3:
	(6,4) 174
	[0,0] 17
G22:
	(8,6) 172
	[1,1] 16
Trigger_en0_0:
	(5,573) 192
	[0,60] 18
trig43_0n2+1:
	(98,12) 667
	[10,1] 68
trig43_0n2+2:
	(40,4) 725
	[2,0] 76
trig43_0n2:
	(139,5) 626
	[12,0] 66
trig43_0n3:
	(14,4) 751
	[1,0] 77
trig43_0n1+1:
	(39,3) 726
	[3,0] 75
trig43_0n1+2:
	(393,12) 372
	[45,1] 33
trig43_0n1:
	(433,4) 332
	[48,0] 30
troj17_0counter_0_:
	(9,9) 188
	[1,1] 17
not+en:
	(2,2) 195
	[0,0] 18
None+1:
	(3,22) 175
	[0,2] 16
None+2:
	(2,27) 176
	[0,3] 16
None+3:
	(6,23) 172
	[0,2] 16
None:
	(8,25) 170
	[1,3] 15
troj17_0n6:
	(26,9) 169
	[3,1] 15
not+en:
	(2,2) ∞
	[0,0] ∞
None+1:
	(3,32) ∞
	[0,3] ∞
None+2:
	(2,27) ∞
	[0,3] ∞
None+3:
	(6,23) ∞
	[0,2] ∞
None:
	(8,25) ∞
	[1,3] ∞
troj17_0n8:
	(26,9) ∞
	[3,1] ∞
not+en:
	(2,2) ∞
	[0,0] ∞
None+1:
	(3,7) ∞
	[0,0] ∞
None+2:
	(2,27) ∞
	[0,3] ∞
None+3:
	(6,23) ∞
	[0,2] ∞
None:
	(8,25) ∞
	[1,3] ∞
troj17_0n7:
	(26,9) ∞
	[3,1] ∞
Trojan_out0:
	(5,34) 161
	[1,4] 14
troj17_0n9:
	(1,1) 196
	[0,0] 18
troj17_0n10:
	(7,7) 190
	[0,0] 18
troj17_0N6+1:
	(2,3) 192
	[0,0] 18
troj17_0N6:
	(3,32) 163
	[0,3] 15
troj17_0N3:
	(4,4) ∞
	[0,0] ∞
troj17_0n3:
	(1,1) 194
	[0,0] 18
troj17_0n5:
	(30,2) ∞
	[3,0] ∞
troj17_0n2:
	(1,1) 194
	[0,0] 18
troj17_0N2:
	(12,29) ∞
	[1,3] ∞
troj17_0n4:
	(2,28) 167
	[0,3] 15
troj17_0n1:
	(1,1) 194
	[0,0] 18
troj17_0N1:
	(19,19) 178
	[2,2] 16
n246:
	(45,16) 150
	[5,2] 13
Trigger_en1_17+1:
	(9,211) 97
	[0,20] 8
Trigger_en1_17+2:
	(3,36) 103
	[0,3] 8
Trigger_en1_17:
	(37,13) 93
	[3,0] 8
troj17_1n2:
	(89,8) 219
	[10,0] 18
troj17_1n1+1:
	(61,19) 247
	[5,3] 23
troj17_1n1+2:
	(59,13) 249
	[5,1] 23
troj17_1n1:
	(121,14) 187
	[10,1] 18
G424:
	(41,17) 89
	[2,0] 8
test_so:
	(8,20) 0
	[1,2] 0

-----------------------------------
Sum of T(sa0)s: ∞
Sum of T(sa1)s: ∞
Testability index: ∞