0:
	(1,1) ∞
	[0,0] ∞
1:
	(1,1) 6
	[0,0] 1
x:
	(1,1) ∞
	[0,0] ∞
n0:
	(1,1) 16
	[0,0] 2
n1:
	(1,1) 17
	[0,0] 2
n2:
	(1,1) 30
	[0,0] 1
n3[13]:
	(1,1) 31
	[0,0] 1
n3[12]:
	(1,1) 31
	[0,0] 1
n3[11]:
	(1,1) 35
	[0,0] 1
n3[10]:
	(1,1) 35
	[0,0] 1
n3[9]:
	(1,1) ∞
	[0,0] ∞
n3[8]:
	(1,1) ∞
	[0,0] ∞
n3[7]:
	(1,1) ∞
	[0,0] ∞
n3[6]:
	(1,1) ∞
	[0,0] ∞
n3[5]:
	(1,1) ∞
	[0,0] ∞
n3[4]:
	(1,1) ∞
	[0,0] ∞
n3[3]:
	(1,1) ∞
	[0,0] ∞
n3[2]:
	(1,1) ∞
	[0,0] ∞
n3[1]:
	(1,1) ∞
	[0,0] ∞
n3[0]:
	(1,1) ∞
	[0,0] ∞
n4[12]:
	(1,1) 11
	[0,0] 1
n4[11]:
	(1,1) 15
	[0,0] 1
n4[10]:
	(1,1) 15
	[0,0] 1
n4[9]:
	(1,1) 15
	[0,0] 1
n4[8]:
	(1,1) 15
	[0,0] 1
n4[7]:
	(1,1) 15
	[0,0] 1
n4[6]:
	(1,1) 15
	[0,0] 1
n4[5]:
	(1,1) 15
	[0,0] 1
n4[4]:
	(1,1) 15
	[0,0] 1
n4[3]:
	(1,1) 23
	[0,0] 1
n4[2]:
	(1,1) 23
	[0,0] 1
n4[1]:
	(1,1) 23
	[0,0] 1
n4[0]:
	(1,1) 15
	[0,0] 1
n5[7]:
	(1,1) ∞
	[0,0] ∞
n5[6]:
	(1,1) ∞
	[0,0] ∞
n5[5]:
	(1,1) ∞
	[0,0] ∞
n5[4]:
	(1,1) ∞
	[0,0] ∞
n5[3]:
	(1,1) 56
	[0,0] 3
n5[2]:
	(1,1) 56
	[0,0] 3
n5[1]:
	(1,1) 56
	[0,0] 3
n5[0]:
	(1,1) 51
	[0,0] 3
n6[7]:
	(1,1) ∞
	[0,0] ∞
n6[6]:
	(1,1) ∞
	[0,0] ∞
n6[5]:
	(1,1) ∞
	[0,0] ∞
n6[4]:
	(1,1) ∞
	[0,0] ∞
n6[3]:
	(1,1) ∞
	[0,0] ∞
n6[2]:
	(1,1) ∞
	[0,0] ∞
n6[1]:
	(1,1) ∞
	[0,0] ∞
n6[0]:
	(1,1) ∞
	[0,0] ∞
n7[7]:
	(1,1) ∞
	[0,0] ∞
n7[6]:
	(1,1) ∞
	[0,0] ∞
n7[5]:
	(1,1) ∞
	[0,0] ∞
n7[4]:
	(1,1) ∞
	[0,0] ∞
n7[3]:
	(1,1) ∞
	[0,0] ∞
n7[2]:
	(1,1) ∞
	[0,0] ∞
n7[1]:
	(1,1) ∞
	[0,0] ∞
n7[0]:
	(1,1) ∞
	[0,0] ∞
n8[5]:
	(1,1) ∞
	[0,0] ∞
n8[4]:
	(1,1) ∞
	[0,0] ∞
n8[3]:
	(1,1) ∞
	[0,0] ∞
n8[2]:
	(1,1) ∞
	[0,0] ∞
n8[1]:
	(1,1) ∞
	[0,0] ∞
n8[0]:
	(1,1) ∞
	[0,0] ∞
n9[9]:
	(1,1) ∞
	[0,0] ∞
n9[8]:
	(1,1) ∞
	[0,0] ∞
n9[7]:
	(1,1) ∞
	[0,0] ∞
n9[6]:
	(1,1) ∞
	[0,0] ∞
n9[5]:
	(1,1) ∞
	[0,0] ∞
n9[4]:
	(1,1) ∞
	[0,0] ∞
n9[3]:
	(1,1) ∞
	[0,0] ∞
n9[2]:
	(1,1) ∞
	[0,0] ∞
n9[1]:
	(1,1) ∞
	[0,0] ∞
n9[0]:
	(1,1) ∞
	[0,0] ∞
n64:
	(4,8) 131
	[0,1] 10
n93:
	(28,6) 23
	[1,0] 2
n10[3]+1:
	(2,2) 25
	[0,0] 2
n10[3]+2:
	(2,2) 5
	[0,0] 1
n10[3]+3:
	(4,18) 3
	[1,1] 0
n10[3]:
	(7,3) 0
	[1,0] 0
n13[3]+1:
	(2,2) 72
	[0,0] 4
n13[3]+2:
	(2,2) 54
	[0,0] 3
n13[3]+3:
	(4,16) 52
	[1,1] 2
n13[3]:
	(7,3) 49
	[1,0] 2
n178:
	(2,5) 19
	[0,0] 1
n174:
	(15,4) 20
	[0,0] 1
n12[1]+1:
	(2,2) 120
	[0,0] 9
n12[1]+2:
	(2,2) 104
	[0,0] 8
n12[1]+3:
	(4,14) 102
	[1,1] 7
n12[1]:
	(7,3) 99
	[1,0] 7
n97:
	(9,10) 125
	[1,0] 10
n105:
	(9,9) 115
	[1,0] 8
n11[0]+1:
	(2,2) 80
	[0,0] 7
n11[0]+2:
	(2,2) 48
	[0,0] 4
n11[0]+3:
	(4,30) 46
	[1,3] 3
n11[0]:
	(7,3) 43
	[1,0] 3
n171:
	(2,2) 33
	[0,0] 1
n10[0]+1:
	(2,2) 20
	[0,0] 2
n10[0]+2:
	(2,2) 5
	[0,0] 1
n10[0]+3:
	(4,13) 3
	[1,1] 0
n10[0]:
	(7,3) 0
	[1,0] 0
n187:
	(2,5) 11
	[0,0] 1
n14[7]:
	(6,6) 7
	[0,0] 1
n73:
	(8,9) 43
	[1,0] 2
n137:
	(18,12) 56
	[1,0] 3
n34:
	(4,8) 168
	[0,1] 14
n183:
	(27,4) 13
	[0,0] 1
n101:
	(18,5) 51
	[2,0] 3
n14[6]:
	(6,6) 7
	[0,0] 1
n162:
	(2,2) 58
	[0,0] 1
n59:
	(4,7) 48
	[0,1] 2
n51:
	(4,8) 71
	[0,1] 4
n177:
	(19,4) 16
	[0,0] 1
n212:
	(3,10) 21
	[0,0] 1
n186:
	(31,4) 13
	[0,0] 1
n15[1]+1:
	(2,2) 132
	[0,0] 11
n15[1]+2:
	(2,2) 115
	[0,0] 10
n15[1]+3:
	(4,15) 113
	[1,1] 9
n15[1]:
	(7,3) 110
	[1,0] 9
n72:
	(8,9) 38
	[1,0] 2
n91:
	(6,34) 63
	[0,4] 4
n160:
	(2,2) 30
	[0,0] 1
n146:
	(14,14) 7
	[0,0] 1
n14[10]:
	(6,6) 7
	[0,0] 1
n45:
	(15,11) 147
	[1,0] 12
n55:
	(4,8) 48
	[0,1] 2
n46:
	(15,11) 157
	[1,0] 14
n24:
	(9,9) 104
	[0,1] 9
n190:
	(2,5) 11
	[0,0] 1
n31:
	(4,17) 158
	[0,2] 13
n197:
	(3,46) 10
	[0,0] 1
n80:
	(4,15) 71
	[0,2] 4
n116:
	(18,11) 58
	[2,0] 4
n12[0]+1:
	(2,2) 180
	[0,0] 14
n12[0]+2:
	(2,2) 164
	[0,0] 13
n12[0]+3:
	(4,14) 162
	[1,1] 12
n12[0]:
	(7,3) 159
	[1,0] 12
n150:
	(14,14) 7
	[0,0] 1
n180:
	(23,4) 13
	[0,0] 1
n122:
	(14,10) 176
	[1,0] 15
n21:
	(4,8) 109
	[0,1] 9
n14[5]:
	(6,6) 7
	[0,0] 1
n203:
	(3,54) 9
	[0,0] 1
n114:
	(7,37) 9
	[0,2] 1
n133:
	(8,46) 116
	[0,4] 9
n208:
	(5,3) 30
	[0,0] 1
n61:
	(4,8) 120
	[0,1] 8
n16[3]+1:
	(2,2) 61
	[0,0] 4
n16[3]+2:
	(2,2) 53
	[0,0] 3
n16[3]+3:
	(3,5) 52
	[1,1] 2
n16[3]:
	(6,3) 49
	[1,0] 2
n83:
	(29,6) 79
	[3,0] 7
n209:
	(4,8) 27
	[0,0] 1
n15[2]+1:
	(2,2) 132
	[0,0] 11
n15[2]+2:
	(2,2) 115
	[0,0] 10
n15[2]+3:
	(4,15) 113
	[1,1] 9
n15[2]:
	(7,3) 110
	[1,0] 9
n22:
	(4,8) 109
	[0,1] 9
n121:
	(17,11) 117
	[1,0] 10
n145:
	(12,26) 50
	[0,2] 4
n199:
	(2,5) 11
	[0,0] 1
n33:
	(4,8) 168
	[0,1] 14
n50:
	(4,8) 42
	[0,1] 3
n206:
	(2,3) 33
	[0,0] 1
n154:
	(17,13) 148
	[0,1] 12
n13[2]+1:
	(2,2) 72
	[0,0] 4
n13[2]+2:
	(2,2) 54
	[0,0] 3
n13[2]+3:
	(4,16) 52
	[1,1] 2
n13[2]:
	(7,3) 49
	[1,0] 2
n17:
	(4,8) 98
	[0,1] 7
n49:
	(14,18) 147
	[1,0] 12
n30:
	(10,10) 157
	[0,1] 12
n163:
	(2,2) 54
	[0,0] 1
n63:
	(4,8) 131
	[0,1] 10
n108:
	(7,45) 127
	[0,4] 11
n170:
	(2,2) 33
	[0,0] 1
n117:
	(17,11) 117
	[1,0] 10
n103:
	(9,9) 115
	[1,0] 8
n164:
	(2,2) 38
	[0,0] 1
n86:
	(4,23) 71
	[0,3] 3
n11[3]+1:
	(2,2) 68
	[0,0] 6
n11[3]+2:
	(2,2) 48
	[0,0] 4
n11[3]+3:
	(4,18) 46
	[1,2] 3
n11[3]:
	(7,3) 43
	[1,0] 3
n81:
	(16,5) 70
	[2,0] 4
n89:
	(23,5) 23
	[1,0] 2
n147:
	(6,29) 57
	[0,2] 4
n149:
	(9,9) 7
	[0,0] 1
n185:
	(3,30) 10
	[0,0] 1
n128:
	(9,11) 60
	[1,0] 3
n157:
	(16,14) 158
	[0,1] 14
n124:
	(9,9) 55
	[1,0] 4
n112:
	(7,37) 14
	[0,2] 1
n15[0]+1:
	(2,2) 190
	[0,0] 16
n15[0]+2:
	(2,2) 174
	[0,0] 15
n15[0]+3:
	(4,14) 172
	[1,1] 14
n15[0]:
	(7,3) 169
	[1,0] 14
n182:
	(3,26) 10
	[0,0] 1
n135:
	(8,35) 66
	[0,3] 4
n67:
	(4,14) 47
	[0,2] 3
n120:
	(6,23) 57
	[0,2] 4
n20:
	(9,9) 93
	[0,1] 7
n194:
	(3,42) 10
	[0,0] 1
n90:
	(7,39) 69
	[0,4] 6
n36:
	(4,15) 168
	[0,2] 15
n207:
	(2,3) 29
	[0,0] 1
n78:
	(10,10) 36
	[0,1] 3
n85:
	(24,5) 70
	[3,0] 3
n189:
	(35,4) 13
	[0,0] 1
n66:
	(4,14) 47
	[0,2] 3
n152:
	(10,14) 148
	[0,1] 12
n169:
	(2,2) 61
	[0,0] 1
n68:
	(4,15) 73
	[0,2] 5
n113:
	(7,37) 14
	[0,2] 1
n42:
	(4,8) 131
	[0,1] 10
n14[4]:
	(6,6) 7
	[0,0] 1
n141:
	(18,10) 106
	[1,0] 8
n75:
	(8,9) 43
	[1,0] 2
n76:
	(4,14) 42
	[0,2] 3
n143:
	(18,12) 51
	[1,0] 3
n14[8]:
	(6,6) 7
	[0,0] 1
n131:
	(8,35) 66
	[0,3] 4
n127:
	(9,11) 65
	[1,0] 3
n52:
	(4,8) 43
	[0,1] 2
n10[4]+1:
	(2,2) 17
	[0,0] 2
n10[4]+2:
	(2,2) 5
	[0,0] 1
n10[4]+3:
	(4,10) 3
	[1,1] 0
n10[4]:
	(7,3) 0
	[1,0] 0
n158:
	(10,14) 158
	[0,1] 14
n118:
	(17,11) 117
	[1,0] 10
n123:
	(4,38) 176
	[0,4] 14
n19:
	(4,8) 98
	[0,1] 7
n10[7]+1:
	(2,2) 17
	[0,0] 2
n10[7]+2:
	(2,2) 5
	[0,0] 1
n10[7]+3:
	(4,10) 3
	[1,1] 0
n10[7]:
	(7,3) 0
	[1,0] 0
n100:
	(4,17) 52
	[0,2] 3
n200:
	(3,50) 10
	[0,0] 1
n27:
	(4,8) 163
	[0,1] 12
n166:
	(2,2) 42
	[0,0] 1
n13[1]+1:
	(2,2) 72
	[0,0] 4
n13[1]+2:
	(2,2) 54
	[0,0] 3
n13[1]+3:
	(4,16) 52
	[1,1] 2
n13[1]:
	(7,3) 49
	[1,0] 2
n144:
	(10,14) 50
	[0,1] 4
n165:
	(2,2) 34
	[0,0] 1
n196:
	(2,5) 11
	[0,0] 1
n102:
	(9,9) 115
	[1,0] 8
n107:
	(7,45) 127
	[0,4] 11
n65:
	(4,8) 120
	[0,1] 8
n134:
	(8,46) 116
	[0,4] 9
n205:
	(2,2) 33
	[0,0] 1
n125:
	(9,11) 65
	[1,0] 3
n10[2]+1:
	(2,2) 25
	[0,0] 2
n10[2]+2:
	(2,2) 5
	[0,0] 1
n10[2]+3:
	(4,18) 3
	[1,1] 0
n10[2]:
	(7,3) 0
	[1,0] 0
n25:
	(4,8) 158
	[0,1] 12
n18:
	(4,8) 98
	[0,1] 7
n82:
	(4,17) 65
	[0,2] 5
n10[1]+1:
	(2,2) 25
	[0,0] 2
n10[1]+2:
	(2,2) 5
	[0,0] 1
n10[1]+3:
	(4,18) 3
	[1,1] 0
n10[1]:
	(7,3) 0
	[1,0] 0
n37:
	(9,9) 163
	[1,0] 14
n14[3]:
	(6,6) 15
	[0,0] 1
n62:
	(4,7) 48
	[0,1] 2
n60:
	(4,8) 120
	[0,1] 8
n211:
	(2,2) 29
	[0,0] 1
n168:
	(11,4) 21
	[0,0] 1
n87:
	(9,9) 68
	[1,0] 5
n70:
	(12,4) 34
	[1,0] 2
n16[0]+1:
	(2,2) 56
	[0,0] 4
n16[0]+2:
	(2,2) 48
	[0,0] 3
n16[0]+3:
	(3,5) 47
	[1,1] 2
n16[0]:
	(6,3) 44
	[1,0] 2
n115:
	(7,37) 14
	[0,2] 1
n153:
	(16,14) 148
	[0,1] 12
n11[2]+1:
	(2,2) 73
	[0,0] 6
n11[2]+2:
	(2,2) 44
	[0,0] 3
n11[2]+3:
	(4,27) 42
	[1,3] 2
n11[2]:
	(7,3) 39
	[1,0] 2
n140:
	(18,10) 106
	[1,0] 8
n10[12]+1:
	(2,2) 16
	[0,0] 2
n10[12]+2:
	(2,2) 5
	[0,0] 1
n10[12]+3:
	(4,9) 3
	[1,1] 0
n10[12]:
	(7,3) 0
	[1,0] 0
n54:
	(4,8) 42
	[0,1] 3
n195:
	(43,4) 13
	[0,0] 1
n202:
	(2,5) 11
	[0,0] 1
n14[1]:
	(6,6) 15
	[0,0] 1
n12[2]+1:
	(2,2) 120
	[0,0] 9
n12[2]+2:
	(2,2) 104
	[0,0] 8
n12[2]+3:
	(4,14) 102
	[1,1] 7
n12[2]:
	(7,3) 99
	[1,0] 7
n99:
	(18,5) 62
	[2,0] 4
n48:
	(14,18) 157
	[1,0] 14
n188:
	(3,34) 10
	[0,0] 1
n71:
	(12,4) 96
	[1,0] 9
n14[12]:
	(5,5) 7
	[0,0] 1
n193:
	(2,5) 11
	[0,0] 1
n94:
	(28,6) 23
	[1,0] 2
n167:
	(2,2) 50
	[0,0] 1
n12[3]+1:
	(2,2) 120
	[0,0] 9
n12[3]+2:
	(2,2) 104
	[0,0] 8
n12[3]+3:
	(4,14) 102
	[1,1] 7
n12[3]:
	(7,3) 99
	[1,0] 7
n11[1]+1:
	(2,2) 78
	[0,0] 7
n11[1]+2:
	(2,2) 48
	[0,0] 4
n11[1]+3:
	(4,28) 46
	[1,3] 3
n11[1]:
	(7,3) 43
	[1,0] 3
n155:
	(9,14) 99
	[1,0] 9
n161:
	(2,2) 46
	[0,0] 1
n173:
	(3,14) 18
	[0,0] 1
n184:
	(2,5) 11
	[0,0] 1
n95:
	(28,6) 18
	[1,0] 2
n210:
	(7,4) 24
	[0,0] 1
n130:
	(8,35) 66
	[0,3] 4
n151:
	(13,24) 50
	[0,2] 4
n98:
	(4,17) 60
	[0,2] 4
n191:
	(3,38) 10
	[0,0] 1
n32:
	(9,15) 152
	[1,0] 12
n39:
	(4,17) 168
	[0,2] 15
n126:
	(9,11) 65
	[1,0] 3
n92:
	(28,6) 23
	[1,0] 2
n29:
	(9,9) 153
	[1,0] 12
n14[11]:
	(6,6) 7
	[0,0] 1
n47:
	(15,17) 157
	[1,0] 14
n175:
	(2,5) 19
	[0,0] 1
n44:
	(15,17) 147
	[1,0] 12
n198:
	(47,4) 13
	[0,0] 1
n106:
	(7,44) 127
	[0,4] 11
n16[2]+1:
	(2,2) 61
	[0,0] 4
n16[2]+2:
	(2,2) 53
	[0,0] 3
n16[2]+3:
	(3,5) 52
	[1,1] 2
n16[2]:
	(6,3) 49
	[1,0] 2
n74:
	(8,9) 43
	[1,0] 2
n129:
	(8,45) 116
	[0,4] 9
n176:
	(3,18) 17
	[0,0] 1
n138:
	(18,12) 56
	[1,0] 3
n14[2]:
	(6,6) 15
	[0,0] 1
n119:
	(6,23) 46
	[0,2] 3
n111:
	(6,29) 65
	[0,3] 3
n10[9]+1:
	(2,2) 17
	[0,0] 2
n10[9]+2:
	(2,2) 5
	[0,0] 1
n10[9]+3:
	(4,10) 3
	[1,1] 0
n10[9]:
	(7,3) 0
	[1,0] 0
n192:
	(39,4) 13
	[0,0] 1
n179:
	(3,22) 13
	[0,0] 1
n10[6]+1:
	(2,2) 17
	[0,0] 2
n10[6]+2:
	(2,2) 5
	[0,0] 1
n10[6]+3:
	(4,10) 3
	[1,1] 0
n10[6]:
	(7,3) 0
	[1,0] 0
n35:
	(4,8) 173
	[0,1] 14
n104:
	(9,9) 171
	[1,0] 13
n109:
	(9,10) 125
	[1,0] 10
n77:
	(9,9) 37
	[1,0] 3
n38:
	(10,10) 167
	[0,1] 14
n43:
	(4,7) 48
	[0,1] 2
n26:
	(4,8) 158
	[0,1] 12
n10[10]+1:
	(2,2) 17
	[0,0] 2
n10[10]+2:
	(2,2) 5
	[0,0] 1
n10[10]+3:
	(4,10) 3
	[1,1] 0
n10[10]:
	(7,3) 0
	[1,0] 0
n58:
	(4,8) 48
	[0,1] 2
n110:
	(30,7) 66
	[3,0] 4
n13[0]+1:
	(2,2) 67
	[0,0] 4
n13[0]+2:
	(2,2) 49
	[0,0] 3
n13[0]+3:
	(4,16) 47
	[1,1] 2
n13[0]:
	(7,3) 44
	[1,0] 2
n142:
	(18,10) 106
	[1,0] 8
n10[8]+1:
	(2,2) 17
	[0,0] 2
n10[8]+2:
	(2,2) 5
	[0,0] 1
n10[8]+3:
	(4,10) 3
	[1,1] 0
n10[8]:
	(7,3) 0
	[1,0] 0
n204:
	(2,2) 33
	[0,0] 1
n96:
	(9,10) 125
	[1,0] 10
n16[1]+1:
	(2,2) 61
	[0,0] 4
n16[1]+2:
	(2,2) 53
	[0,0] 3
n16[1]+3:
	(3,5) 52
	[1,1] 2
n16[1]:
	(6,3) 49
	[1,0] 2
n69:
	(4,14) 47
	[0,2] 3
n14[9]:
	(6,6) 7
	[0,0] 1
n181:
	(2,5) 11
	[0,0] 1
n148:
	(14,14) 7
	[0,0] 1
n28:
	(4,15) 158
	[0,2] 13
n41:
	(4,8) 42
	[0,1] 3
n10[11]+1:
	(2,2) 17
	[0,0] 2
n10[11]+2:
	(2,2) 5
	[0,0] 1
n10[11]+3:
	(4,10) 3
	[1,1] 0
n10[11]:
	(7,3) 0
	[1,0] 0
n40:
	(9,15) 162
	[1,0] 14
n139:
	(14,10) 166
	[1,0] 13
n79:
	(15,4) 79
	[2,0] 4
n15[3]+1:
	(2,2) 132
	[0,0] 11
n15[3]+2:
	(2,2) 115
	[0,0] 10
n15[3]+3:
	(4,15) 113
	[1,1] 9
n15[3]:
	(7,3) 110
	[1,0] 9
n132:
	(8,35) 61
	[0,3] 4
n156:
	(17,13) 158
	[0,1] 14
n201:
	(51,4) 12
	[0,0] 1
n57:
	(4,8) 176
	[0,1] 13
n159:
	(9,14) 88
	[1,0] 7
n88:
	(9,15) 60
	[1,0] 4
n53:
	(4,8) 48
	[0,1] 2
n136:
	(18,12) 56
	[1,0] 3
n10[5]+1:
	(2,2) 17
	[0,0] 2
n10[5]+2:
	(2,2) 5
	[0,0] 1
n10[5]+3:
	(4,10) 3
	[1,1] 0
n10[5]:
	(7,3) 0
	[1,0] 0
n172:
	(2,5) 19
	[0,0] 1
n56:
	(4,7) 43
	[0,1] 2
n84:
	(5,28) 80
	[0,3] 7
n23:
	(4,8) 109
	[0,1] 9

-----------------------------------
Sum of T(sa0)s: ∞
Sum of T(sa1)s: ∞
Testability index: ∞