0:
	(1,1) ∞
	[0,0] ∞
1:
	(1,1) 2
	[0,0] 0
x:
	(1,1) ∞
	[0,0] ∞
N1:
	(1,1) 8
	[0,0] 0
N13:
	(1,1) 14
	[0,0] 0
N20:
	(1,1) 19
	[0,0] 0
N33:
	(1,1) 29
	[0,0] 0
N41:
	(1,1) 14
	[0,0] 0
N45:
	(1,1) 45
	[0,0] 0
N50:
	(1,1) 16
	[0,0] 0
N58:
	(1,1) 19
	[0,0] 0
N68:
	(1,1) 19
	[0,0] 0
N77:
	(1,1) 20
	[0,0] 0
N87:
	(1,1) 3
	[0,0] 0
N97:
	(1,1) 19
	[0,0] 0
N107:
	(1,1) 19
	[0,0] 0
N116:
	(1,1) 17
	[0,0] 0
N124:
	(1,1) 50
	[0,0] 0
N125:
	(1,1) 50
	[0,0] 0
N128:
	(1,1) 50
	[0,0] 0
N132:
	(1,1) 50
	[0,0] 0
N137:
	(1,1) 44
	[0,0] 0
N143:
	(1,1) 44
	[0,0] 0
N150:
	(1,1) 44
	[0,0] 0
N159:
	(1,1) 44
	[0,0] 0
N169:
	(1,1) 30
	[0,0] 0
N179:
	(1,1) 29
	[0,0] 0
N190:
	(1,1) 50
	[0,0] 0
N200:
	(1,1) 51
	[0,0] 0
N213:
	(1,1) 5
	[0,0] 0
N222:
	(1,1) ∞
	[0,0] ∞
N223:
	(1,1) ∞
	[0,0] ∞
N226:
	(1,1) 59
	[0,0] 0
N232:
	(1,1) 59
	[0,0] 0
N238:
	(1,1) 13
	[0,0] 0
N244:
	(1,1) 13
	[0,0] 0
N250:
	(1,1) 53
	[0,0] 0
N257:
	(1,1) 14
	[0,0] 0
N264:
	(1,1) 14
	[0,0] 0
N270:
	(1,1) 49
	[0,0] 0
N274:
	(1,1) 45
	[0,0] 0
N283:
	(1,1) 41
	[0,0] 0
N294:
	(1,1) 45
	[0,0] 0
N303:
	(1,1) 44
	[0,0] 0
N311:
	(1,1) 44
	[0,0] 0
N317:
	(1,1) 44
	[0,0] 0
N322:
	(1,1) 44
	[0,0] 0
N326:
	(1,1) 44
	[0,0] 0
N329:
	(1,1) ∞
	[0,0] ∞
N330:
	(1,1) 15
	[0,0] 0
N343:
	(1,1) 8
	[0,0] 0
N349:
	(1,1) 52
	[0,0] 0
N350:
	(1,1) 19
	[0,0] 0
N5121:
	(15,8) 0
	[0,0] 0
N5120:
	(10,6) 0
	[0,0] 0
N5102:
	(12,9) 0
	[0,0] 0
N5078:
	(14,6) 0
	[0,0] 0
N5047:
	(12,8) 0
	[0,0] 0
N4944:
	(8,9) 0
	[0,0] 0
n570:
	(4,17) 30
	[0,0] 0
n573:
	(4,21) 30
	[0,0] 0
n575:
	(3,27) 24
	[0,0] 0
n578:
	(3,32) 31
	[0,0] 0
n581:
	(3,14) 31
	[0,0] 0
N5231:
	(6,2) 0
	[0,0] 0
N5192:
	(15,4) 0
	[0,0] 0
N5045:
	(7,9) 0
	[0,0] 0
N5002:
	(9,9) 0
	[0,0] 0
N4815:
	(7,8) 0
	[0,0] 0
N4667:
	(8,5) 0
	[0,0] 0
N4589:
	(4,2) 0
	[0,0] 0
N4145:
	(6,2) 0
	[0,0] 0
N4028:
	(2,3) 0
	[0,0] 0
N3195:
	(8,10) 0
	[0,0] 0
N1947:
	(4,2) 0
	[0,0] 0
N1713:
	(3,7) 0
	[0,0] 0
n606:
	(2,5) 47
	[0,0] 0
n608:
	(4,5) 44
	[0,0] 0
n610:
	(2,6) 42
	[0,0] 0
n611:
	(2,3) 50
	[0,0] 0
n612:
	(2,12) 52
	[0,0] 0
n615:
	(2,10) 52
	[0,0] 0
n618:
	(2,13) 52
	[0,0] 0
n621:
	(2,5) 15
	[0,0] 0
n623:
	(2,7) 15
	[0,0] 0
n626:
	(2,4) 15
	[0,0] 0
n629:
	(2,12) 52
	[0,0] 0
n630:
	(2,10) 52
	[0,0] 0
n632:
	(2,13) 52
	[0,0] 0
n634:
	(2,3) 53
	[0,0] 0
n636:
	(2,13) 32
	[0,0] 0
n639:
	(2,3) 87
	[0,0] 0
n641:
	(2,3) 87
	[0,0] 0
n642:
	(2,3) 87
	[0,0] 0
n645:
	(2,12) 50
	[0,0] 0
n646:
	(2,10) 50
	[0,0] 0
n648:
	(2,13) 50
	[0,0] 0
n650:
	(2,3) 40
	[0,0] 0
n651:
	(2,3) 40
	[0,0] 0
n652:
	(2,3) 40
	[0,0] 0
n653:
	(2,12) 42
	[0,0] 0
n654:
	(2,10) 42
	[0,0] 0
n656:
	(2,13) 42
	[0,0] 0
n658:
	(2,5) 55
	[0,0] 0
n660:
	(4,5) 52
	[0,0] 0
n661:
	(2,6) 50
	[0,0] 0
n662:
	(2,12) 55
	[0,0] 0
n663:
	(2,10) 55
	[0,0] 0
n665:
	(2,13) 55
	[0,0] 0
n667:
	(2,12) 50
	[0,0] 0
n668:
	(2,10) 50
	[0,0] 0
n670:
	(2,13) 50
	[0,0] 0
n672:
	(2,3) 46
	[0,0] 0
n673:
	(6,20) 28
	[0,0] 0
n676:
	(2,3) 39
	[0,0] 0
n677:
	(2,3) 39
	[0,0] 0
n678:
	(2,3) 39
	[0,0] 0
n679:
	(2,12) 42
	[0,0] 0
n681:
	(2,10) 42
	[0,0] 0
n683:
	(2,13) 42
	[0,0] 0
n685:
	(2,3) 54
	[0,0] 0
n686:
	(2,3) 54
	[0,0] 0
n687:
	(2,3) 54
	[0,0] 0
n688:
	(2,12) 41
	[0,0] 0
n689:
	(2,10) 41
	[0,0] 0
n691:
	(2,13) 41
	[0,0] 0
n692:
	(4,11) 30
	[0,0] 0
n694:
	(23,3) 29
	[0,0] 0
n697:
	(7,19) 59
	[0,0] 0
n700:
	(2,9) 57
	[0,0] 0
n702:
	(8,12) 47
	[0,0] 0
n704:
	(3,32) 52
	[0,0] 0
n707:
	(2,7) 10
	[0,0] 0
n710:
	(2,9) 46
	[0,0] 0
n712:
	(2,9) 46
	[0,0] 0
n714:
	(2,9) 46
	[0,0] 0
n716:
	(2,9) 46
	[0,0] 0
n718:
	(2,3) 48
	[0,0] 0
n721:
	(2,9) 48
	[0,0] 0
n724:
	(2,9) 48
	[0,0] 0
n726:
	(3,2) ∞
	[0,0] ∞
n728:
	(2,9) 48
	[0,0] 0
n730:
	(2,9) 48
	[0,0] 0
n732:
	(4,24) 26
	[0,0] 0
n735:
	(3,21) 27
	[0,0] 0
n738:
	(5,23) 7
	[0,0] 0
n741:
	(2,9) 50
	[0,0] 0
n743:
	(2,9) 50
	[0,0] 0
n744:
	(2,9) 50
	[0,0] 0
n745:
	(2,5) 28
	[0,0] 0
n746:
	(2,4) 28
	[0,0] 0
n747:
	(2,3) 15
	[0,0] 0
n749:
	(3,7) 10
	[0,0] 0
n751:
	(2,9) 43
	[0,0] 0
n753:
	(2,9) 43
	[0,0] 0
n754:
	(2,9) 43
	[0,0] 0
n755:
	(2,5) 21
	[0,0] 0
n756:
	(2,3) 21
	[0,0] 0
n758:
	(2,5) 25
	[0,0] 0
n760:
	(2,4) 12
	[0,0] 0
n762:
	(2,9) 48
	[0,0] 0
n763:
	(2,9) 48
	[0,0] 0
n764:
	(2,9) 48
	[0,0] 0
n765:
	(2,9) ∞
	[0,0] ∞
n766:
	(2,9) ∞
	[0,0] ∞
n768:
	(2,9) 53
	[0,0] 0
n769:
	(2,9) 53
	[0,0] 0
n770:
	(2,9) 53
	[0,0] 0
n772:
	(2,9) 53
	[0,0] 0
n774:
	(2,9) 53
	[0,0] 0
n775:
	(2,9) 53
	[0,0] 0
n776:
	(4,25) 30
	[0,0] 0
n779:
	(3,19) 31
	[0,0] 0
n782:
	(5,25) 9
	[0,0] 0
n785:
	(2,9) 43
	[0,0] 0
n786:
	(2,3) 43
	[0,0] 0
n787:
	(4,9) 23
	[0,0] 0
n790:
	(2,6) 21
	[0,0] 0
n792:
	(2,7) 21
	[0,0] 0
n795:
	(2,10) 25
	[0,0] 0
n797:
	(2,13) 25
	[0,0] 0
n799:
	(8,9) 28
	[0,0] 0
n802:
	(3,2) ∞
	[0,0] ∞
n804:
	(2,9) 47
	[0,0] 0
n806:
	(2,10) 26
	[0,0] 0
n807:
	(2,3) 26
	[0,0] 0
n809:
	(2,3) 15
	[0,0] 0
n811:
	(3,7) 10
	[0,0] 0
n812:
	(2,3) 18
	[0,0] 0
n813:
	(8,9) 23
	[0,0] 0
n816:
	(3,2) ∞
	[0,0] ∞
n817:
	(2,9) 42
	[0,0] 0
n818:
	(2,10) 21
	[0,0] 0
n819:
	(2,7) 21
	[0,0] 0
n821:
	(2,7) 9
	[0,0] 0
n822:
	(2,5) 4
	[0,0] 0
n824:
	(4,8) 11
	[0,0] 0
n827:
	(2,3) 12
	[0,0] 0
n828:
	(2,3) 33
	[0,0] 0
n829:
	(2,3) 33
	[0,0] 0
n830:
	(2,3) 33
	[0,0] 0
n831:
	(2,3) 33
	[0,0] 0
n832:
	(2,3) 33
	[0,0] 0
n833:
	(2,3) 33
	[0,0] 0
n834:
	(2,3) 33
	[0,0] 0
n835:
	(2,3) 33
	[0,0] 0
n837:
	(6,23) 12
	[0,0] 0
n840:
	(3,7) 42
	[0,0] 0
n843:
	(2,5) 53
	[0,0] 0
n844:
	(2,5) 46
	[0,0] 0
n800:
	(2,7) 35
	[0,0] 0
n814:
	(2,7) 30
	[0,0] 0
n825:
	(2,3) 17
	[0,0] 0
n601:
	(3,10) 7
	[0,0] 0
n851:
	(1,1) 19
	[0,0] 0
n852:
	(1,1) 14
	[0,0] 0
n853:
	(1,1) 10
	[0,0] 0
n643:
	(1,1) 14
	[0,0] 0
n854:
	(2,3) 12
	[0,0] 0
n855:
	(5,2) 10
	[0,0] 0
n856:
	(1,1) 32
	[0,0] 0
n857:
	(2,4) 44
	[0,0] 0
n609:
	(2,3) 46
	[0,0] 0
n644:
	(1,1) 6
	[0,0] 0
n607:
	(3,2) 49
	[0,0] 0
n771:
	(1,1) 6
	[0,0] 0
n858:
	(3,2) 44
	[0,0] 0
n859:
	(5,4) 40
	[0,0] 0
n862:
	(5,8) 37
	[0,0] 0
n864:
	(2,4) 44
	[0,0] 0
n866:
	(1,1) 27
	[0,0] 0
n860:
	(3,2) 38
	[0,0] 0
n867:
	(5,6) 44
	[0,0] 0
n649:
	(1,1) 35
	[0,0] 0
n868:
	(3,6) 45
	[0,0] 0
n613:
	(10,3) 43
	[0,0] 0
n619:
	(1,1) 63
	[0,0] 0
n616:
	(8,2) 43
	[0,0] 0
n631:
	(1,1) 32
	[0,0] 0
n620:
	(11,3) 43
	[0,0] 0
n633:
	(1,1) 35
	[0,0] 0
n871:
	(1,1) 40
	[0,0] 0
n872:
	(1,1) 30
	[0,0] 0
n873:
	(9,5) 36
	[0,0] 0
n657:
	(1,1) 13
	[0,0] 0
n647:
	(1,1) 4
	[0,0] 0
n876:
	(1,1) 54
	[0,0] 0
n698:
	(8,8) 27
	[0,0] 0
n773:
	(1,1) 6
	[0,0] 0
n614:
	(1,1) 63
	[0,0] 0
n617:
	(1,1) 6
	[0,0] 0
n666:
	(1,1) 13
	[0,0] 0
n655:
	(1,1) 4
	[0,0] 0
n705:
	(20,2) 15
	[0,0] 0
n706:
	(11,5) 20
	[0,0] 0
n881:
	(9,5) 26
	[0,0] 0
n884:
	(8,8) 17
	[0,0] 0
n886:
	(1,1) 19
	[0,0] 0
n887:
	(7,3) 38
	[0,0] 0
n664:
	(1,1) 35
	[0,0] 0
n890:
	(2,3) 57
	[0,0] 0
n891:
	(2,3) 43
	[0,0] 0
n893:
	(4,6) 43
	[0,0] 0
n836:
	(1,1) 35
	[0,0] 0
n680:
	(1,1) 35
	[0,0] 0
n682:
	(1,1) 51
	[0,0] 0
n684:
	(1,1) 35
	[0,0] 0
n894:
	(14,8) 30
	[0,0] 0
n659:
	(3,2) 48
	[0,0] 0
n671:
	(1,1) 13
	[0,0] 0
n897:
	(14,8) 43
	[0,0] 0
n900:
	(9,5) 39
	[0,0] 0
n669:
	(1,1) 50
	[0,0] 0
n903:
	(14,8) 38
	[0,0] 0
n906:
	(9,5) 29
	[0,0] 0
n690:
	(1,1) 50
	[0,0] 0
n909:
	(14,8) 29
	[0,0] 0
n912:
	(8,8) 46
	[0,0] 0
n674:
	(8,8) 30
	[0,0] 0
n579:
	(20,2) 34
	[0,0] 0
n580:
	(11,5) 19
	[0,0] 0
n675:
	(11,5) 27
	[0,0] 0
n921:
	(6,4) 15
	[0,0] 0
n924:
	(3,29) 6
	[0,0] 0
n925:
	(19,11) 36
	[0,0] 0
n923:
	(3,2) 19
	[0,0] 0
n919:
	(9,5) 25
	[0,0] 0
n930:
	(8,8) 19
	[0,0] 0
n932:
	(15,2) 17
	[0,0] 0
n934:
	(9,22) 33
	[0,0] 0
n696:
	(3,18) 18
	[0,0] 0
n937:
	(24,2) 32
	[0,0] 0
n939:
	(2,7) 8
	[0,0] 0
n750:
	(4,2) 13
	[0,0] 0
n572:
	(14,3) 29
	[0,0] 0
n574:
	(18,3) 29
	[0,0] 0
n638:
	(11,5) 30
	[0,0] 0
n693:
	(8,3) 29
	[0,0] 0
n946:
	(3,22) 26
	[0,0] 0
n949:
	(17,13) 17
	[0,0] 0
n622:
	(3,2) 17
	[0,0] 0
n742:
	(7,3) 45
	[0,0] 0
n954:
	(2,3) 47
	[0,0] 0
n805:
	(7,3) 44
	[0,0] 0
n956:
	(2,5) 50
	[0,0] 0
n711:
	(7,2) 48
	[0,0] 0
n713:
	(7,3) 48
	[0,0] 0
n715:
	(7,2) 48
	[0,0] 0
n717:
	(7,3) 48
	[0,0] 0
n960:
	(2,3) 49
	[0,0] 0
n722:
	(7,3) 45
	[0,0] 0
n961:
	(4,5) 44
	[0,0] 0
n720:
	(1,1) 50
	[0,0] 0
n723:
	(1,1) 47
	[0,0] 0
n725:
	(1,1) 56
	[0,0] 0
n729:
	(1,1) 51
	[0,0] 0
n731:
	(1,1) 56
	[0,0] 0
n963:
	(3,6) 35
	[0,0] 0
n788:
	(2,3) 30
	[0,0] 0
n965:
	(3,7) 23
	[0,0] 0
n966:
	(2,3) 41
	[0,0] 0
n967:
	(2,3) 41
	[0,0] 0
n968:
	(2,13) 17
	[0,0] 0
n969:
	(4,2) ∞
	[0,0] ∞
n970:
	(7,7) 12
	[0,0] 0
n596:
	(3,2) 2
	[0,0] 0
n972:
	(6,9) 17
	[0,0] 0
n752:
	(1,1) 51
	[0,0] 0
n767:
	(1,1) 51
	[0,0] 0
n974:
	(2,7) 34
	[0,0] 0
n975:
	(4,6) 32
	[0,0] 0
n976:
	(2,3) 34
	[0,0] 0
n796:
	(8,3) 20
	[0,0] 0
n979:
	(7,3) 38
	[0,0] 0
n982:
	(2,3) 18
	[0,0] 0
n849:
	(5,2) 12
	[0,0] 0
n850:
	(4,2) 13
	[0,0] 0
n983:
	(11,11) ∞
	[0,0] ∞
n986:
	(11,11) 37
	[0,0] 0
n604:
	(3,2) 4
	[0,0] 0
n695:
	(2,4) 16
	[0,0] 0
n936:
	(2,8) 12
	[0,0] 0
n993:
	(2,7) 11
	[0,0] 0
n571:
	(2,11) 25
	[0,0] 0
n998:
	(2,14) 12
	[0,0] 0
n627:
	(2,5) 17
	[0,0] 0
n709:
	(5,2) 12
	[0,0] 0
n1005:
	(4,2) 23
	[0,0] 0
n820:
	(5,2) 11
	[0,0] 0
n576:
	(10,2) 41
	[0,0] 0
n1012:
	(2,4) 11
	[0,0] 0
n794:
	(5,2) 22
	[0,0] 0
n1017:
	(2,4) 4
	[0,0] 0
n1020:
	(2,4) 26
	[0,0] 0
n1023:
	(5,11) 19
	[0,0] 0
N5360:
	(5,2) 0
	[0,0] 0
N3987:
	(4,2) 0
	[0,0] 0
N3833:
	(4,2) 0
	[0,0] 0
n1032:
	(9,7) 45
	[0,0] 0
n1034:
	(2,3) 48
	[0,0] 0
n1035:
	(5,6) 43
	[0,0] 0
n1038:
	(2,5) 57
	[0,0] 0
n1039:
	(5,6) 52
	[0,0] 0
n1042:
	(3,7) 31
	[0,0] 0
n1045:
	(16,35) 31
	[0,0] 0
n1048:
	(9,7) ∞
	[0,0] ∞
n1050:
	(2,3) 55
	[0,0] 0
n1051:
	(5,6) 50
	[0,0] 0
n703:
	(9,7) 26
	[0,0] 0
n625:
	(5,4) 17
	[0,0] 0
n1057:
	(5,7) 12
	[0,0] 0
n789:
	(6,4) 26
	[0,0] 0
n845:
	(5,7) 37
	[0,0] 0
n1064:
	(2,4) 37
	[0,0] 0
n801:
	(6,7) 31
	[0,0] 0
n847:
	(5,4) 32
	[0,0] 0
n1069:
	(2,4) 32
	[0,0] 0
n815:
	(6,7) 26
	[0,0] 0
n1072:
	(2,5) 19
	[0,0] 0
n826:
	(5,4) 14
	[0,0] 0
n1076:
	(2,4) 10
	[0,0] 0
n1077:
	(2,8) 10
	[0,0] 0
n602:
	(6,7) 4
	[0,0] 0
n1081:
	(11,11) 4
	[0,0] 0
n1084:
	(2,4) 38
	[0,0] 0
n1086:
	(4,5) 37
	[0,0] 0
n870:
	(2,4) 50
	[0,0] 0
n1087:
	(5,7) 39
	[0,0] 0
n1090:
	(8,8) 36
	[0,0] 0
n1091:
	(11,5) 39
	[0,0] 0
n889:
	(2,3) 42
	[0,0] 0
n888:
	(2,3) 42
	[0,0] 0
n1092:
	(5,6) 38
	[0,0] 0
n911:
	(7,8) 35
	[0,0] 0
n910:
	(11,5) 38
	[0,0] 0
n1095:
	(2,4) 52
	[0,0] 0
n1096:
	(4,5) 51
	[0,0] 0
n1097:
	(2,4) 44
	[0,0] 0
n1098:
	(6,8) 40
	[0,0] 0
n1099:
	(5,6) 47
	[0,0] 0
n905:
	(7,8) 44
	[0,0] 0
n904:
	(11,5) 47
	[0,0] 0
n1101:
	(2,4) 48
	[0,0] 0
n899:
	(11,5) 52
	[0,0] 0
n898:
	(7,8) 49
	[0,0] 0
n916:
	(8,18) 36
	[0,0] 0
n1102:
	(2,4) 37
	[0,0] 0
n1103:
	(4,5) 36
	[0,0] 0
n1104:
	(5,6) 39
	[0,0] 0
n896:
	(7,8) 36
	[0,0] 0
n895:
	(11,5) 39
	[0,0] 0
n582:
	(10,6) 35
	[0,0] 0
n583:
	(3,2) 42
	[0,0] 0
n1108:
	(15,7) 27
	[0,0] 0
n1109:
	(2,8) 26
	[0,0] 0
n1046:
	(17,15) 49
	[0,0] 0
n1047:
	(17,15) 49
	[0,0] 0
n1043:
	(3,2) 35
	[0,0] 0
n1044:
	(3,2) 35
	[0,0] 0
n1115:
	(10,8) ∞
	[0,0] ∞
n1116:
	(2,4) 85
	[0,0] 0
n1117:
	(4,5) 84
	[0,0] 0
n1118:
	(5,7) 47
	[0,0] 0
n1120:
	(8,8) 44
	[0,0] 0
n1121:
	(11,5) 47
	[0,0] 0
n941:
	(5,9) 34
	[0,0] 0
n942:
	(2,13) 34
	[0,0] 0
n944:
	(2,3) 34
	[0,0] 0
n1123:
	(7,15) 25
	[0,0] 0
n1124:
	(7,9) 25
	[0,0] 0
n1125:
	(2,4) 51
	[0,0] 0
n1126:
	(6,8) 47
	[0,0] 0
n1127:
	(5,7) 49
	[0,0] 0
n1129:
	(8,8) 46
	[0,0] 0
n1130:
	(11,5) 49
	[0,0] 0
n1131:
	(5,7) 49
	[0,0] 0
n1133:
	(8,8) 46
	[0,0] 0
n1134:
	(11,5) 49
	[0,0] 0
n1135:
	(2,4) 40
	[0,0] 0
n878:
	(8,18) 17
	[0,0] 0
n699:
	(10,6) 68
	[0,0] 0
n926:
	(13,12) 43
	[0,0] 0
n1137:
	(2,3) 17
	[0,0] 0
n948:
	(15,2) 33
	[0,0] 0
n947:
	(6,2) 42
	[0,0] 0
n951:
	(18,9) 25
	[0,0] 0
n950:
	(12,7) 27
	[0,0] 0
n953:
	(2,3) 49
	[0,0] 0
n952:
	(2,3) 49
	[0,0] 0
n955:
	(2,3) 48
	[0,0] 0
n957:
	(3,2) 52
	[0,0] 0
n958:
	(2,3) 52
	[0,0] 0
n959:
	(2,3) 52
	[0,0] 0
n1139:
	(5,4) 45
	[0,0] 0
n1142:
	(5,4) 45
	[0,0] 0
n1145:
	(5,11) 39
	[0,0] 0
n1146:
	(5,4) 45
	[0,0] 0
n1149:
	(5,4) 45
	[0,0] 0
n1152:
	(5,11) 39
	[0,0] 0
n1153:
	(4,2) 41
	[0,0] 0
n1156:
	(5,4) 40
	[0,0] 0
n1159:
	(3,10) 35
	[0,0] 0
n1160:
	(5,4) 40
	[0,0] 0
n1163:
	(4,5) ∞
	[0,0] ∞
n1166:
	(2,7) 38
	[0,0] 0
n1168:
	(6,5) 12
	[0,0] 0
n1169:
	(2,4) 13
	[0,0] 0
n1171:
	(5,4) 45
	[0,0] 0
n1174:
	(4,8) 42
	[0,0] 0
n1175:
	(10,5) 45
	[0,0] 0
n733:
	(14,5) 36
	[0,0] 0
n1176:
	(2,4) 46
	[0,0] 0
n1178:
	(2,4) 46
	[0,0] 0
n734:
	(9,3) 41
	[0,0] 0
n1180:
	(4,2) 44
	[0,0] 0
n1183:
	(3,7) 41
	[0,0] 0
n1184:
	(10,5) 43
	[0,0] 0
n736:
	(13,4) 35
	[0,0] 0
n1185:
	(10,5) 43
	[0,0] 0
n1187:
	(6,3) ∞
	[0,0] ∞
n737:
	(7,2) 41
	[0,0] 0
n1190:
	(22,8) 22
	[0,0] 0
n739:
	(11,4) 19
	[0,0] 0
n740:
	(11,4) 19
	[0,0] 0
n562:
	(8,8) 4
	[0,0] 0
n977:
	(2,3) 25
	[0,0] 0
n1194:
	(5,4) 50
	[0,0] 0
n1196:
	(5,8) 47
	[0,0] 0
n1197:
	(10,5) 50
	[0,0] 0
n777:
	(14,6) 41
	[0,0] 0
n1198:
	(10,5) 50
	[0,0] 0
n1199:
	(2,4) 51
	[0,0] 0
n778:
	(10,3) 45
	[0,0] 0
n1200:
	(5,4) 45
	[0,0] 0
n1203:
	(5,8) 42
	[0,0] 0
n1204:
	(10,5) 45
	[0,0] 0
n780:
	(14,6) 36
	[0,0] 0
n1205:
	(10,5) ∞
	[0,0] ∞
n1206:
	(9,3) ∞
	[0,0] ∞
n781:
	(4,2) 46
	[0,0] 0
n1209:
	(20,8) 26
	[0,0] 0
n783:
	(14,10) 20
	[0,0] 0
n784:
	(10,4) 24
	[0,0] 0
n564:
	(5,8) 6
	[0,0] 0
n577:
	(16,3) 35
	[0,0] 0
n1212:
	(6,6) 21
	[0,0] 0
n1213:
	(11,5) 22
	[0,0] 0
n1214:
	(2,4) 40
	[0,0] 0
n1216:
	(7,3) 37
	[0,0] 0
n1218:
	(5,4) 39
	[0,0] 0
n1221:
	(4,13) 31
	[0,0] 0
n1222:
	(5,4) 39
	[0,0] 0
n1225:
	(6,3) 38
	[0,0] 0
n1227:
	(4,12) 32
	[0,0] 0
n1228:
	(4,5) 40
	[0,0] 0
n1229:
	(8,4) 37
	[0,0] 0
n1231:
	(5,4) 40
	[0,0] 0
n1234:
	(5,14) 31
	[0,0] 0
n1235:
	(5,4) 40
	[0,0] 0
n1238:
	(6,3) 39
	[0,0] 0
n1240:
	(4,12) 33
	[0,0] 0
n1241:
	(11,27) 12
	[0,0] 0
n1244:
	(7,14) 9
	[0,0] 0
n1245:
	(2,4) 19
	[0,0] 0
n1246:
	(4,5) 45
	[0,0] 0
n1248:
	(8,4) 42
	[0,0] 0
n1249:
	(5,4) 45
	[0,0] 0
n1252:
	(5,14) 36
	[0,0] 0
n1253:
	(5,4) 45
	[0,0] 0
n1256:
	(6,3) 44
	[0,0] 0
n1258:
	(4,12) 38
	[0,0] 0
n1259:
	(2,4) 45
	[0,0] 0
n1261:
	(7,3) 42
	[0,0] 0
n1263:
	(5,4) 44
	[0,0] 0
n1266:
	(4,13) 36
	[0,0] 0
n1267:
	(5,4) 44
	[0,0] 0
n1270:
	(6,3) 43
	[0,0] 0
n1272:
	(4,12) 37
	[0,0] 0
n981:
	(2,3) 42
	[0,0] 0
n980:
	(2,3) 42
	[0,0] 0
n841:
	(3,2) 46
	[0,0] 0
n842:
	(3,2) 46
	[0,0] 0
n1274:
	(5,4) 8
	[0,0] 0
n1277:
	(5,4) ∞
	[0,0] ∞
n1280:
	(11,27) 17
	[0,0] 0
n1283:
	(11,14) 14
	[0,0] 0
n1284:
	(2,4) 24
	[0,0] 0
n1285:
	(2,4) 7
	[0,0] 0
n1286:
	(4,5) 40
	[0,0] 0
n1288:
	(8,4) 37
	[0,0] 0
n1289:
	(5,4) 40
	[0,0] 0
n1292:
	(5,14) 31
	[0,0] 0
n1293:
	(5,4) 40
	[0,0] 0
n1296:
	(6,3) 39
	[0,0] 0
n1298:
	(4,12) 33
	[0,0] 0
n1299:
	(2,4) 40
	[0,0] 0
n1301:
	(7,3) 37
	[0,0] 0
n1303:
	(5,4) 39
	[0,0] 0
n1306:
	(4,13) 31
	[0,0] 0
n1307:
	(5,4) 39
	[0,0] 0
n1310:
	(6,3) 38
	[0,0] 0
n1312:
	(4,12) 32
	[0,0] 0
n1313:
	(4,5) 15
	[0,0] 0
n1314:
	(11,27) 12
	[0,0] 0
n1317:
	(11,14) 9
	[0,0] 0
n1318:
	(2,4) 19
	[0,0] 0
n1319:
	(5,9) 30
	[0,0] 0
n1322:
	(5,11) ∞
	[0,0] ∞
n1325:
	(10,5) 47
	[0,0] 0
n1327:
	(8,8) 44
	[0,0] 0
n1329:
	(5,4) 47
	[0,0] 0
n1332:
	(5,14) 38
	[0,0] 0
n1333:
	(5,4) 47
	[0,0] 0
n1336:
	(6,3) 46
	[0,0] 0
n1338:
	(4,12) 40
	[0,0] 0
n1339:
	(10,5) 47
	[0,0] 0
n1340:
	(8,4) 44
	[0,0] 0
n1342:
	(5,4) 47
	[0,0] 0
n1345:
	(5,14) 38
	[0,0] 0
n1346:
	(4,2) 48
	[0,0] 0
n1349:
	(6,3) 46
	[0,0] 0
n1351:
	(3,11) 41
	[0,0] 0
n1352:
	(10,27) 20
	[0,0] 0
n1355:
	(6,13) 17
	[0,0] 0
n1356:
	(2,4) 26
	[0,0] 0
n1357:
	(10,5) 40
	[0,0] 0
n1359:
	(8,8) 37
	[0,0] 0
n1361:
	(5,4) 40
	[0,0] 0
n1364:
	(5,14) 31
	[0,0] 0
n1365:
	(5,4) 40
	[0,0] 0
n1368:
	(6,3) 39
	[0,0] 0
n1370:
	(4,12) 33
	[0,0] 0
n1371:
	(10,5) 40
	[0,0] 0
n1372:
	(8,4) 37
	[0,0] 0
n1374:
	(5,4) 40
	[0,0] 0
n1377:
	(5,14) 31
	[0,0] 0
n1378:
	(4,2) 41
	[0,0] 0
n1381:
	(6,3) 39
	[0,0] 0
n1382:
	(3,11) 34
	[0,0] 0
n1383:
	(10,27) 13
	[0,0] 0
n1386:
	(6,13) 10
	[0,0] 0
n1387:
	(2,4) 19
	[0,0] 0
n1388:
	(5,9) 5
	[0,0] 0
n1391:
	(2,7) 7
	[0,0] 0
n1394:
	(12,4) 5
	[0,0] 0
n1397:
	(3,2) 12
	[0,0] 0
n1400:
	(3,2) 12
	[0,0] 0
n586:
	(3,7) 8
	[0,0] 0
n1403:
	(3,2) 12
	[0,0] 0
n1406:
	(3,2) 12
	[0,0] 0
n585:
	(3,7) 8
	[0,0] 0
n823:
	(3,2) 6
	[0,0] 0
n584:
	(2,4) 2
	[0,0] 0
n1073:
	(3,2) 21
	[0,0] 0
n1410:
	(2,6) 9
	[0,0] 0
n1411:
	(12,2) 17
	[0,0] 0
n1414:
	(3,29) 25
	[0,0] 0
n1415:
	(4,5) 30
	[0,0] 0
n1416:
	(4,5) 30
	[0,0] 0
n838:
	(11,5) 24
	[0,0] 0
n1417:
	(4,5) 30
	[0,0] 0
n1418:
	(4,5) 30
	[0,0] 0
n839:
	(11,5) 24
	[0,0] 0
n605:
	(3,2) 4
	[0,0] 0
n863:
	(2,5) 43
	[0,0] 0
n1419:
	(11,4) 35
	[0,0] 0
n1420:
	(2,3) 33
	[0,0] 0
n1422:
	(2,13) 33
	[0,0] 0
n882:
	(4,5) 30
	[0,0] 0
n1423:
	(14,9) 30
	[0,0] 0
n1424:
	(2,3) 28
	[0,0] 0
n1426:
	(2,16) 28
	[0,0] 0
n1427:
	(4,5) 25
	[0,0] 0
n1428:
	(2,16) 29
	[0,0] 0
n1429:
	(2,3) 29
	[0,0] 0
n880:
	(4,5) 26
	[0,0] 0
n1430:
	(2,5) 23
	[0,0] 0
n1432:
	(11,4) 34
	[0,0] 0
n1434:
	(2,3) 46
	[0,0] 0
n1435:
	(2,13) 46
	[0,0] 0
n901:
	(4,5) 43
	[0,0] 0
n1436:
	(2,3) 41
	[0,0] 0
n1437:
	(2,16) 41
	[0,0] 0
n1438:
	(4,5) 38
	[0,0] 0
n1439:
	(2,16) 42
	[0,0] 0
n1440:
	(2,3) 42
	[0,0] 0
n1441:
	(4,5) 39
	[0,0] 0
n1442:
	(2,3) 36
	[0,0] 0
n1443:
	(2,13) 36
	[0,0] 0
n907:
	(4,5) 33
	[0,0] 0
n1444:
	(2,3) 57
	[0,0] 0
n1445:
	(2,16) 57
	[0,0] 0
n1446:
	(4,5) 54
	[0,0] 0
n1447:
	(2,16) 36
	[0,0] 0
n1448:
	(2,3) 36
	[0,0] 0
n920:
	(4,5) 33
	[0,0] 0
n1449:
	(2,3) 47
	[0,0] 0
n1450:
	(2,13) 47
	[0,0] 0
n1451:
	(4,5) 44
	[0,0] 0
n1106:
	(9,5) 40
	[0,0] 0
n1453:
	(2,3) 32
	[0,0] 0
n1454:
	(2,13) 32
	[0,0] 0
n928:
	(4,5) 29
	[0,0] 0
n1455:
	(2,3) 30
	[0,0] 0
n1456:
	(2,16) 30
	[0,0] 0
n1457:
	(4,5) 27
	[0,0] 0
n1458:
	(2,16) 28
	[0,0] 0
n1459:
	(2,3) 28
	[0,0] 0
n918:
	(4,5) 25
	[0,0] 0
n1460:
	(2,3) 80
	[0,0] 0
n1461:
	(2,13) 80
	[0,0] 0
n1462:
	(4,5) 77
	[0,0] 0
n1463:
	(14,9) 38
	[0,0] 0
n1136:
	(9,5) 73
	[0,0] 0
n1465:
	(2,5) 20
	[0,0] 0
n1466:
	(2,5) 16
	[0,0] 0
n1468:
	(2,3) 43
	[0,0] 0
n1469:
	(2,13) 43
	[0,0] 0
n874:
	(4,5) 40
	[0,0] 0
n1470:
	(14,9) 40
	[0,0] 0
n1471:
	(2,3) 38
	[0,0] 0
n1473:
	(2,16) 38
	[0,0] 0
n1474:
	(4,5) 35
	[0,0] 0
n1475:
	(2,16) 39
	[0,0] 0
n1476:
	(2,3) 39
	[0,0] 0
n943:
	(4,5) 36
	[0,0] 0
n1477:
	(2,9) 36
	[0,0] 0
n1479:
	(10,15) 17
	[0,0] 0
n1480:
	(14,9) 40
	[0,0] 0
n1481:
	(2,3) 38
	[0,0] 0
n1482:
	(2,13) 38
	[0,0] 0
n1483:
	(4,5) 35
	[0,0] 0
n1484:
	(9,5) 31
	[0,0] 0
n1486:
	(7,2) 29
	[0,0] 0
n1487:
	(2,19) 15
	[0,0] 0
n1489:
	(3,27) 29
	[0,0] 0
n1490:
	(7,2) 27
	[0,0] 0
n1491:
	(2,5) 22
	[0,0] 0
n1493:
	(7,2) 51
	[0,0] 0
n1494:
	(2,4) 15
	[0,0] 0
n1495:
	(3,2) 22
	[0,0] 0
n1497:
	(3,9) 16
	[0,0] 0
n1498:
	(10,4) ∞
	[0,0] ∞
n761:
	(2,5) 14
	[0,0] 0
n1500:
	(2,3) ∞
	[0,0] ∞
n1501:
	(2,3) ∞
	[0,0] ∞
n1502:
	(4,5) ∞
	[0,0] ∞
n1503:
	(2,3) ∞
	[0,0] ∞
n1504:
	(2,3) ∞
	[0,0] ∞
n1505:
	(4,5) ∞
	[0,0] ∞
n1506:
	(2,4) 41
	[0,0] 0
n1507:
	(2,3) 41
	[0,0] 0
n1509:
	(4,5) 38
	[0,0] 0
n1510:
	(2,5) 33
	[0,0] 0
n1512:
	(12,7) 15
	[0,0] 0
n1513:
	(3,18) 9
	[0,0] 0
n1514:
	(10,6) ∞
	[0,0] ∞
n1515:
	(2,5) 7
	[0,0] 0
n1517:
	(2,3) 51
	[0,0] 0
n1518:
	(2,3) 51
	[0,0] 0
n1519:
	(4,5) 48
	[0,0] 0
n1520:
	(2,3) 51
	[0,0] 0
n1521:
	(2,3) 51
	[0,0] 0
n1522:
	(4,5) 48
	[0,0] 0
n1523:
	(9,2) 12
	[0,0] 0
n1524:
	(2,11) 10
	[0,0] 0
n1525:
	(5,6) 7
	[0,0] 0
n566:
	(7,8) 4
	[0,0] 0
n1526:
	(2,3) 19
	[0,0] 0
n1527:
	(2,3) 19
	[0,0] 0
n1528:
	(4,5) 16
	[0,0] 0
n1529:
	(2,3) 19
	[0,0] 0
n1530:
	(2,3) 19
	[0,0] 0
n1531:
	(4,5) 16
	[0,0] 0
n1532:
	(9,2) 15
	[0,0] 0
n1533:
	(2,11) 13
	[0,0] 0
n1535:
	(8,6) 7
	[0,0] 0
n558:
	(7,11) 4
	[0,0] 0
n1536:
	(2,9) 10
	[0,0] 0
n1537:
	(2,4) 10
	[0,0] 0
n1538:
	(5,5) 7
	[0,0] 0
n1539:
	(2,14) 3
	[0,0] 0
n1541:
	(2,7) 3
	[0,0] 0
N5361:
	(8,5) 0
	[0,0] 0
n1543:
	(2,4) 15
	[0,0] 0
n1545:
	(5,6) 12
	[0,0] 0
n1548:
	(43,4) 44
	[0,0] 0
n1549:
	(4,2) 17
	[0,0] 0
n1551:
	(5,4) 9
	[0,0] 0
n1554:
	(6,2) 12
	[0,0] 0
n1556:
	(2,7) 7
	[0,0] 0
n1557:
	(3,12) 6
	[0,0] 0
n589:
	(8,6) 3
	[0,0] 0
n1558:
	(3,2) 8
	[0,0] 0
n1559:
	(2,5) 6
	[0,0] 0
n1560:
	(2,3) 6
	[0,0] 0
n593:
	(4,5) 3
	[0,0] 0
n922:
	(16,3) 18
	[0,0] 0
n798:
	(1,1) 27
	[0,0] 0
n624:
	(1,1) 19
	[0,0] 0
n708:
	(1,1) 10
	[0,0] 0
n1078:
	(1,1) 13
	[0,0] 0
n1089:
	(6,2) 42
	[0,0] 0
n1094:
	(5,2) 41
	[0,0] 0
n635:
	(1,1) 41
	[0,0] 0
n1179:
	(1,1) 49
	[0,0] 0
n791:
	(1,1) 26
	[0,0] 0
n848:
	(1,1) 19
	[0,0] 0
n964:
	(2,3) 39
	[0,0] 0
n628:
	(1,1) 18
	[0,0] 0
n940:
	(5,2) 15
	[0,0] 0
n1561:
	(1,1) 11
	[0,0] 0
n1170:
	(1,1) 16
	[0,0] 0
n861:
	(5,2) 43
	[0,0] 0
n640:
	(1,1) 41
	[0,0] 0
n1562:
	(6,2) 42
	[0,0] 0
n1485:
	(7,3) 37
	[0,0] 0
n1563:
	(1,1) 38
	[0,0] 0
n869:
	(2,3) 49
	[0,0] 0
n865:
	(2,3) 46
	[0,0] 0
n1132:
	(8,2) 52
	[0,0] 0
n1564:
	(1,1) 40
	[0,0] 0
n803:
	(1,1) 44
	[0,0] 0
n1155:
	(3,2) 43
	[0,0] 0
n1565:
	(1,1) 45
	[0,0] 0
n1326:
	(2,9) 50
	[0,0] 0
n1154:
	(1,1) 44
	[0,0] 0
n1566:
	(1,1) 44
	[0,0] 0
n1158:
	(3,2) 43
	[0,0] 0
n727:
	(1,1) 44
	[0,0] 0
n1157:
	(3,2) 43
	[0,0] 0
n1567:
	(1,1) 44
	[0,0] 0
n1162:
	(3,2) 43
	[0,0] 0
n1568:
	(1,1) 44
	[0,0] 0
n1161:
	(3,2) 43
	[0,0] 0
n1569:
	(1,1) 44
	[0,0] 0
n1165:
	(2,9) 48
	[0,0] 0
n962:
	(2,4) 47
	[0,0] 0
n719:
	(1,1) 44
	[0,0] 0
n1164:
	(2,3) 42
	[0,0] 0
n1141:
	(3,2) 48
	[0,0] 0
n1140:
	(3,2) 48
	[0,0] 0
n1144:
	(7,2) 48
	[0,0] 0
n1143:
	(3,2) 48
	[0,0] 0
n1148:
	(3,2) 48
	[0,0] 0
n1147:
	(3,2) 48
	[0,0] 0
n1151:
	(3,2) 48
	[0,0] 0
n1150:
	(3,2) 48
	[0,0] 0
n560:
	(10,3) 7
	[0,0] 0
n1128:
	(8,2) 52
	[0,0] 0
n1472:
	(1,1) 40
	[0,0] 0
n875:
	(13,3) 42
	[0,0] 0
n1478:
	(1,1) 39
	[0,0] 0
n701:
	(1,1) 65
	[0,0] 0
n877:
	(7,2) 33
	[0,0] 0
n1464:
	(10,3) 79
	[0,0] 0
n1122:
	(1,1) 24
	[0,0] 0
n1119:
	(8,2) 50
	[0,0] 0
n1570:
	(1,1) 38
	[0,0] 0
n883:
	(10,3) 32
	[0,0] 0
n1431:
	(1,1) 27
	[0,0] 0
n1088:
	(8,2) 42
	[0,0] 0
n1425:
	(1,1) 30
	[0,0] 0
n885:
	(7,2) 23
	[0,0] 0
n1571:
	(6,2) 50
	[0,0] 0
n902:
	(7,3) 45
	[0,0] 0
n1433:
	(3,2) 43
	[0,0] 0
n1511:
	(1,1) 37
	[0,0] 0
n892:
	(1,1) 45
	[0,0] 0
n1111:
	(1,1) 37
	[0,0] 0
n914:
	(11,5) 33
	[0,0] 0
n1110:
	(1,1) 33
	[0,0] 0
n915:
	(7,2) 36
	[0,0] 0
n917:
	(1,1) 44
	[0,0] 0
n1100:
	(8,2) 50
	[0,0] 0
n1114:
	(1,1) 37
	[0,0] 0
n908:
	(13,3) 35
	[0,0] 0
n1572:
	(1,1) 58
	[0,0] 0
n929:
	(10,3) 31
	[0,0] 0
n1492:
	(1,1) 26
	[0,0] 0
n1105:
	(8,2) 42
	[0,0] 0
n1112:
	(1,1) 30
	[0,0] 0
n913:
	(7,2) 52
	[0,0] 0
n1452:
	(10,3) 46
	[0,0] 0
n1193:
	(1,1) 27
	[0,0] 0
n1093:
	(8,2) 41
	[0,0] 0
n1113:
	(1,1) 29
	[0,0] 0
n931:
	(7,2) 25
	[0,0] 0
n1573:
	(24,2) ∞
	[0,0] ∞
n927:
	(10,6) 29
	[0,0] 0
n597:
	(1,1) 5
	[0,0] 0
n935:
	(2,8) 53
	[0,0] 0
n1575:
	(2,17) ∞
	[0,0] ∞
n1576:
	(16,2) 19
	[0,0] 0
n1577:
	(4,2) 17
	[0,0] 0
n1578:
	(10,3) 9
	[0,0] 0
n1579:
	(5,2) 7
	[0,0] 0
n561:
	(5,6) 4
	[0,0] 0
n1398:
	(1,1) 8
	[0,0] 0
n1182:
	(3,2) 46
	[0,0] 0
n1358:
	(2,9) 43
	[0,0] 0
n1181:
	(1,1) 47
	[0,0] 0
n1186:
	(2,9) 43
	[0,0] 0
n1188:
	(7,2) 53
	[0,0] 0
n1173:
	(3,2) 48
	[0,0] 0
n1172:
	(3,2) 48
	[0,0] 0
n1191:
	(3,2) 28
	[0,0] 0
n1192:
	(15,3) 27
	[0,0] 0
n563:
	(17,3) 9
	[0,0] 0
n1402:
	(1,1) 8
	[0,0] 0
n1341:
	(3,2) 50
	[0,0] 0
n1344:
	(3,2) 50
	[0,0] 0
n1343:
	(3,2) 50
	[0,0] 0
n1348:
	(3,2) 50
	[0,0] 0
n1247:
	(2,3) 48
	[0,0] 0
n1347:
	(1,1) 51
	[0,0] 0
n1350:
	(3,2) 50
	[0,0] 0
n1328:
	(7,2) 50
	[0,0] 0
n1331:
	(3,2) 50
	[0,0] 0
n1330:
	(3,2) 50
	[0,0] 0
n1335:
	(3,2) 50
	[0,0] 0
n1334:
	(3,2) 50
	[0,0] 0
n1337:
	(3,2) 50
	[0,0] 0
n1354:
	(27,5) 25
	[0,0] 0
n1353:
	(26,4) 26
	[0,0] 0
n559:
	(18,3) 12
	[0,0] 0
n1399:
	(1,1) 14
	[0,0] 0
n1373:
	(3,2) 43
	[0,0] 0
n1376:
	(3,2) 43
	[0,0] 0
n1375:
	(3,2) 43
	[0,0] 0
n1380:
	(3,2) 43
	[0,0] 0
n1287:
	(2,3) 43
	[0,0] 0
n1379:
	(1,1) 44
	[0,0] 0
n1195:
	(3,2) 43
	[0,0] 0
n1360:
	(7,2) 43
	[0,0] 0
n1363:
	(3,2) 43
	[0,0] 0
n1362:
	(3,2) 43
	[0,0] 0
n1367:
	(3,2) 43
	[0,0] 0
n1366:
	(3,2) 43
	[0,0] 0
n1369:
	(3,2) 43
	[0,0] 0
n1385:
	(27,5) 18
	[0,0] 0
n1384:
	(26,4) 19
	[0,0] 0
n568:
	(18,3) 5
	[0,0] 0
n569:
	(8,4) 4
	[0,0] 0
n1404:
	(1,1) 14
	[0,0] 0
n973:
	(15,2) 21
	[0,0] 0
n595:
	(1,1) 3
	[0,0] 0
n971:
	(1,1) 4
	[0,0] 0
n1202:
	(3,2) 48
	[0,0] 0
n1201:
	(7,2) 48
	[0,0] 0
n1208:
	(3,2) 43
	[0,0] 0
n846:
	(1,1) 32
	[0,0] 0
n984:
	(10,5) ∞
	[0,0] ∞
n985:
	(10,5) ∞
	[0,0] ∞
n1508:
	(1,1) 14
	[0,0] 0
n1585:
	(7,2) 36
	[0,0] 0
n1210:
	(9,5) 29
	[0,0] 0
n1211:
	(5,2) 32
	[0,0] 0
n565:
	(10,5) 9
	[0,0] 0
n1401:
	(1,1) 14
	[0,0] 0
n1230:
	(3,2) 43
	[0,0] 0
n1233:
	(3,2) 43
	[0,0] 0
n1232:
	(3,2) 43
	[0,0] 0
n1237:
	(3,2) 43
	[0,0] 0
n1236:
	(3,2) 43
	[0,0] 0
n1239:
	(3,2) 43
	[0,0] 0
n1217:
	(3,2) 42
	[0,0] 0
n1220:
	(3,2) 42
	[0,0] 0
n1219:
	(3,2) 42
	[0,0] 0
n1224:
	(3,2) 42
	[0,0] 0
n1223:
	(3,2) 42
	[0,0] 0
n1226:
	(3,2) 42
	[0,0] 0
n987:
	(10,5) 43
	[0,0] 0
n988:
	(10,5) 43
	[0,0] 0
n1243:
	(26,5) 18
	[0,0] 0
n1242:
	(27,5) 18
	[0,0] 0
n587:
	(19,3) 4
	[0,0] 0
n1588:
	(9,2) 22
	[0,0] 0
n1589:
	(4,2) 20
	[0,0] 0
n1590:
	(10,3) 12
	[0,0] 0
n1591:
	(5,2) 10
	[0,0] 0
n588:
	(8,3) 4
	[0,0] 0
n1408:
	(1,1) 14
	[0,0] 0
n1273:
	(1,1) 10
	[0,0] 0
n1262:
	(7,2) 47
	[0,0] 0
n1265:
	(3,2) 47
	[0,0] 0
n1264:
	(3,2) 47
	[0,0] 0
n1269:
	(3,2) 47
	[0,0] 0
n1268:
	(3,2) 47
	[0,0] 0
n1271:
	(3,2) 47
	[0,0] 0
n1251:
	(3,2) 48
	[0,0] 0
n1250:
	(3,2) 48
	[0,0] 0
n1255:
	(3,2) 48
	[0,0] 0
n1254:
	(3,2) 48
	[0,0] 0
n1257:
	(3,2) 48
	[0,0] 0
n1282:
	(27,5) 23
	[0,0] 0
n1281:
	(26,5) 23
	[0,0] 0
n567:
	(19,3) 9
	[0,0] 0
n1405:
	(1,1) 14
	[0,0] 0
n603:
	(3,2) 2
	[0,0] 0
n1082:
	(10,5) 10
	[0,0] 0
n1083:
	(11,5) 10
	[0,0] 0
n1593:
	(1,1) 14
	[0,0] 0
n1302:
	(7,2) 42
	[0,0] 0
n1305:
	(3,2) 42
	[0,0] 0
n1304:
	(3,2) 42
	[0,0] 0
n1309:
	(3,2) 42
	[0,0] 0
n1308:
	(3,2) 42
	[0,0] 0
n1311:
	(3,2) 42
	[0,0] 0
n1291:
	(3,2) 43
	[0,0] 0
n1290:
	(3,2) 43
	[0,0] 0
n1295:
	(3,2) 43
	[0,0] 0
n1294:
	(3,2) 43
	[0,0] 0
n1297:
	(3,2) 43
	[0,0] 0
n1316:
	(27,5) 18
	[0,0] 0
n1315:
	(26,5) 18
	[0,0] 0
n591:
	(19,3) 4
	[0,0] 0
n1582:
	(3,2) 9
	[0,0] 0
n592:
	(7,3) 4
	[0,0] 0
n1407:
	(1,1) 14
	[0,0] 0
n1547:
	(5,2) 15
	[0,0] 0
n1546:
	(8,2) 15
	[0,0] 0
n1544:
	(2,3) 17
	[0,0] 0
n1409:
	(1,1) 5
	[0,0] 0
n1553:
	(3,2) 12
	[0,0] 0
n590:
	(8,2) 7
	[0,0] 0
n598:
	(33,4) 2
	[0,0] 0
n1595:
	(23,6) 27
	[0,0] 0
n1596:
	(18,3) 27
	[0,0] 0
n1597:
	(1,1) 13
	[0,0] 0
n637:
	(1,1) 21
	[0,0] 0
n594:
	(9,2) 6
	[0,0] 0
n992:
	(6,11) 14
	[0,0] 0
n1598:
	(14,3) ∞
	[0,0] ∞
n757:
	(1,1) 18
	[0,0] 0
n1041:
	(7,2) 55
	[0,0] 0
n1040:
	(5,2) 55
	[0,0] 0
n1037:
	(5,2) 46
	[0,0] 0
n1036:
	(5,2) 46
	[0,0] 0
n1599:
	(10,2) 27
	[0,0] 0
n1600:
	(3,2) 27
	[0,0] 0
n978:
	(5,4) 24
	[0,0] 0
n1601:
	(3,2) 57
	[0,0] 0
n1602:
	(10,2) 57
	[0,0] 0
n1603:
	(5,4) 54
	[0,0] 0
n1033:
	(6,2) 52
	[0,0] 0
n1604:
	(37,2) 29
	[0,0] 0
n1605:
	(9,2) 29
	[0,0] 0
n1606:
	(5,10) 26
	[0,0] 0
n1607:
	(32,4) 22
	[0,0] 0
n1608:
	(12,2) 24
	[0,0] 0
n933:
	(7,13) 19
	[0,0] 0
n1609:
	(11,2) 36
	[0,0] 0
n1610:
	(3,2) 36
	[0,0] 0
n945:
	(5,4) 33
	[0,0] 0
n1611:
	(3,2) ∞
	[0,0] ∞
n1612:
	(11,2) ∞
	[0,0] ∞
n1613:
	(5,4) ∞
	[0,0] ∞
n1049:
	(6,2) ∞
	[0,0] ∞
n879:
	(1,1) 21
	[0,0] 0
n1614:
	(7,2) ∞
	[0,0] ∞
n989:
	(2,4) 18
	[0,0] 0
n1615:
	(10,3) ∞
	[0,0] ∞
n994:
	(5,5) 13
	[0,0] 0
n1534:
	(1,1) 23
	[0,0] 0
n1053:
	(5,2) 53
	[0,0] 0
n1052:
	(5,2) 53
	[0,0] 0
n997:
	(9,11) 27
	[0,0] 0
n1616:
	(18,3) ∞
	[0,0] ∞
n1138:
	(1,1) 47
	[0,0] 0
n1617:
	(27,3) ∞
	[0,0] ∞
n999:
	(12,13) 14
	[0,0] 0
n1618:
	(11,2) 38
	[0,0] 0
n1619:
	(3,2) 38
	[0,0] 0
n1574:
	(5,4) 35
	[0,0] 0
n1620:
	(3,2) 38
	[0,0] 0
n1621:
	(11,2) 38
	[0,0] 0
n1622:
	(5,4) 35
	[0,0] 0
n1054:
	(6,2) 33
	[0,0] 0
n1002:
	(3,17) 19
	[0,0] 0
n1623:
	(10,8) ∞
	[0,0] ∞
n1624:
	(25,3) 9
	[0,0] 0
n1625:
	(6,5) ∞
	[0,0] ∞
n1580:
	(5,2) 7
	[0,0] 0
n1627:
	(8,2) 25
	[0,0] 0
n1628:
	(5,2) 25
	[0,0] 0
n1629:
	(5,6) 22
	[0,0] 0
n1056:
	(8,2) 20
	[0,0] 0
n1055:
	(3,2) 20
	[0,0] 0
n1004:
	(42,3) 14
	[0,0] 0
n1630:
	(15,6) ∞
	[0,0] ∞
n1390:
	(11,2) 8
	[0,0] 0
n1389:
	(8,2) 8
	[0,0] 0
n1007:
	(4,2) 25
	[0,0] 0
n1631:
	(2,9) ∞
	[0,0] ∞
n759:
	(1,1) 24
	[0,0] 0
n1632:
	(6,11) ∞
	[0,0] ∞
n1008:
	(14,3) 13
	[0,0] 0
n1633:
	(3,17) ∞
	[0,0] ∞
n1010:
	(10,8) 43
	[0,0] 0
n808:
	(1,1) 4
	[0,0] 0
n1634:
	(3,2) 22
	[0,0] 0
n1636:
	(5,4) 20
	[0,0] 0
n1637:
	(7,4) 17
	[0,0] 0
n1059:
	(11,2) 15
	[0,0] 0
n1058:
	(6,2) 15
	[0,0] 0
n1638:
	(6,2) ∞
	[0,0] ∞
n1013:
	(2,4) 13
	[0,0] 0
n1496:
	(1,1) 20
	[0,0] 0
n1639:
	(3,2) ∞
	[0,0] ∞
n1640:
	(3,2) ∞
	[0,0] ∞
n1584:
	(5,4) ∞
	[0,0] ∞
n1641:
	(3,2) ∞
	[0,0] ∞
n1642:
	(3,2) ∞
	[0,0] ∞
n1583:
	(5,4) ∞
	[0,0] ∞
n1643:
	(6,11) ∞
	[0,0] ∞
n1015:
	(14,3) 24
	[0,0] 0
n1644:
	(3,2) 52
	[0,0] 0
n1645:
	(3,2) 52
	[0,0] 0
n1587:
	(5,4) 49
	[0,0] 0
n1646:
	(3,2) 52
	[0,0] 0
n1647:
	(3,2) 52
	[0,0] 0
n1586:
	(5,4) 49
	[0,0] 0
n1061:
	(3,2) 30
	[0,0] 0
n1060:
	(19,3) 29
	[0,0] 0
n1321:
	(11,2) 33
	[0,0] 0
n1320:
	(8,2) 33
	[0,0] 0
n1276:
	(3,2) 11
	[0,0] 0
n1275:
	(3,2) 11
	[0,0] 0
n1279:
	(3,2) ∞
	[0,0] ∞
n1278:
	(3,2) ∞
	[0,0] ∞
n1648:
	(6,2) ∞
	[0,0] ∞
n1018:
	(2,7) 6
	[0,0] 0
n1063:
	(6,2) 40
	[0,0] 0
n1062:
	(9,2) 40
	[0,0] 0
n1066:
	(6,2) 35
	[0,0] 0
n1065:
	(7,3) 34
	[0,0] 0
n1650:
	(3,2) 19
	[0,0] 0
n1651:
	(3,2) 19
	[0,0] 0
n1592:
	(5,4) 16
	[0,0] 0
n1068:
	(13,2) 35
	[0,0] 0
n1067:
	(3,2) 35
	[0,0] 0
n1071:
	(6,2) 30
	[0,0] 0
n1070:
	(6,3) 29
	[0,0] 0
n1324:
	(10,2) ∞
	[0,0] ∞
n1323:
	(10,2) ∞
	[0,0] ∞
n1652:
	(11,2) ∞
	[0,0] ∞
n1021:
	(2,7) 28
	[0,0] 0
n1654:
	(1,1) 17
	[0,0] 0
n1025:
	(11,2) 22
	[0,0] 0
n1024:
	(10,2) 22
	[0,0] 0
n1655:
	(1,1) 17
	[0,0] 0
n1656:
	(11,3) ∞
	[0,0] ∞
n1392:
	(5,8) 9
	[0,0] 0
n1396:
	(3,2) 15
	[0,0] 0
tempn1395:
	(16,3) 14
	[0,0] 0
n1657:
	(5,15) ∞
	[0,0] ∞
n1026:
	(12,3) 2
	[0,0] 0
n1075:
	(7,2) 17
	[0,0] 0
n1074:
	(3,2) 17
	[0,0] 0
n1658:
	(27,4) 21
	[0,0] 0
n1659:
	(5,47) ∞
	[0,0] ∞
n1550:
	(6,2) 19
	[0,0] 0
n1661:
	(14,27) ∞
	[0,0] ∞
n1412:
	(36,10) 19
	[0,0] 0
n1662:
	(3,17) ∞
	[0,0] ∞
n1663:
	(5,5) 14
	[0,0] 0
n1552:
	(7,2) 12
	[0,0] 0
n1665:
	(3,2) 17
	[0,0] 0
n1666:
	(3,2) 17
	[0,0] 0
n1555:
	(5,4) 14
	[0,0] 0
n1029:
	(13,2) 2
	[0,0] 0
n1667:
	(2,13) ∞
	[0,0] ∞
n1031:
	(6,2) 2
	[0,0] 0
n1669:
	(2,4) ∞
	[0,0] ∞
n1080:
	(11,3) 7
	[0,0] 0
n1079:
	(6,2) 8
	[0,0] 0
n1009:
	(1,1) 15
	[0,0] 0
n1499:
	(1,1) 18
	[0,0] 0
n1167:
	(1,1) 44
	[0,0] 0
n1393:
	(1,1) 13
	[0,0] 0
n1027:
	(1,1) 4
	[0,0] 0
n1660:
	(1,1) 24
	[0,0] 0
n1215:
	(1,1) 43
	[0,0] 0
n1207:
	(1,1) 49
	[0,0] 0
n1189:
	(1,1) 47
	[0,0] 0
n1664:
	(1,1) 18
	[0,0] 0
n1421:
	(1,1) 34
	[0,0] 0
n1085:
	(1,1) 40
	[0,0] 0
n1516:
	(1,1) 11
	[0,0] 0
n599:
	(1,1) 2
	[0,0] 0
n1467:
	(1,1) 20
	[0,0] 0
n810:
	(1,1) 8
	[0,0] 0
n1001:
	(1,1) 21
	[0,0] 0
n1626:
	(1,1) 11
	[0,0] 0
n1003:
	(1,1) 16
	[0,0] 0
n1107:
	(1,1) 28
	[0,0] 0
n1649:
	(1,1) 12
	[0,0] 0
n793:
	(1,1) 27
	[0,0] 0
n1653:
	(1,1) 34
	[0,0] 0
n1488:
	(1,1) 33
	[0,0] 0
n748:
	(1,1) 17
	[0,0] 0
n1540:
	(1,1) 16
	[0,0] 0
n1413:
	(1,1) 28
	[0,0] 0
n1668:
	(1,1) 7
	[0,0] 0
n990:
	(1,1) 19
	[0,0] 0
n991:
	(1,1) 19
	[0,0] 0
n995:
	(1,1) 17
	[0,0] 0
n938:
	(1,1) 55
	[0,0] 0
n1011:
	(1,1) 50
	[0,0] 0
n1014:
	(1,1) 14
	[0,0] 0
n1019:
	(1,1) 7
	[0,0] 0
n1260:
	(1,1) 48
	[0,0] 0
n1300:
	(1,1) 43
	[0,0] 0
n1006:
	(1,1) 26
	[0,0] 0
n1635:
	(1,1) 24
	[0,0] 0
n1016:
	(1,1) 26
	[0,0] 0
n1022:
	(1,1) 29
	[0,0] 0
n996:
	(1,1) 35
	[0,0] 0
n1000:
	(1,1) 25
	[0,0] 0
n1177:
	(1,1) 49
	[0,0] 0
n1581:
	(1,1) 30
	[0,0] 0
n1542:
	(1,1) 9
	[0,0] 0
n1594:
	(1,1) 22
	[0,0] 0
n600:
	(1,1) 2
	[0,0] 0
n1028:
	(1,1) 3
	[0,0] 0
n1030:
	(1,1) 3
	[0,0] 0
Trigger_en0_0+1:
	(5,60) 61
	[0,0] 0
Trigger_en0_0+2:
	(4,48) 73
	[0,0] 0
Trigger_en0_0:
	(5,109) 12
	[0,0] 0
troj0_0n4+1:
	(3,9) 112
	[0,0] 0
troj0_0n4:
	(4,37) 84
	[0,0] 0
troj0_0n3+1:
	(2,6) 115
	[0,0] 0
troj0_0n3:
	(3,10) 111
	[0,0] 0
troj0_0n2+1:
	(3,13) 108
	[0,0] 0
troj0_0n2:
	(4,39) 82
	[0,0] 0
troj0_0n1+1:
	(14,14) 107
	[0,0] 0
troj0_0n1:
	(5,20) 101
	[0,0] 0
n1395:
	(22,9) 8
	[0,0] 0

-----------------------------------
Sum of T(sa0)s: ∞
Sum of T(sa1)s: ∞
Testability index: ∞