0:
	(1,1) ∞
	[0,0] ∞
1:
	(1,1) 32
	[0,0] 1
x:
	(1,1) ∞
	[0,0] ∞
n0:
	(1,1) 42
	[0,0] 2
n1:
	(1,1) 37
	[0,0] 1
n2[63]:
	(1,1) ∞
	[0,0] ∞
n2[62]:
	(1,1) ∞
	[0,0] ∞
n2[61]:
	(1,1) ∞
	[0,0] ∞
n2[60]:
	(1,1) ∞
	[0,0] ∞
n2[59]:
	(1,1) ∞
	[0,0] ∞
n2[58]:
	(1,1) ∞
	[0,0] ∞
n2[57]:
	(1,1) ∞
	[0,0] ∞
n2[56]:
	(1,1) ∞
	[0,0] ∞
n2[55]:
	(1,1) ∞
	[0,0] ∞
n2[54]:
	(1,1) ∞
	[0,0] ∞
n2[53]:
	(1,1) ∞
	[0,0] ∞
n2[52]:
	(1,1) ∞
	[0,0] ∞
n2[51]:
	(1,1) ∞
	[0,0] ∞
n2[50]:
	(1,1) ∞
	[0,0] ∞
n2[49]:
	(1,1) ∞
	[0,0] ∞
n2[48]:
	(1,1) ∞
	[0,0] ∞
n2[47]:
	(1,1) ∞
	[0,0] ∞
n2[46]:
	(1,1) ∞
	[0,0] ∞
n2[45]:
	(1,1) ∞
	[0,0] ∞
n2[44]:
	(1,1) ∞
	[0,0] ∞
n2[43]:
	(1,1) ∞
	[0,0] ∞
n2[42]:
	(1,1) ∞
	[0,0] ∞
n2[41]:
	(1,1) ∞
	[0,0] ∞
n2[40]:
	(1,1) ∞
	[0,0] ∞
n2[39]:
	(1,1) ∞
	[0,0] ∞
n2[38]:
	(1,1) ∞
	[0,0] ∞
n2[37]:
	(1,1) ∞
	[0,0] ∞
n2[36]:
	(1,1) ∞
	[0,0] ∞
n2[35]:
	(1,1) ∞
	[0,0] ∞
n2[34]:
	(1,1) ∞
	[0,0] ∞
n2[33]:
	(1,1) ∞
	[0,0] ∞
n2[32]:
	(1,1) ∞
	[0,0] ∞
n2[31]:
	(1,1) 66
	[0,0] 2
n2[30]:
	(1,1) 66
	[0,0] 2
n2[29]:
	(1,1) 66
	[0,0] 2
n2[28]:
	(1,1) 66
	[0,0] 2
n2[27]:
	(1,1) 66
	[0,0] 2
n2[26]:
	(1,1) 66
	[0,0] 2
n2[25]:
	(1,1) 66
	[0,0] 2
n2[24]:
	(1,1) 66
	[0,0] 2
n2[23]:
	(1,1) 70
	[0,0] 2
n2[22]:
	(1,1) 70
	[0,0] 2
n2[21]:
	(1,1) 70
	[0,0] 2
n2[20]:
	(1,1) 70
	[0,0] 2
n2[19]:
	(1,1) 70
	[0,0] 2
n2[18]:
	(1,1) 70
	[0,0] 2
n2[17]:
	(1,1) 70
	[0,0] 2
n2[16]:
	(1,1) 64
	[0,0] 2
n2[15]:
	(1,1) 66
	[0,0] 2
n2[14]:
	(1,1) 66
	[0,0] 2
n2[13]:
	(1,1) 66
	[0,0] 2
n2[12]:
	(1,1) 66
	[0,0] 2
n2[11]:
	(1,1) 66
	[0,0] 2
n2[10]:
	(1,1) 66
	[0,0] 2
n2[9]:
	(1,1) 66
	[0,0] 2
n2[8]:
	(1,1) 66
	[0,0] 2
n2[7]:
	(1,1) 70
	[0,0] 2
n2[6]:
	(1,1) 70
	[0,0] 2
n2[5]:
	(1,1) 70
	[0,0] 2
n2[4]:
	(1,1) 70
	[0,0] 2
n2[3]:
	(1,1) 70
	[0,0] 2
n2[2]:
	(1,1) 70
	[0,0] 2
n2[1]:
	(1,1) 70
	[0,0] 2
n2[0]:
	(1,1) 37
	[0,0] 1
n3[7]:
	(1,1) 70
	[0,0] 2
n3[6]:
	(1,1) 70
	[0,0] 2
n3[5]:
	(1,1) 70
	[0,0] 2
n3[4]:
	(1,1) 70
	[0,0] 2
n3[3]:
	(1,1) 70
	[0,0] 2
n3[2]:
	(1,1) 70
	[0,0] 2
n3[1]:
	(1,1) 70
	[0,0] 2
n3[0]:
	(1,1) 37
	[0,0] 1
n294:
	(3,15) 118
	[0,0] 9
n6[14]+1:
	(2,2) 61
	[0,0] 2
n6[14]+2:
	(2,2) 31
	[0,0] 1
n6[14]+3:
	(4,28) 29
	[1,1] 0
n6[14]:
	(7,3) 26
	[1,0] 0
n471:
	(4,9) 157
	[0,1] 3
n352:
	(5,21) 40
	[0,1] 1
n7[9]:
	(3,3) 64
	[0,0] 2
n251:
	(4,21) 207
	[0,1] 7
n513:
	(6,3) 80
	[0,0] 3
n152:
	(2,2) 36
	[0,0] 1
n476:
	(4,9) 152
	[0,1] 3
n539:
	(9,3) 62
	[0,0] 2
n385:
	(4,8) 78
	[0,1] 4
n10[12]+1:
	(2,2) 146
	[0,0] 8
n10[12]+2:
	(2,2) 119
	[0,0] 6
n10[12]+3:
	(4,25) 117
	[1,2] 5
n10[12]:
	(7,3) 114
	[1,0] 5
n390:
	(6,42) 76
	[0,5] 4
n101:
	(52,10) 156
	[0,1] 6
n4[18]:
	(30,34) 0
	[0,1] 0
n325:
	(6,29) 39
	[0,0] 1
n199:
	(12,4) 128
	[1,0] 7
n247:
	(4,21) 207
	[0,1] 7
n573:
	(14,14) 60
	[0,0] 2
n170:
	(15,11) 213
	[1,0] 7
n269:
	(9,11) 134
	[1,0] 9
n266:
	(9,11) 73
	[1,0] 2
n10[7]+1:
	(2,2) 232
	[0,0] 9
n10[7]+2:
	(2,2) 205
	[0,0] 7
n10[7]+3:
	(4,25) 203
	[1,2] 6
n10[7]:
	(7,3) 200
	[1,0] 6
n225:
	(3,7) 86
	[0,0] 5
n8[0]+1:
	(2,2) 50
	[0,0] 2
n8[0]+2:
	(2,2) 31
	[0,0] 1
n8[0]+3:
	(4,17) 29
	[1,1] 0
n8[0]:
	(7,3) 26
	[1,0] 0
n155:
	(15,19) 154
	[1,0] 12
n38:
	(25,4) 93
	[3,0] 6
n8[5]+1:
	(2,2) 137
	[0,0] 10
n8[5]+2:
	(2,2) 116
	[0,0] 9
n8[5]+3:
	(4,19) 114
	[1,1] 8
n8[5]:
	(7,3) 111
	[1,0] 8
n51:
	(16,10) 169
	[0,1] 12
n114:
	(4,17) 133
	[0,2] 7
n364:
	(12,26) 33
	[0,0] 1
n13[6]+1:
	(4,9) 85
	[0,0] 3
n13[6]+2:
	(4,10) 61
	[0,0] 2
n13[6]+3:
	(11,20) 54
	[1,1] 1
n13[6]:
	(16,11) 49
	[1,0] 1
n81:
	(4,17) 224
	[0,2] 8
n8[6]+1:
	(2,2) 137
	[0,0] 10
n8[6]+2:
	(2,2) 116
	[0,0] 9
n8[6]+3:
	(4,19) 114
	[1,1] 8
n8[6]:
	(7,3) 111
	[1,0] 8
n73:
	(4,8) 204
	[0,1] 6
n435:
	(7,55) 66
	[0,0] 2
n473:
	(4,9) 146
	[0,1] 3
n14[5]+1:
	(3,3) 138
	[0,0] 5
n14[5]+2:
	(2,2) 116
	[0,0] 3
n14[5]+3:
	(5,20) 113
	[1,2] 2
n14[5]:
	(8,3) 110
	[1,0] 2
n370:
	(3,41) 61
	[0,2] 3
n440:
	(7,71) 67
	[0,0] 2
n544:
	(4,9) 109
	[0,1] 2
n427:
	(4,4) 174
	[0,0] 2
n426:
	(4,4) 162
	[0,0] 2
n378:
	(11,7) 22
	[1,0] 0
n220:
	(3,5) 33
	[0,0] 1
n124:
	(3,3) 68
	[0,0] 2
n86:
	(22,10) 186
	[0,1] 6
n535:
	(7,3) 60
	[0,0] 2
n5[3]+1:
	(2,2) 97
	[0,0] 6
n5[3]+2:
	(2,2) 84
	[0,0] 5
n5[3]+3:
	(4,11) 82
	[1,1] 4
n5[3]:
	(7,3) 79
	[1,0] 4
n411:
	(18,14) 159
	[0,1] 12
n434:
	(6,13) 68
	[0,0] 2
n10[1]+1:
	(2,2) 232
	[0,0] 9
n10[1]+2:
	(2,2) 205
	[0,0] 7
n10[1]+3:
	(4,25) 203
	[1,2] 6
n10[1]:
	(7,3) 200
	[1,0] 6
n304:
	(8,3) 45
	[0,0] 1
n7[11]:
	(3,3) 64
	[0,0] 2
n120:
	(3,3) 68
	[0,0] 2
n11[3]+1:
	(2,2) 136
	[0,0] 7
n11[3]+2:
	(2,2) 123
	[0,0] 6
n11[3]+3:
	(4,11) 121
	[1,1] 5
n11[3]:
	(7,3) 118
	[1,0] 5
n398:
	(18,14) 214
	[0,1] 7
n289:
	(12,18) 125
	[0,1] 9
n371:
	(12,26) 33
	[0,0] 1
n10[15]+1:
	(2,2) 140
	[0,0] 8
n10[15]+2:
	(2,2) 114
	[0,0] 6
n10[15]+3:
	(4,24) 112
	[1,2] 5
n10[15]:
	(7,3) 109
	[1,0] 5
n491:
	(10,33) 123
	[1,0] 3
n410:
	(18,14) 155
	[0,1] 12
n68:
	(4,8) 204
	[0,1] 6
n91:
	(9,33) 175
	[1,0] 6
n253:
	(4,21) 207
	[0,1] 7
n418:
	(6,6) 148
	[0,0] 2
n113:
	(76,10) 133
	[0,1] 6
n52:
	(4,17) 169
	[0,2] 13
n416:
	(6,6) 115
	[0,0] 2
n432:
	(7,47) 67
	[0,0] 2
n291:
	(12,18) 138
	[0,1] 10
n7[6]:
	(5,5) 66
	[0,0] 2
n302:
	(5,27) 77
	[0,2] 3
n9[3]+1:
	(2,2) 155
	[0,0] 10
n9[3]+2:
	(2,2) 142
	[0,0] 9
n9[3]+3:
	(4,11) 140
	[1,1] 8
n9[3]:
	(7,3) 137
	[1,0] 8
n145:
	(6,59) 80
	[0,4] 3
n30:
	(4,8) 127
	[0,1] 9
n334:
	(38,16) 64
	[2,0] 3
n104:
	(58,10) 150
	[0,1] 6
n9[6]+1:
	(2,2) 151
	[0,0] 9
n9[6]+2:
	(2,2) 138
	[0,0] 8
n9[6]+3:
	(4,11) 136
	[1,1] 7
n9[6]:
	(7,3) 133
	[1,0] 7
n123:
	(3,3) 68
	[0,0] 2
n10[2]+1:
	(2,2) 232
	[0,0] 9
n10[2]+2:
	(2,2) 205
	[0,0] 7
n10[2]+3:
	(4,25) 203
	[1,2] 6
n10[2]:
	(7,3) 200
	[1,0] 6
n519:
	(6,3) 79
	[0,0] 3
n323:
	(6,29) 39
	[0,0] 1
n562:
	(10,10) 60
	[0,0] 2
n307:
	(18,5) 50
	[0,0] 1
n37:
	(17,4) 101
	[2,0] 7
n176:
	(4,8) 147
	[0,1] 9
n13[13]+1:
	(4,7) 79
	[0,0] 3
n13[13]+2:
	(4,8) 59
	[0,0] 2
n13[13]+3:
	(9,16) 54
	[1,1] 1
n13[13]:
	(14,9) 49
	[1,0] 1
n412:
	(16,14) 168
	[0,1] 13
n4[13]:
	(29,33) 0
	[0,1] 0
n502:
	(4,4) 63
	[0,0] 2
n281:
	(8,38) 144
	[0,3] 11
n198:
	(12,4) 128
	[1,0] 7
n559:
	(11,39) 74
	[1,0] 2
n10[13]+1:
	(2,2) 141
	[0,0] 8
n10[13]+2:
	(2,2) 114
	[0,0] 6
n10[13]+3:
	(4,25) 112
	[1,2] 5
n10[13]:
	(7,3) 109
	[1,0] 5
n140:
	(10,15) 58
	[0,1] 1
n501:
	(4,4) 63
	[0,0] 2
n74:
	(4,8) 210
	[0,1] 6
n14[2]+1:
	(3,3) 138
	[0,0] 5
n14[2]+2:
	(2,2) 116
	[0,0] 3
n14[2]+3:
	(5,20) 113
	[1,2] 2
n14[2]:
	(8,3) 110
	[1,0] 2
n223:
	(3,7) 144
	[0,0] 9
n264:
	(38,5) 102
	[3,0] 5
n8[1]+1:
	(2,2) 154
	[0,0] 11
n8[1]+2:
	(2,2) 133
	[0,0] 10
n8[1]+3:
	(4,19) 131
	[1,1] 9
n8[1]:
	(7,3) 128
	[1,0] 9
n13[9]+1:
	(4,7) 79
	[0,0] 3
n13[9]+2:
	(4,8) 59
	[0,0] 2
n13[9]+3:
	(9,16) 54
	[1,1] 1
n13[9]:
	(14,9) 49
	[1,0] 1
n376:
	(3,3) 62
	[0,0] 2
n382:
	(45,6) 37
	[3,0] 1
n5[4]+1:
	(2,2) 93
	[0,0] 5
n5[4]+2:
	(2,2) 80
	[0,0] 4
n5[4]+3:
	(4,11) 78
	[1,1] 3
n5[4]:
	(7,3) 75
	[1,0] 3
n543:
	(9,3) 62
	[0,0] 2
n161:
	(15,19) 213
	[1,0] 7
n506:
	(4,4) 63
	[0,0] 2
n365:
	(12,26) 33
	[0,0] 1
n5[0]+1:
	(2,2) 101
	[0,0] 5
n5[0]+2:
	(2,2) 80
	[0,0] 4
n5[0]+3:
	(4,19) 78
	[1,1] 3
n5[0]:
	(7,3) 75
	[1,0] 3
n111:
	(4,17) 138
	[0,2] 7
n445:
	(6,13) 68
	[0,0] 2
n7[8]:
	(3,3) 64
	[0,0] 2
n4[10]:
	(29,33) 0
	[0,1] 0
n6[16]+1:
	(2,2) 44
	[0,0] 2
n6[16]+2:
	(2,2) 31
	[0,0] 1
n6[16]+3:
	(4,11) 29
	[1,1] 0
n6[16]:
	(7,3) 26
	[1,0] 0
n82:
	(9,15) 193
	[1,0] 6
n564:
	(10,10) 60
	[0,0] 2
n496:
	(4,4) 63
	[0,0] 2
n456:
	(108,6) 70
	[0,0] 2
n558:
	(2,2) 65
	[0,0] 2
n293:
	(16,12) 66
	[1,0] 2
n395:
	(18,14) 214
	[0,1] 7
n18:
	(15,4) 192
	[2,0] 15
n55:
	(4,17) 165
	[0,2] 13
n87:
	(4,17) 224
	[0,2] 8
n67:
	(4,8) 204
	[0,1] 6
n9[7]+1:
	(2,2) 155
	[0,0] 10
n9[7]+2:
	(2,2) 142
	[0,0] 9
n9[7]+3:
	(4,11) 140
	[1,1] 8
n9[7]:
	(7,3) 137
	[1,0] 8
n48:
	(10,10) 175
	[0,1] 12
n7[15]:
	(3,3) 64
	[0,0] 2
n466:
	(4,9) 66
	[0,0] 2
n95:
	(40,10) 168
	[0,1] 6
n188:
	(4,8) 147
	[0,1] 9
n315:
	(9,40) 42
	[0,2] 1
n284:
	(11,14) 93
	[0,1] 5
n522:
	(8,3) 86
	[0,0] 3
n187:
	(4,8) 89
	[0,1] 5
n489:
	(28,11) 128
	[0,1] 3
n4[5]:
	(29,33) 0
	[0,1] 0
n292:
	(12,18) 134
	[0,1] 10
n441:
	(72,8) 74
	[0,0] 2
n4[11]:
	(29,33) 0
	[0,1] 0
n11[0]+1:
	(2,2) 42
	[0,0] 2
n11[0]+2:
	(2,2) 31
	[0,0] 1
n11[0]+3:
	(4,9) 29
	[1,1] 0
n11[0]:
	(7,3) 26
	[1,0] 0
n262:
	(5,21) 67
	[0,2] 2
n100:
	(9,51) 157
	[1,0] 6
n341:
	(5,23) 40
	[0,1] 1
n217:
	(9,9) 112
	[0,1] 5
n338:
	(5,23) 40
	[0,1] 1
n4[28]:
	(30,34) 0
	[0,1] 0
n24:
	(31,5) 176
	[4,0] 13
n362:
	(12,26) 33
	[0,0] 1
n507:
	(6,6) 65
	[0,0] 2
n138:
	(12,17) 58
	[0,1] 1
n479:
	(10,9) 123
	[1,0] 3
n122:
	(3,3) 68
	[0,0] 2
n340:
	(5,23) 40
	[0,1] 1
n308:
	(35,15) 47
	[2,0] 1
n310:
	(6,37) 74
	[0,2] 3
n296:
	(3,15) 118
	[0,0] 9
n577:
	(20,15) 118
	[0,1] 3
n470:
	(5,137) 64
	[0,0] 2
n574:
	(18,14) 60
	[0,0] 2
n53:
	(9,21) 164
	[1,0] 12
n131:
	(10,15) 58
	[0,1] 1
n59:
	(9,33) 160
	[1,0] 12
n527:
	(8,3) 77
	[0,0] 3
n36:
	(9,9) 109
	[1,0] 8
n486:
	(22,11) 128
	[0,1] 3
n201:
	(3,7) 86
	[0,0] 5
n350:
	(5,25) 40
	[0,1] 1
n40:
	(4,8) 181
	[0,1] 12
n545:
	(4,9) 109
	[0,1] 2
n7[1]:
	(5,5) 66
	[0,0] 2
n347:
	(5,25) 40
	[0,1] 1
n9[2]+1:
	(2,2) 151
	[0,0] 9
n9[2]+2:
	(2,2) 138
	[0,0] 8
n9[2]+3:
	(4,11) 136
	[1,1] 7
n9[2]:
	(7,3) 133
	[1,0] 7
n150:
	(15,17) 213
	[1,0] 7
n7[13]:
	(3,3) 64
	[0,0] 2
n13[2]+1:
	(4,9) 85
	[0,0] 3
n13[2]+2:
	(4,10) 61
	[0,0] 2
n13[2]+3:
	(11,20) 54
	[1,1] 1
n13[2]:
	(16,11) 49
	[1,0] 1
n211:
	(10,10) 76
	[0,1] 2
n115:
	(9,81) 128
	[1,0] 6
n172:
	(4,8) 82
	[0,1] 2
n286:
	(12,18) 121
	[0,1] 9
n8[4]+1:
	(2,2) 137
	[0,0] 10
n8[4]+2:
	(2,2) 116
	[0,0] 9
n8[4]+3:
	(4,19) 114
	[1,1] 8
n8[4]:
	(7,3) 111
	[1,0] 8
n11[1]+1:
	(2,2) 136
	[0,0] 7
n11[1]+2:
	(2,2) 123
	[0,0] 6
n11[1]+3:
	(4,11) 121
	[1,1] 5
n11[1]:
	(7,3) 118
	[1,0] 5
n34:
	(9,9) 122
	[1,0] 9
n5[2]+1:
	(2,2) 93
	[0,0] 5
n5[2]+2:
	(2,2) 80
	[0,0] 4
n5[2]+3:
	(4,11) 78
	[1,1] 3
n5[2]:
	(7,3) 75
	[1,0] 3
n327:
	(6,31) 39
	[0,0] 1
n4[24]:
	(30,34) 0
	[0,1] 0
n260:
	(6,23) 78
	[0,2] 2
n324:
	(6,29) 39
	[0,0] 1
n10[6]+1:
	(2,2) 232
	[0,0] 9
n10[6]+2:
	(2,2) 205
	[0,0] 7
n10[6]+3:
	(4,25) 203
	[1,2] 6
n10[6]:
	(7,3) 200
	[1,0] 6
n428:
	(6,6) 156
	[0,0] 2
n305:
	(28,13) 54
	[2,0] 1
n216:
	(3,10) 85
	[0,1] 4
n283:
	(13,4) 59
	[1,0] 1
n14[6]+1:
	(3,3) 138
	[0,0] 5
n14[6]+2:
	(2,2) 116
	[0,0] 3
n14[6]+3:
	(5,20) 113
	[1,2] 2
n14[6]:
	(8,3) 110
	[1,0] 2
n13[5]+1:
	(4,9) 85
	[0,0] 3
n13[5]+2:
	(4,10) 61
	[0,0] 2
n13[5]+3:
	(11,20) 54
	[1,1] 1
n13[5]:
	(16,11) 49
	[1,0] 1
n541:
	(9,3) 62
	[0,0] 2
n485:
	(10,21) 123
	[1,0] 3
n360:
	(12,24) 33
	[0,0] 1
n6[11]+1:
	(2,2) 61
	[0,0] 2
n6[11]+2:
	(2,2) 31
	[0,0] 1
n6[11]+3:
	(4,28) 29
	[1,1] 0
n6[11]:
	(7,3) 26
	[1,0] 0
n330:
	(6,31) 39
	[0,0] 1
n171:
	(15,19) 213
	[1,0] 7
n278:
	(8,38) 131
	[0,3] 10
n239:
	(11,4) 77
	[1,0] 3
n383:
	(17,21) 12
	[0,1] 0
n255:
	(5,19) 67
	[0,1] 2
n361:
	(12,26) 33
	[0,0] 1
n549:
	(4,9) 109
	[0,1] 2
n4[8]:
	(29,33) 0
	[0,1] 0
n481:
	(4,19) 129
	[0,2] 4
n422:
	(4,4) 168
	[0,0] 2
n118:
	(9,87) 127
	[1,0] 6
n50:
	(9,15) 170
	[1,0] 12
n403:
	(18,14) 123
	[0,1] 6
n425:
	(40,12) 74
	[0,1] 2
n7[0]:
	(5,5) 60
	[0,0] 2
n387:
	(4,8) 78
	[0,1] 4
n446:
	(7,87) 67
	[0,0] 2
n487:
	(4,19) 129
	[0,2] 4
n4[23]:
	(30,34) 0
	[0,1] 0
n280:
	(8,38) 148
	[0,3] 11
n221:
	(3,7) 125
	[0,0] 6
n70:
	(4,8) 204
	[0,1] 6
n4[15]:
	(29,33) 0
	[0,1] 0
n272:
	(9,11) 143
	[1,0] 10
n4[19]:
	(30,34) 0
	[0,1] 0
n265:
	(10,24) 97
	[1,0] 5
n460:
	(4,9) 66
	[0,0] 2
n60:
	(34,10) 164
	[0,1] 12
n4[2]:
	(29,33) 0
	[0,1] 0
n557:
	(29,10) 84
	[0,1] 2
n6[6]+1:
	(2,2) 63
	[0,0] 2
n6[6]+2:
	(2,2) 31
	[0,0] 1
n6[6]+3:
	(4,30) 29
	[1,1] 0
n6[6]:
	(7,3) 26
	[1,0] 0
n13[15]+1:
	(4,7) 78
	[0,0] 3
n13[15]+2:
	(4,8) 59
	[0,0] 2
n13[15]+3:
	(9,15) 54
	[1,1] 1
n13[15]:
	(14,9) 49
	[1,0] 1
n420:
	(4,4) 180
	[0,0] 2
n35:
	(4,17) 114
	[0,2] 8
n463:
	(4,9) 66
	[0,0] 2
n511:
	(4,4) 63
	[0,0] 2
n580:
	(16,15) 118
	[0,1] 3
n178:
	(4,8) 85
	[0,1] 4
n560:
	(9,9) 60
	[0,0] 2
n342:
	(5,23) 40
	[0,1] 1
n141:
	(10,15) 58
	[0,1] 1
n510:
	(6,6) 65
	[0,0] 2
n384:
	(25,29) 4
	[0,1] 0
n179:
	(4,8) 136
	[0,1] 8
n6[12]+1:
	(2,2) 61
	[0,0] 2
n6[12]+2:
	(2,2) 31
	[0,0] 1
n6[12]+3:
	(4,28) 29
	[1,1] 0
n6[12]:
	(7,3) 26
	[1,0] 0
n181:
	(4,8) 147
	[0,1] 9
n457:
	(4,9) 66
	[0,0] 2
n381:
	(15,11) 18
	[1,0] 0
n243:
	(4,21) 207
	[0,1] 7
n127:
	(12,13) 58
	[0,1] 1
n299:
	(3,15) 131
	[0,0] 10
n207:
	(3,7) 144
	[0,0] 9
n500:
	(6,6) 65
	[0,0] 2
n316:
	(6,31) 39
	[0,0] 1
n130:
	(12,17) 58
	[0,1] 1
n529:
	(7,3) 60
	[0,0] 2
n21:
	(15,4) 101
	[2,0] 4
n254:
	(4,20) 116
	[0,1] 6
n13[7]+1:
	(4,9) 85
	[0,0] 3
n13[7]+2:
	(4,10) 61
	[0,0] 2
n13[7]+3:
	(11,20) 54
	[1,1] 1
n13[7]:
	(16,11) 49
	[1,0] 1
n553:
	(9,10) 104
	[0,1] 2
n136:
	(12,17) 58
	[0,1] 1
n143:
	(4,8) 141
	[0,1] 9
n4[25]:
	(30,34) 0
	[0,1] 0
n509:
	(4,9) 118
	[0,1] 3
n29:
	(17,4) 99
	[2,0] 4
n402:
	(18,14) 128
	[0,1] 6
n10[11]+1:
	(2,2) 232
	[0,0] 9
n10[11]+2:
	(2,2) 205
	[0,0] 7
n10[11]+3:
	(4,25) 203
	[1,2] 6
n10[11]:
	(7,3) 200
	[1,0] 6
n565:
	(10,10) 60
	[0,0] 2
n92:
	(34,10) 174
	[0,1] 6
n312:
	(5,33) 78
	[0,1] 2
n57:
	(28,10) 165
	[0,1] 12
n4[9]:
	(29,33) 0
	[0,1] 0
n571:
	(14,14) 60
	[0,0] 2
n240:
	(4,21) 116
	[0,1] 6
n377:
	(11,7) 22
	[1,0] 0
n106:
	(9,63) 145
	[1,0] 6
n537:
	(9,3) 62
	[0,0] 2
n472:
	(4,9) 128
	[0,1] 3
n13[10]+1:
	(4,7) 79
	[0,0] 3
n13[10]+2:
	(4,8) 59
	[0,0] 2
n13[10]+3:
	(9,16) 54
	[1,1] 1
n13[10]:
	(14,9) 49
	[1,0] 1
n195:
	(4,8) 117
	[0,1] 5
n46:
	(4,15) 182
	[0,2] 14
n581:
	(10,15) 118
	[0,1] 3
n568:
	(14,14) 60
	[0,0] 2
n429:
	(4,4) 186
	[0,0] 2
n14[0]+1:
	(3,3) 132
	[0,0] 5
n14[0]+2:
	(2,2) 116
	[0,0] 3
n14[0]+3:
	(5,14) 113
	[1,2] 2
n14[0]:
	(8,3) 110
	[1,0] 2
n242:
	(4,21) 121
	[0,1] 6
n570:
	(14,14) 60
	[0,0] 2
n320:
	(9,40) 74
	[0,2] 2
n388:
	(4,8) 78
	[0,1] 4
n569:
	(14,14) 60
	[0,0] 2
n494:
	(10,39) 122
	[1,0] 3
n464:
	(5,125) 65
	[0,0] 2
n196:
	(4,8) 85
	[0,1] 4
n303:
	(3,13) 33
	[0,0] 1
n443:
	(7,79) 67
	[0,0] 2
n337:
	(5,23) 40
	[0,1] 1
n14[7]+1:
	(3,3) 137
	[0,0] 5
n14[7]+2:
	(2,2) 116
	[0,0] 3
n14[7]+3:
	(5,19) 113
	[1,2] 2
n14[7]:
	(8,3) 110
	[1,0] 2
n4[14]:
	(29,33) 0
	[0,1] 0
n12[2]+1:
	(2,2) 106
	[0,0] 4
n12[2]+2:
	(2,2) 63
	[0,0] 2
n12[2]+3:
	(4,41) 61
	[1,2] 1
n12[2]:
	(7,3) 58
	[1,0] 1
n493:
	(4,19) 129
	[0,2] 4
n4[3]:
	(29,33) 0
	[0,1] 0
n306:
	(4,17) 36
	[0,0] 1
n459:
	(114,6) 70
	[0,0] 2
n66:
	(4,8) 204
	[0,1] 6
n454:
	(4,9) 66
	[0,0] 2
n132:
	(4,8) 89
	[0,1] 5
n417:
	(6,6) 132
	[0,0] 2
n442:
	(6,13) 68
	[0,0] 2
n62:
	(9,39) 159
	[1,0] 12
n492:
	(34,11) 127
	[0,1] 3
n495:
	(6,6) 61
	[0,0] 2
n394:
	(18,14) 214
	[0,1] 7
n359:
	(12,24) 33
	[0,0] 1
n355:
	(12,24) 33
	[0,0] 1
n256:
	(22,7) 50
	[2,0] 1
n149:
	(15,19) 213
	[1,0] 7
n64:
	(4,8) 205
	[0,1] 6
n409:
	(18,14) 155
	[0,1] 12
n399:
	(18,14) 214
	[0,1] 7
n326:
	(6,31) 39
	[0,0] 1
n274:
	(8,27) 45
	[0,2] 1
n6[10]+1:
	(2,2) 61
	[0,0] 2
n6[10]+2:
	(2,2) 31
	[0,0] 1
n6[10]+3:
	(4,28) 29
	[1,1] 0
n6[10]:
	(7,3) 26
	[1,0] 0
n89:
	(28,10) 180
	[0,1] 6
n10[10]+1:
	(2,2) 232
	[0,0] 9
n10[10]+2:
	(2,2) 205
	[0,0] 7
n10[10]+3:
	(4,25) 203
	[1,2] 6
n10[10]:
	(7,3) 200
	[1,0] 6
n219:
	(3,7) 140
	[0,0] 8
n245:
	(4,21) 207
	[0,1] 7
n4[29]:
	(30,34) 0
	[0,1] 0
n47:
	(9,9) 176
	[1,0] 12
n197:
	(4,8) 136
	[0,1] 8
n110:
	(70,10) 138
	[0,1] 6
n167:
	(15,17) 167
	[1,0] 13
n556:
	(24,10) 89
	[0,1] 2
n555:
	(19,11) 94
	[0,1] 2
n546:
	(4,9) 109
	[0,1] 2
n33:
	(15,4) 103
	[2,0] 7
n107:
	(64,10) 144
	[0,1] 6
n567:
	(12,10) 60
	[0,0] 2
n526:
	(8,3) 86
	[0,0] 3
n258:
	(11,17) 71
	[1,0] 2
n389:
	(6,34) 82
	[0,4] 2
n192:
	(4,8) 137
	[0,1] 9
n552:
	(9,10) 104
	[0,1] 2
n84:
	(4,17) 224
	[0,2] 8
n298:
	(3,15) 122
	[0,0] 9
n407:
	(17,13) 155
	[0,1] 12
n25:
	(63,6) 144
	[8,0] 9
n234:
	(4,13) 33
	[0,1] 1
n10[5]+1:
	(2,2) 232
	[0,0] 9
n10[5]+2:
	(2,2) 205
	[0,0] 7
n10[5]+3:
	(4,25) 203
	[1,2] 6
n10[5]:
	(7,3) 200
	[1,0] 6
n490:
	(4,19) 129
	[0,2] 4
n534:
	(7,3) 60
	[0,0] 2
n329:
	(6,31) 39
	[0,0] 1
n504:
	(6,6) 65
	[0,0] 2
n208:
	(3,7) 140
	[0,0] 8
n408:
	(18,14) 155
	[0,1] 12
n184:
	(4,8) 154
	[0,1] 10
n174:
	(4,8) 57
	[0,1] 2
n13[0]+1:
	(4,9) 76
	[0,0] 3
n13[0]+2:
	(4,10) 57
	[0,0] 2
n13[0]+3:
	(7,11) 54
	[1,1] 1
n13[0]:
	(12,11) 49
	[1,0] 1
n498:
	(4,4) 63
	[0,0] 2
n415:
	(58,5) 24
	[4,0] 0
n6[13]+1:
	(2,2) 61
	[0,0] 2
n6[13]+2:
	(2,2) 31
	[0,0] 1
n6[13]+3:
	(4,28) 29
	[1,1] 0
n6[13]:
	(7,3) 26
	[1,0] 0
n182:
	(4,8) 137
	[0,1] 9
n503:
	(6,6) 65
	[0,0] 2
n13[1]+1:
	(4,9) 85
	[0,0] 3
n13[1]+2:
	(4,10) 61
	[0,0] 2
n13[1]+3:
	(11,20) 54
	[1,1] 1
n13[1]:
	(16,11) 49
	[1,0] 1
n168:
	(15,19) 158
	[1,0] 12
n75:
	(4,8) 204
	[0,1] 6
n550:
	(4,9) 109
	[0,1] 2
n321:
	(3,7) 33
	[0,0] 1
n162:
	(15,19) 154
	[1,0] 12
n439:
	(6,13) 68
	[0,0] 2
n14[1]+1:
	(3,3) 138
	[0,0] 5
n14[1]+2:
	(2,2) 116
	[0,0] 3
n14[1]+3:
	(5,20) 113
	[1,2] 2
n14[1]:
	(8,3) 110
	[1,0] 2
n116:
	(82,10) 132
	[0,1] 6
n83:
	(16,10) 192
	[0,1] 6
n109:
	(9,69) 139
	[1,0] 6
n19:
	(15,4) 192
	[2,0] 15
n444:
	(80,8) 74
	[0,0] 2
n183:
	(4,8) 85
	[0,1] 4
n13[3]+1:
	(4,9) 84
	[0,0] 3
n13[3]+2:
	(4,10) 61
	[0,0] 2
n13[3]+3:
	(11,19) 54
	[1,1] 1
n13[3]:
	(16,11) 49
	[1,0] 1
n563:
	(10,10) 60
	[0,0] 2
n512:
	(6,3) 80
	[0,0] 3
n467:
	(5,131) 65
	[0,0] 2
n4[16]:
	(30,34) 0
	[0,1] 0
n351:
	(5,25) 40
	[0,1] 1
n193:
	(4,8) 136
	[0,1] 8
n449:
	(7,95) 67
	[0,0] 2
n235:
	(4,18) 68
	[0,1] 2
n397:
	(18,14) 214
	[0,1] 7
n375:
	(12,4) 70
	[1,0] 3
n99:
	(4,17) 224
	[0,2] 8
n301:
	(5,24) 48
	[0,1] 1
n45:
	(4,8) 181
	[0,1] 12
n319:
	(6,29) 39
	[0,0] 1
n413:
	(10,14) 172
	[0,1] 13
n7[2]:
	(5,5) 66
	[0,0] 2
n401:
	(18,14) 214
	[0,1] 7
n27:
	(5,95) 112
	[0,12] 5
n249:
	(4,21) 207
	[0,1] 7
n8[7]+1:
	(2,2) 137
	[0,0] 10
n8[7]+2:
	(2,2) 116
	[0,0] 9
n8[7]+3:
	(4,19) 114
	[1,1] 8
n8[7]:
	(7,3) 111
	[1,0] 8
n453:
	(102,6) 70
	[0,0] 2
n4[22]:
	(30,34) 0
	[0,1] 0
n517:
	(6,3) 80
	[0,0] 3
n41:
	(4,8) 183
	[0,1] 12
n14[4]+1:
	(3,3) 138
	[0,0] 5
n14[4]+2:
	(2,2) 116
	[0,0] 3
n14[4]+3:
	(5,20) 113
	[1,2] 2
n14[4]:
	(8,3) 110
	[1,0] 2
n102:
	(4,17) 224
	[0,2] 8
n367:
	(12,26) 33
	[0,0] 1
n31:
	(4,8) 127
	[0,1] 9
n191:
	(4,8) 150
	[0,1] 10
n204:
	(3,7) 144
	[0,0] 9
n224:
	(3,7) 86
	[0,0] 5
n160:
	(14,18) 154
	[1,0] 12
n277:
	(8,38) 131
	[0,3] 10
n540:
	(9,3) 62
	[0,0] 2
n200:
	(12,4) 128
	[1,0] 7
n271:
	(9,11) 130
	[1,0] 9
n17:
	(15,4) 192
	[2,0] 15
n97:
	(9,45) 163
	[1,0] 6
n10[3]+1:
	(2,2) 232
	[0,0] 9
n10[3]+2:
	(2,2) 205
	[0,0] 7
n10[3]+3:
	(4,25) 203
	[1,2] 6
n10[3]:
	(7,3) 200
	[1,0] 6
n285:
	(12,18) 121
	[0,1] 9
n128:
	(2,2) 36
	[0,0] 1
n13[8]+1:
	(4,7) 79
	[0,0] 3
n13[8]+2:
	(4,8) 59
	[0,0] 2
n13[8]+3:
	(9,16) 54
	[1,1] 1
n13[8]:
	(14,9) 49
	[1,0] 1
n314:
	(6,29) 39
	[0,0] 1
n431:
	(6,17) 68
	[0,1] 2
n368:
	(12,22) 33
	[0,0] 1
n257:
	(6,21) 40
	[0,2] 1
n214:
	(12,4) 74
	[1,0] 2
n4[12]:
	(29,33) 0
	[0,1] 0
n465:
	(126,6) 70
	[0,0] 2
n339:
	(5,23) 40
	[0,1] 1
n514:
	(6,3) 80
	[0,0] 3
n90:
	(4,17) 224
	[0,2] 8
n165:
	(15,19) 122
	[1,0] 6
n458:
	(5,113) 65
	[0,0] 2
n236:
	(18,4) 93
	[1,0] 2
n331:
	(6,31) 39
	[0,0] 1
n121:
	(3,3) 68
	[0,0] 2
n343:
	(5,23) 40
	[0,1] 1
n175:
	(4,8) 68
	[0,1] 3
n202:
	(12,4) 128
	[1,0] 7
n438:
	(64,8) 74
	[0,0] 2
n7[14]:
	(3,3) 64
	[0,0] 2
n346:
	(5,25) 40
	[0,1] 1
n166:
	(15,19) 213
	[1,0] 7
n579:
	(20,15) 118
	[0,1] 3
n6[5]+1:
	(2,2) 63
	[0,0] 2
n6[5]+2:
	(2,2) 31
	[0,0] 1
n6[5]+3:
	(4,30) 29
	[1,1] 0
n6[5]:
	(7,3) 26
	[1,0] 0
n414:
	(33,5) 83
	[4,0] 2
n345:
	(5,25) 40
	[0,1] 1
n39:
	(4,8) 194
	[0,1] 12
n12[0]+1:
	(2,2) 71
	[0,0] 4
n12[0]+2:
	(2,2) 31
	[0,0] 1
n12[0]+3:
	(4,38) 29
	[1,3] 0
n12[0]:
	(7,3) 26
	[1,0] 0
n290:
	(6,64) 76
	[0,5] 3
n238:
	(25,5) 115
	[2,0] 6
n311:
	(5,30) 46
	[0,2] 1
n212:
	(4,15) 46
	[0,2] 1
n8[3]+1:
	(2,2) 141
	[0,0] 10
n8[3]+2:
	(2,2) 120
	[0,0] 9
n8[3]+3:
	(4,19) 118
	[1,1] 8
n8[3]:
	(7,3) 115
	[1,0] 8
n480:
	(10,11) 128
	[0,1] 3
n275:
	(8,37) 131
	[0,3] 10
n134:
	(12,17) 58
	[0,1] 1
n7[5]:
	(5,5) 66
	[0,0] 2
n433:
	(48,8) 73
	[0,0] 2
n542:
	(9,3) 58
	[0,0] 2
n516:
	(6,3) 80
	[0,0] 3
n93:
	(4,17) 224
	[0,2] 8
n65:
	(4,8) 204
	[0,1] 6
n4[17]:
	(30,34) 0
	[0,1] 0
n405:
	(17,13) 123
	[0,1] 6
n185:
	(4,8) 89
	[0,1] 5
n125:
	(3,3) 68
	[0,0] 2
n369:
	(3,37) 65
	[0,1] 2
n363:
	(3,34) 33
	[0,2] 1
n226:
	(3,15) 82
	[0,0] 4
n488:
	(10,27) 123
	[1,0] 3
n210:
	(9,9) 77
	[1,0] 2
n54:
	(22,10) 165
	[0,1] 12
n392:
	(16,14) 214
	[0,1] 7
n173:
	(4,8) 78
	[0,1] 2
n227:
	(3,7) 86
	[0,0] 5
n229:
	(3,7) 82
	[0,0] 4
n451:
	(4,11) 66
	[0,0] 2
n248:
	(4,21) 207
	[0,1] 7
n4[21]:
	(30,34) 0
	[0,1] 0
n521:
	(8,3) 86
	[0,0] 3
n373:
	(14,4) 68
	[1,0] 3
n554:
	(9,10) 104
	[0,1] 2
n349:
	(5,25) 40
	[0,1] 1
n268:
	(9,11) 130
	[1,0] 9
n322:
	(8,4) 53
	[0,0] 2
n7[4]:
	(5,5) 66
	[0,0] 2
n156:
	(15,19) 213
	[1,0] 7
n393:
	(18,14) 214
	[0,1] 7
n96:
	(4,17) 224
	[0,2] 8
n4[0]:
	(29,33) 0
	[0,1] 0
n151:
	(15,19) 122
	[1,0] 6
n380:
	(40,5) 42
	[3,0] 1
n250:
	(4,21) 207
	[0,1] 7
n576:
	(20,15) 118
	[0,1] 3
n213:
	(16,5) 45
	[2,0] 1
n43:
	(4,8) 181
	[0,1] 12
n9[1]+1:
	(2,2) 155
	[0,0] 10
n9[1]+2:
	(2,2) 142
	[0,0] 9
n9[1]+3:
	(4,11) 140
	[1,1] 8
n9[1]:
	(7,3) 137
	[1,0] 8
n462:
	(120,6) 70
	[0,0] 2
n56:
	(9,27) 160
	[1,0] 12
n164:
	(15,19) 213
	[1,0] 7
n139:
	(12,17) 58
	[0,1] 1
n4[4]:
	(29,33) 0
	[0,1] 0
n295:
	(3,15) 118
	[0,0] 9
n209:
	(5,3) 41
	[0,0] 2
n126:
	(2,2) 36
	[0,0] 1
n4[20]:
	(30,34) 0
	[0,1] 0
n69:
	(4,8) 204
	[0,1] 6
n10[0]+1:
	(2,2) 50
	[0,0] 3
n10[0]+2:
	(2,2) 31
	[0,0] 1
n10[0]+3:
	(4,17) 29
	[1,2] 0
n10[0]:
	(7,3) 26
	[1,0] 0
n547:
	(4,9) 109
	[0,1] 2
n117:
	(4,17) 133
	[0,2] 7
n252:
	(4,21) 207
	[0,1] 7
n450:
	(96,8) 70
	[0,0] 2
n159:
	(14,18) 122
	[1,0] 6
n79:
	(9,9) 199
	[1,0] 6
n230:
	(9,9) 112
	[0,1] 5
n452:
	(5,101) 65
	[0,0] 2
n10[4]+1:
	(2,2) 232
	[0,0] 9
n10[4]+2:
	(2,2) 205
	[0,0] 7
n10[4]+3:
	(4,25) 203
	[1,2] 6
n10[4]:
	(7,3) 200
	[1,0] 6
n386:
	(4,8) 78
	[0,1] 4
n528:
	(7,3) 60
	[0,0] 2
n379:
	(27,5) 55
	[2,0] 2
n16:
	(15,4) 192
	[2,0] 15
n20:
	(15,4) 192
	[2,0] 15
n474:
	(4,9) 140
	[0,1] 3
n189:
	(4,8) 89
	[0,1] 5
n119:
	(3,3) 68
	[0,0] 2
n4[26]:
	(30,34) 0
	[0,1] 0
n9[4]+1:
	(2,2) 151
	[0,0] 9
n9[4]+2:
	(2,2) 138
	[0,0] 8
n9[4]+3:
	(4,11) 136
	[1,1] 7
n9[4]:
	(7,3) 133
	[1,0] 7
n6[15]+1:
	(2,2) 61
	[0,0] 2
n6[15]+2:
	(2,2) 31
	[0,0] 1
n6[15]+3:
	(4,28) 29
	[1,1] 0
n6[15]:
	(7,3) 26
	[1,0] 0
n10[14]+1:
	(2,2) 141
	[0,0] 8
n10[14]+2:
	(2,2) 114
	[0,0] 6
n10[14]+3:
	(4,25) 112
	[1,2] 5
n10[14]:
	(7,3) 109
	[1,0] 5
n436:
	(56,8) 81
	[0,0] 2
n267:
	(9,11) 130
	[1,0] 9
n10[9]+1:
	(2,2) 232
	[0,0] 9
n10[9]+2:
	(2,2) 205
	[0,0] 7
n10[9]+3:
	(4,25) 203
	[1,2] 6
n10[9]:
	(7,3) 200
	[1,0] 6
n72:
	(4,8) 204
	[0,1] 6
n279:
	(9,11) 130
	[1,0] 9
n13[14]+1:
	(4,7) 79
	[0,0] 3
n13[14]+2:
	(4,8) 59
	[0,0] 2
n13[14]+3:
	(9,16) 54
	[1,1] 1
n13[14]:
	(14,9) 49
	[1,0] 1
n468:
	(132,6) 69
	[0,0] 2
n78:
	(4,15) 224
	[0,2] 8
n518:
	(6,3) 80
	[0,0] 3
n358:
	(12,24) 33
	[0,0] 1
n180:
	(4,8) 117
	[0,1] 5
n469:
	(4,9) 66
	[0,0] 2
n14[3]+1:
	(3,3) 138
	[0,0] 5
n14[3]+2:
	(2,2) 116
	[0,0] 3
n14[3]+3:
	(5,20) 113
	[1,2] 2
n14[3]:
	(8,3) 110
	[1,0] 2
n566:
	(10,10) 60
	[0,0] 2
n309:
	(14,34) 48
	[0,2] 1
n4[6]:
	(29,33) 0
	[0,1] 0
n477:
	(4,9) 134
	[0,1] 3
n396:
	(18,14) 214
	[0,1] 7
n158:
	(15,19) 213
	[1,0] 7
n205:
	(3,7) 140
	[0,0] 8
n4[30]:
	(30,34) 0
	[0,1] 0
n153:
	(15,11) 171
	[1,0] 13
n578:
	(20,15) 118
	[0,1] 3
n515:
	(6,3) 80
	[0,0] 3
n129:
	(10,15) 58
	[0,1] 1
n5[7]+1:
	(2,2) 97
	[0,0] 6
n5[7]+2:
	(2,2) 84
	[0,0] 5
n5[7]+3:
	(4,11) 82
	[1,1] 4
n5[7]:
	(7,3) 79
	[1,0] 4
n344:
	(5,23) 40
	[0,1] 1
n6[4]+1:
	(2,2) 63
	[0,0] 2
n6[4]+2:
	(2,2) 31
	[0,0] 1
n6[4]+3:
	(4,30) 29
	[1,1] 0
n6[4]:
	(7,3) 26
	[1,0] 0
n335:
	(34,15) 68
	[1,0] 2
n135:
	(12,17) 58
	[0,1] 1
n336:
	(31,15) 36
	[2,0] 1
n5[6]+1:
	(2,2) 93
	[0,0] 5
n5[6]+2:
	(2,2) 80
	[0,0] 4
n5[6]+3:
	(4,11) 78
	[1,1] 3
n5[6]:
	(7,3) 75
	[1,0] 3
n28:
	(9,10) 107
	[1,0] 5
n6[7]+1:
	(2,2) 63
	[0,0] 2
n6[7]+2:
	(2,2) 31
	[0,0] 1
n6[7]+3:
	(4,30) 29
	[1,1] 0
n6[7]:
	(7,3) 26
	[1,0] 0
n287:
	(12,18) 121
	[0,1] 9
n497:
	(4,4) 63
	[0,0] 2
n525:
	(8,3) 86
	[0,0] 3
n536:
	(9,3) 62
	[0,0] 2
n548:
	(4,9) 109
	[0,1] 2
n532:
	(7,3) 60
	[0,0] 2
n80:
	(10,10) 198
	[0,1] 6
n478:
	(4,17) 129
	[0,2] 4
n4[27]:
	(30,34) 0
	[0,1] 0
n32:
	(4,8) 114
	[0,1] 8
n424:
	(6,6) 131
	[0,0] 2
n520:
	(8,3) 86
	[0,0] 3
n13[11]+1:
	(4,7) 79
	[0,0] 3
n13[11]+2:
	(4,8) 59
	[0,0] 2
n13[11]+3:
	(9,16) 54
	[1,1] 1
n13[11]:
	(14,9) 49
	[1,0] 1
n6[3]+1:
	(2,2) 63
	[0,0] 2
n6[3]+2:
	(2,2) 31
	[0,0] 1
n6[3]+3:
	(4,30) 29
	[1,1] 0
n6[3]:
	(7,3) 26
	[1,0] 0
n508:
	(4,4) 63
	[0,0] 2
n23:
	(31,5) 176
	[4,0] 13
n215:
	(15,4) 61
	[2,0] 1
n7[3]:
	(5,5) 66
	[0,0] 2
n112:
	(9,75) 133
	[1,0] 6
n263:
	(22,5) 89
	[2,0] 3
n241:
	(4,21) 116
	[0,1] 6
n206:
	(3,5) 33
	[0,0] 1
n366:
	(12,26) 33
	[0,0] 1
n7[10]:
	(3,3) 64
	[0,0] 2
n88:
	(9,27) 181
	[1,0] 6
n261:
	(10,19) 62
	[0,1] 2
n483:
	(16,11) 128
	[0,1] 3
n5[1]+1:
	(2,2) 97
	[0,0] 6
n5[1]+2:
	(2,2) 84
	[0,0] 5
n5[1]+3:
	(4,11) 82
	[1,1] 4
n5[1]:
	(7,3) 79
	[1,0] 4
n531:
	(7,3) 60
	[0,0] 2
n9[5]+1:
	(2,2) 155
	[0,0] 10
n9[5]+2:
	(2,2) 142
	[0,0] 9
n9[5]+3:
	(4,11) 140
	[1,1] 8
n9[5]:
	(7,3) 137
	[1,0] 8
n58:
	(4,17) 165
	[0,2] 13
n4[7]:
	(29,33) 0
	[0,1] 0
n6[0]+1:
	(2,2) 59
	[0,0] 2
n6[0]+2:
	(2,2) 31
	[0,0] 1
n6[0]+3:
	(4,26) 29
	[1,1] 0
n6[0]:
	(7,3) 26
	[1,0] 0
n61:
	(4,17) 165
	[0,2] 13
n63:
	(4,8) 204
	[0,1] 6
n6[1]+1:
	(2,2) 63
	[0,0] 2
n6[1]+2:
	(2,2) 31
	[0,0] 1
n6[1]+3:
	(4,30) 29
	[1,1] 0
n6[1]:
	(7,3) 26
	[1,0] 0
n233:
	(12,4) 99
	[1,0] 4
n146:
	(10,15) 58
	[0,1] 1
n282:
	(10,14) 36
	[0,1] 1
n354:
	(12,24) 33
	[0,0] 1
n26:
	(79,5) 128
	[10,0] 7
n11[2]+1:
	(2,2) 136
	[0,0] 7
n11[2]+2:
	(2,2) 123
	[0,0] 6
n11[2]+3:
	(4,11) 121
	[1,1] 5
n11[2]:
	(7,3) 118
	[1,0] 5
n144:
	(4,8) 147
	[0,1] 9
n505:
	(6,6) 65
	[0,0] 2
n22:
	(15,4) 192
	[2,0] 15
n12[1]+1:
	(2,2) 106
	[0,0] 6
n12[1]+2:
	(2,2) 59
	[0,0] 3
n12[1]+3:
	(4,45) 57
	[1,3] 2
n12[1]:
	(7,3) 54
	[1,0] 2
n6[2]+1:
	(2,2) 63
	[0,0] 2
n6[2]+2:
	(2,2) 31
	[0,0] 1
n6[2]+3:
	(4,30) 29
	[1,1] 0
n6[2]:
	(7,3) 26
	[1,0] 0
n7[12]:
	(3,3) 64
	[0,0] 2
n10[8]+1:
	(2,2) 232
	[0,0] 9
n10[8]+2:
	(2,2) 205
	[0,0] 7
n10[8]+3:
	(4,25) 203
	[1,2] 6
n10[8]:
	(7,3) 200
	[1,0] 6
n246:
	(4,21) 207
	[0,1] 7
n575:
	(19,14) 118
	[0,1] 3
n430:
	(6,6) 108
	[0,0] 2
n475:
	(4,9) 128
	[0,1] 3
n6[8]+1:
	(2,2) 61
	[0,0] 2
n6[8]+2:
	(2,2) 31
	[0,0] 1
n6[8]+3:
	(4,28) 29
	[1,1] 0
n6[8]:
	(7,3) 26
	[1,0] 0
n8[2]+1:
	(2,2) 150
	[0,0] 11
n8[2]+2:
	(2,2) 129
	[0,0] 10
n8[2]+3:
	(4,19) 127
	[1,1] 9
n8[2]:
	(7,3) 124
	[1,0] 9
n105:
	(4,17) 224
	[0,2] 8
n218:
	(3,7) 125
	[0,0] 6
n49:
	(4,17) 178
	[0,2] 14
n482:
	(10,15) 123
	[1,0] 3
n98:
	(46,10) 162
	[0,1] 6
n44:
	(4,8) 189
	[0,1] 12
n147:
	(12,17) 58
	[0,1] 1
n551:
	(4,9) 109
	[0,1] 2
n523:
	(8,3) 86
	[0,0] 3
n421:
	(6,6) 140
	[0,0] 2
n13[12]+1:
	(4,7) 79
	[0,0] 3
n13[12]+2:
	(4,8) 59
	[0,0] 2
n13[12]+3:
	(9,16) 54
	[1,1] 1
n13[12]:
	(14,9) 49
	[1,0] 1
n419:
	(4,4) 192
	[0,0] 2
n357:
	(12,24) 33
	[0,0] 1
n148:
	(15,19) 213
	[1,0] 7
n7[7]:
	(5,5) 66
	[0,0] 2
n142:
	(10,15) 58
	[0,1] 1
n313:
	(9,40) 71
	[0,2] 3
n404:
	(18,14) 123
	[0,1] 6
n71:
	(4,8) 204
	[0,1] 6
n499:
	(6,6) 65
	[0,0] 2
n533:
	(7,3) 60
	[0,0] 2
n448:
	(6,13) 68
	[0,0] 2
n6[9]+1:
	(2,2) 61
	[0,0] 2
n6[9]+2:
	(2,2) 31
	[0,0] 1
n6[9]+3:
	(4,28) 29
	[1,1] 0
n6[9]:
	(7,3) 26
	[1,0] 0
n244:
	(4,21) 207
	[0,1] 7
n163:
	(15,19) 127
	[1,0] 6
n356:
	(12,24) 33
	[0,0] 1
n328:
	(6,31) 39
	[0,0] 1
n94:
	(9,39) 169
	[1,0] 6
n232:
	(3,7) 144
	[0,0] 9
n538:
	(9,3) 62
	[0,0] 2
n157:
	(15,19) 213
	[1,0] 7
n137:
	(10,15) 58
	[0,1] 1
n177:
	(4,8) 84
	[0,1] 3
n288:
	(12,18) 121
	[0,1] 9
n317:
	(6,29) 39
	[0,0] 1
n85:
	(9,21) 187
	[1,0] 6
n461:
	(5,119) 65
	[0,0] 2
n297:
	(3,15) 118
	[0,0] 9
n423:
	(4,4) 197
	[0,0] 2
n194:
	(4,8) 137
	[0,1] 9
n447:
	(88,8) 74
	[0,0] 2
n190:
	(4,8) 136
	[0,1] 8
n400:
	(18,14) 214
	[0,1] 7
n332:
	(6,29) 39
	[0,0] 1
n455:
	(5,107) 65
	[0,0] 2
n530:
	(7,3) 60
	[0,0] 2
n276:
	(8,38) 131
	[0,3] 10
n42:
	(4,8) 181
	[0,1] 12
n13[4]+1:
	(4,9) 85
	[0,0] 3
n13[4]+2:
	(4,10) 61
	[0,0] 2
n13[4]+3:
	(11,20) 54
	[1,1] 1
n13[4]:
	(16,11) 49
	[1,0] 1
n372:
	(12,4) 70
	[1,0] 3
n561:
	(10,10) 60
	[0,0] 2
n133:
	(10,15) 58
	[0,1] 1
n15:
	(4,8) 113
	[0,1] 5
n374:
	(12,4) 70
	[1,0] 3
n524:
	(8,3) 85
	[0,0] 3
n76:
	(4,8) 204
	[0,1] 6
n348:
	(5,25) 40
	[0,1] 1
n103:
	(9,57) 151
	[1,0] 6
n391:
	(10,14) 214
	[0,1] 7
n318:
	(6,29) 39
	[0,0] 1
n77:
	(4,8) 204
	[0,1] 6
n169:
	(4,8) 117
	[0,1] 5
n186:
	(4,8) 137
	[0,1] 9
n270:
	(8,38) 135
	[0,3] 10
n4[1]:
	(29,33) 0
	[0,1] 0
n300:
	(3,15) 135
	[0,0] 10
n231:
	(9,9) 79
	[1,0] 3
n222:
	(3,7) 82
	[0,0] 4
n333:
	(6,31) 39
	[0,0] 1
n5[5]+1:
	(2,2) 97
	[0,0] 6
n5[5]+2:
	(2,2) 84
	[0,0] 5
n5[5]+3:
	(4,11) 82
	[1,1] 4
n5[5]:
	(7,3) 79
	[1,0] 4
n273:
	(9,11) 147
	[1,0] 10
n4[31]:
	(29,33) 0
	[0,1] 0
n154:
	(15,19) 154
	[1,0] 12
n572:
	(13,13) 60
	[0,0] 2
n437:
	(7,63) 74
	[0,0] 2
n237:
	(25,5) 115
	[2,0] 6
n203:
	(3,7) 125
	[0,0] 6
n259:
	(14,9) 107
	[0,1] 5
n353:
	(12,24) 33
	[0,0] 1
n406:
	(41,5) 77
	[5,0] 4
n108:
	(4,17) 224
	[0,2] 8
n484:
	(4,19) 129
	[0,2] 4
n228:
	(3,7) 82
	[0,0] 4
n9[0]+1:
	(2,2) 42
	[0,0] 2
n9[0]+2:
	(2,2) 31
	[0,0] 1
n9[0]+3:
	(4,9) 29
	[1,1] 0
n9[0]:
	(7,3) 26
	[1,0] 0

-----------------------------------
Sum of T(sa0)s: ∞
Sum of T(sa1)s: ∞
Testability index: ∞