0:
	(1,1) 1
	[0,0] 0
1:
	(1,1) 6
	[0,0] 1
x:
	(1,1) ∞
	[0,0] ∞
n0:
	(1,1) 14
	[0,0] 2
n1:
	(1,1) 15
	[0,0] 2
n2[15]:
	(1,1) 85
	[0,0] 3
n2[14]:
	(1,1) 87
	[0,0] 3
n2[13]:
	(1,1) 91
	[0,0] 5
n2[12]:
	(1,1) 93
	[0,0] 5
n2[11]:
	(1,1) 91
	[0,0] 5
n2[10]:
	(1,1) 95
	[0,0] 5
n2[9]:
	(1,1) 95
	[0,0] 6
n2[8]:
	(1,1) 99
	[0,0] 6
n2[7]:
	(1,1) 75
	[0,0] 5
n2[6]:
	(1,1) 71
	[0,0] 5
n2[5]:
	(1,1) 75
	[0,0] 6
n2[4]:
	(1,1) 71
	[0,0] 6
n2[3]:
	(1,1) 77
	[0,0] 6
n2[2]:
	(1,1) 73
	[0,0] 6
n2[1]:
	(1,1) 77
	[0,0] 7
n2[0]:
	(1,1) 73
	[0,0] 6
n3[7]:
	(1,1) 75
	[0,0] 3
n3[6]:
	(1,1) 71
	[0,0] 5
n3[5]:
	(1,1) 75
	[0,0] 5
n3[4]:
	(1,1) 71
	[0,0] 6
n3[3]:
	(1,1) 77
	[0,0] 5
n3[2]:
	(1,1) 73
	[0,0] 6
n3[1]:
	(1,1) 77
	[0,0] 6
n3[0]:
	(1,1) 73
	[0,0] 6
n4[7]:
	(1,1) 93
	[0,0] 3
n4[6]:
	(1,1) 99
	[0,0] 5
n4[5]:
	(1,1) 99
	[0,0] 5
n4[4]:
	(1,1) 103
	[0,0] 6
n4[3]:
	(1,1) 99
	[0,0] 5
n4[2]:
	(1,1) 104
	[0,0] 6
n4[1]:
	(1,1) 102
	[0,0] 6
n4[0]:
	(1,1) 107
	[0,0] 7
n5[3]:
	(1,1) 77
	[0,0] 5
n5[2]:
	(1,1) 73
	[0,0] 6
n5[1]:
	(1,1) 77
	[0,0] 6
n5[0]:
	(1,1) 73
	[0,0] 6
n6[3]:
	(1,1) 99
	[0,0] 5
n6[2]:
	(1,1) 104
	[0,0] 6
n6[1]:
	(1,1) 102
	[0,0] 6
n6[0]:
	(1,1) 107
	[0,0] 7
n7[3]:
	(1,1) 93
	[0,0] 3
n7[2]:
	(1,1) 99
	[0,0] 5
n7[1]:
	(1,1) 99
	[0,0] 5
n7[0]:
	(1,1) 103
	[0,0] 6
n8[5]:
	(1,1) 95
	[0,0] 5
n8[4]:
	(1,1) 99
	[0,0] 6
n8[3]:
	(1,1) 97
	[0,0] 5
n8[2]:
	(1,1) 102
	[0,0] 6
n8[1]:
	(1,1) 104
	[0,0] 6
n8[0]:
	(1,1) 109
	[0,0] 7
n9[1]:
	(1,1) 102
	[0,0] 6
n9[0]:
	(1,1) 107
	[0,0] 7
n147:
	(5,5) 98
	[0,0] 6
n133:
	(3,3) 69
	[0,0] 6
n451:
	(4,8) 81
	[0,1] 4
n290:
	(5,25) 299
	[0,2] 10
n274:
	(6,22) 58
	[0,1] 2
n24[7]+1:
	(2,2) 97
	[0,0] 6
n24[7]+2:
	(2,2) 88
	[0,0] 5
n24[7]+3:
	(4,7) 86
	[1,1] 4
n24[7]:
	(7,3) 83
	[1,0] 4
n52:
	(4,8) 65
	[0,1] 6
n346:
	(27,25) 37
	[0,1] 2
n350:
	(22,57) 8
	[0,1] 1
n240:
	(6,22) 58
	[0,1] 2
n495:
	(58,23) 7
	[1,0] 1
n148:
	(7,11) 84
	[0,1] 4
n160:
	(5,5) 69
	[0,0] 6
n303:
	(13,24) 51
	[0,1] 2
n95:
	(5,5) 103
	[0,0] 7
n391:
	(42,46) 348
	[0,1] 12
n491:
	(4,8) 70
	[0,1] 1
n94:
	(5,5) 331
	[0,0] 10
n421:
	(23,7) 306
	[1,0] 10
n262:
	(5,26) 59
	[0,2] 2
n159:
	(7,7) 372
	[0,0] 13
n193:
	(4,8) 316
	[0,1] 11
n272:
	(5,25) 60
	[0,2] 2
n529:
	(19,12) 285
	[0,1] 10
n462:
	(4,8) 76
	[0,1] 3
n286:
	(5,26) 59
	[0,2] 2
n341:
	(29,21) 35
	[1,0] 1
n19[1]+1:
	(2,2) 108
	[0,0] 8
n19[1]+2:
	(2,2) 100
	[0,0] 7
n19[1]+3:
	(3,5) 99
	[1,1] 6
n19[1]:
	(6,3) 96
	[1,0] 6
n58:
	(4,8) 65
	[0,1] 6
n379:
	(38,42) 355
	[0,1] 12
n457:
	(4,8) 81
	[0,1] 4
n83:
	(5,5) 99
	[0,0] 6
n23[7]+1:
	(2,2) 92
	[0,0] 5
n23[7]+2:
	(2,2) 83
	[0,0] 4
n23[7]+3:
	(4,7) 81
	[1,1] 3
n23[7]:
	(7,3) 78
	[1,0] 3
n34[3]+1:
	(2,2) 374
	[0,0] 13
n34[3]+2:
	(2,2) 359
	[0,0] 12
n34[3]+3:
	(4,13) 357
	[1,1] 11
n34[3]:
	(7,3) 354
	[1,0] 11
n66:
	(12,4) 57
	[1,0] 5
n20[2]+1:
	(2,2) 107
	[0,0] 8
n20[2]+2:
	(2,2) 90
	[0,0] 6
n20[2]+3:
	(4,15) 88
	[1,2] 5
n20[2]:
	(7,3) 85
	[1,0] 5
n36[0]+1:
	(2,2) 355
	[0,0] 14
n36[0]+2:
	(2,2) 344
	[0,0] 13
n36[0]+3:
	(4,9) 342
	[1,1] 12
n36[0]:
	(7,3) 339
	[1,0] 12
n56:
	(4,8) 65
	[0,1] 6
n18[1]+1:
	(2,2) 101
	[0,0] 7
n18[1]+2:
	(2,2) 85
	[0,0] 5
n18[1]+3:
	(4,14) 83
	[1,2] 4
n18[1]:
	(7,3) 80
	[1,0] 4
n471:
	(4,8) 70
	[0,1] 1
n387:
	(42,46) 361
	[0,1] 12
n299:
	(13,24) 51
	[0,1] 2
n247:
	(9,19) 55
	[1,0] 1
n505:
	(58,22) 246
	[1,0] 9
n26[0]+1:
	(2,2) 104
	[0,0] 7
n26[0]+2:
	(2,2) 93
	[0,0] 6
n26[0]+3:
	(4,9) 91
	[1,1] 5
n26[0]:
	(7,3) 88
	[1,0] 5
n10[4]+1:
	(2,2) 34
	[0,0] 2
n10[4]+2:
	(2,2) 5
	[0,0] 1
n10[4]+3:
	(4,27) 3
	[1,1] 0
n10[4]:
	(7,3) 0
	[1,0] 0
n175:
	(9,9) 354
	[0,0] 11
n318:
	(12,23) 52
	[0,1] 2
n29[6]+1:
	(2,2) 97
	[0,0] 6
n29[6]+2:
	(2,2) 88
	[0,0] 5
n29[6]+3:
	(4,7) 86
	[1,1] 4
n29[6]:
	(7,3) 83
	[1,0] 4
n157:
	(5,5) 95
	[0,0] 6
n139:
	(7,10) 89
	[0,1] 5
n330:
	(12,23) 53
	[0,1] 2
n29[4]+1:
	(2,2) 104
	[0,0] 7
n29[4]+2:
	(2,2) 95
	[0,0] 6
n29[4]+3:
	(4,7) 93
	[1,1] 5
n29[4]:
	(7,3) 90
	[1,0] 5
n308:
	(16,20) 49
	[1,0] 1
n184:
	(4,8) 338
	[0,1] 12
n25[1]+1:
	(2,2) 96
	[0,0] 6
n25[1]+2:
	(2,2) 88
	[0,0] 5
n25[1]+3:
	(3,5) 87
	[1,1] 4
n25[1]:
	(6,3) 84
	[1,0] 4
n149:
	(25,5) 44
	[2,0] 4
n127:
	(5,5) 89
	[0,0] 3
n219:
	(5,29) 60
	[0,3] 2
n98:
	(5,5) 103
	[0,0] 7
n295:
	(16,20) 49
	[1,0] 1
n73:
	(3,3) 97
	[0,0] 6
n30[6]+1:
	(2,2) 76
	[0,0] 7
n30[6]+2:
	(2,2) 67
	[0,0] 6
n30[6]+3:
	(4,7) 65
	[1,1] 5
n30[6]:
	(7,3) 62
	[1,0] 5
n36[3]+1:
	(2,2) 337
	[0,0] 13
n36[3]+2:
	(2,2) 322
	[0,0] 12
n36[3]+3:
	(4,13) 320
	[1,1] 11
n36[3]:
	(7,3) 317
	[1,0] 11
n254:
	(6,22) 59
	[0,1] 2
n28[0]+1:
	(2,2) 109
	[0,0] 7
n28[0]+2:
	(2,2) 96
	[0,0] 6
n28[0]+3:
	(4,11) 94
	[1,1] 5
n28[0]:
	(7,3) 91
	[1,0] 5
n422:
	(28,7) 357
	[1,0] 12
n32[3]+1:
	(2,2) 27
	[0,0] 3
n32[3]+2:
	(2,2) 12
	[0,0] 2
n32[3]+3:
	(4,13) 10
	[1,1] 1
n32[3]:
	(7,3) 7
	[1,0] 1
n453:
	(4,8) 76
	[0,1] 3
n217:
	(5,29) 60
	[0,3] 2
n233:
	(6,22) 59
	[0,1] 2
n20[3]+1:
	(2,2) 107
	[0,0] 8
n20[3]+2:
	(2,2) 90
	[0,0] 6
n20[3]+3:
	(4,15) 88
	[1,2] 5
n20[3]:
	(7,3) 85
	[1,0] 5
n10[2]+1:
	(2,2) 33
	[0,0] 2
n10[2]+2:
	(2,2) 5
	[0,0] 1
n10[2]+3:
	(4,26) 3
	[1,1] 0
n10[2]:
	(7,3) 0
	[1,0] 0
n339:
	(27,25) 38
	[0,1] 2
n242:
	(7,23) 58
	[0,1] 2
n230:
	(6,22) 58
	[0,1] 2
n279:
	(7,26) 57
	[0,2] 2
n436:
	(4,8) 82
	[0,1] 4
n180:
	(4,8) 70
	[0,1] 1
n480:
	(4,8) 84
	[0,1] 5
n154:
	(38,5) 31
	[3,0] 3
n362:
	(26,30) 320
	[0,1] 11
n418:
	(24,58) 361
	[1,0] 12
n17[2]+1:
	(2,2) 103
	[0,0] 7
n17[2]+2:
	(2,2) 86
	[0,0] 5
n17[2]+3:
	(4,15) 84
	[1,2] 4
n17[2]:
	(7,3) 81
	[1,0] 4
n293:
	(7,23) 57
	[0,1] 2
n280:
	(5,26) 59
	[0,2] 2
n28[5]+1:
	(2,2) 102
	[0,0] 7
n28[5]+2:
	(2,2) 93
	[0,0] 6
n28[5]+3:
	(4,7) 91
	[1,1] 5
n28[5]:
	(7,3) 88
	[1,0] 5
n253:
	(9,19) 295
	[1,0] 9
n60:
	(4,8) 65
	[0,1] 6
n110:
	(5,5) 100
	[0,0] 6
n367:
	(30,34) 360
	[0,1] 12
n55:
	(4,8) 65
	[0,1] 6
n28[1]+1:
	(2,2) 103
	[0,0] 7
n28[1]+2:
	(2,2) 95
	[0,0] 6
n28[1]+3:
	(3,5) 94
	[1,1] 5
n28[1]:
	(6,3) 91
	[1,0] 5
n326:
	(13,27) 52
	[0,2] 2
n68:
	(12,4) 57
	[1,0] 5
n224:
	(5,29) 60
	[0,3] 2
n35[1]+1:
	(2,2) 327
	[0,0] 11
n35[1]+2:
	(2,2) 316
	[0,0] 10
n35[1]+3:
	(4,9) 314
	[1,1] 9
n35[1]:
	(7,3) 311
	[1,0] 9
n419:
	(9,80) 376
	[0,2] 13
n22[6]+1:
	(2,2) 92
	[0,0] 5
n22[6]+2:
	(2,2) 83
	[0,0] 4
n22[6]+3:
	(4,7) 81
	[1,1] 3
n22[6]:
	(7,3) 78
	[1,0] 3
n192:
	(4,8) 310
	[0,1] 9
n21[3]+1:
	(2,2) 99
	[0,0] 6
n21[3]+2:
	(2,2) 82
	[0,0] 4
n21[3]+3:
	(4,15) 80
	[1,2] 3
n21[3]:
	(7,3) 77
	[1,0] 3
n277:
	(7,26) 58
	[0,2] 2
n322:
	(12,23) 52
	[0,1] 2
n535:
	(7,295) 9
	[0,9] 1
n17[6]+1:
	(2,2) 96
	[0,0] 6
n17[6]+2:
	(2,2) 87
	[0,0] 5
n17[6]+3:
	(4,7) 85
	[1,1] 4
n17[6]:
	(7,3) 82
	[1,0] 4
n472:
	(4,8) 71
	[0,1] 1
n118:
	(3,3) 100
	[0,0] 6
n405:
	(23,7) 328
	[1,0] 11
n124:
	(5,5) 364
	[0,0] 13
n404:
	(46,50) 321
	[0,1] 11
n78:
	(5,5) 89
	[0,0] 3
n113:
	(3,3) 71
	[0,0] 6
n18[2]+1:
	(2,2) 102
	[0,0] 7
n18[2]+2:
	(2,2) 85
	[0,0] 5
n18[2]+3:
	(4,15) 83
	[1,2] 4
n18[2]:
	(7,3) 80
	[1,0] 4
n27[6]+1:
	(2,2) 92
	[0,0] 5
n27[6]+2:
	(2,2) 83
	[0,0] 4
n27[6]+3:
	(4,7) 81
	[1,1] 3
n27[6]:
	(7,3) 78
	[1,0] 3
n446:
	(4,8) 80
	[0,1] 4
n399:
	(27,20) 299
	[1,0] 10
n34[2]+1:
	(2,2) 410
	[0,0] 14
n34[2]+2:
	(2,2) 395
	[0,0] 13
n34[2]+3:
	(4,13) 393
	[1,1] 12
n34[2]:
	(7,3) 390
	[1,0] 12
n275:
	(7,26) 57
	[0,2] 2
n51:
	(9,9) 89
	[1,0] 3
n524:
	(9,11) 295
	[0,1] 10
n47[3]+1:
	(4,4) 338
	[0,0] 12
n47[3]+2:
	(2,2) 308
	[0,0] 11
n47[3]+3:
	(6,28) 304
	[1,1] 10
n47[3]:
	(9,3) 301
	[1,0] 10
n74:
	(5,5) 401
	[0,0] 13
n432:
	(4,8) 79
	[0,1] 4
n182:
	(4,8) 356
	[0,1] 13
n161:
	(5,5) 73
	[0,0] 7
n19[0]+1:
	(2,2) 114
	[0,0] 8
n19[0]+2:
	(2,2) 101
	[0,0] 7
n19[0]+3:
	(4,11) 99
	[1,1] 6
n19[0]:
	(7,3) 96
	[1,0] 6
n23[1]+1:
	(2,2) 96
	[0,0] 6
n23[1]+2:
	(2,2) 88
	[0,0] 5
n23[1]+3:
	(3,5) 87
	[1,1] 4
n23[1]:
	(6,3) 84
	[1,0] 4
n410:
	(8,32) 296
	[0,1] 10
n14[5]+1:
	(2,2) 93
	[0,0] 4
n14[5]+2:
	(2,2) 84
	[0,0] 3
n14[5]+3:
	(4,7) 82
	[1,1] 2
n14[5]:
	(7,3) 79
	[1,0] 2
n460:
	(4,8) 80
	[0,1] 4
n47[0]+1:
	(4,4) 331
	[0,0] 11
n47[0]+2:
	(2,2) 302
	[0,0] 10
n47[0]+3:
	(6,27) 298
	[1,1] 9
n47[0]:
	(9,3) 295
	[1,0] 9
n434:
	(4,8) 82
	[0,1] 4
n403:
	(46,50) 357
	[0,1] 12
n414:
	(55,51) 401
	[1,0] 14
n126:
	(7,10) 87
	[0,1] 5
n383:
	(7,60) 333
	[0,2] 11
n438:
	(4,8) 80
	[0,1] 4
n288:
	(6,22) 58
	[0,1] 2
n270:
	(6,22) 334
	[0,1] 11
n447:
	(4,8) 80
	[0,1] 4
n145:
	(7,10) 84
	[0,1] 4
n136:
	(5,5) 346
	[0,0] 13
n401:
	(9,52) 342
	[0,1] 12
n380:
	(38,42) 330
	[0,1] 12
n29[7]+1:
	(2,2) 97
	[0,0] 6
n29[7]+2:
	(2,2) 88
	[0,0] 5
n29[7]+3:
	(4,7) 86
	[1,1] 4
n29[7]:
	(7,3) 83
	[1,0] 4
n234:
	(9,19) 56
	[1,0] 1
n201:
	(12,4) 68
	[1,0] 2
n448:
	(4,8) 80
	[0,1] 4
n223:
	(5,29) 59
	[0,3] 2
n506:
	(58,22) 282
	[1,0] 10
n398:
	(4,49) 324
	[0,1] 11
n140:
	(3,3) 69
	[0,0] 6
n440:
	(4,8) 76
	[0,1] 3
n397:
	(4,50) 347
	[0,1] 12
n77:
	(5,5) 397
	[0,0] 13
n30[10]+1:
	(2,2) 80
	[0,0] 8
n30[10]+2:
	(2,2) 71
	[0,0] 7
n30[10]+3:
	(4,7) 69
	[1,1] 6
n30[10]:
	(7,3) 66
	[1,0] 6
n23[2]+1:
	(2,2) 91
	[0,0] 5
n23[2]+2:
	(2,2) 82
	[0,0] 4
n23[2]+3:
	(4,7) 80
	[1,1] 3
n23[2]:
	(7,3) 77
	[1,0] 3
n474:
	(4,8) 77
	[0,1] 3
n408:
	(5,68) 299
	[0,2] 10
n368:
	(30,34) 338
	[0,1] 12
n27[0]+1:
	(2,2) 102
	[0,0] 6
n27[0]+2:
	(2,2) 89
	[0,0] 5
n27[0]+3:
	(4,11) 87
	[1,1] 4
n27[0]:
	(7,3) 84
	[1,0] 4
n333:
	(29,21) 35
	[1,0] 1
n47[2]+1:
	(4,4) 332
	[0,0] 11
n47[2]+2:
	(2,2) 302
	[0,0] 10
n47[2]+3:
	(6,28) 298
	[1,1] 9
n47[2]:
	(9,3) 295
	[1,0] 9
n179:
	(4,8) 70
	[0,1] 1
n375:
	(34,38) 359
	[0,1] 12
n44[3]+1:
	(2,2) 104
	[0,0] 6
n44[3]+2:
	(2,2) 93
	[0,0] 5
n44[3]+3:
	(4,9) 91
	[1,1] 4
n44[3]:
	(7,3) 88
	[1,0] 4
n18[7]+1:
	(2,2) 95
	[0,0] 6
n18[7]+2:
	(2,2) 86
	[0,0] 5
n18[7]+3:
	(4,7) 84
	[1,1] 4
n18[7]:
	(7,3) 81
	[1,0] 4
n359:
	(26,30) 364
	[0,1] 12
n30[13]+1:
	(2,2) 76
	[0,0] 7
n30[13]+2:
	(2,2) 67
	[0,0] 6
n30[13]+3:
	(4,7) 65
	[1,1] 5
n30[13]:
	(7,3) 62
	[1,0] 5
n450:
	(4,8) 81
	[0,1] 4
n18[6]+1:
	(2,2) 95
	[0,0] 6
n18[6]+2:
	(2,2) 86
	[0,0] 5
n18[6]+3:
	(4,7) 84
	[1,1] 4
n18[6]:
	(7,3) 81
	[1,0] 4
n325:
	(12,23) 292
	[0,1] 10
n215:
	(17,5) 63
	[1,0] 2
n353:
	(5,47) 299
	[0,3] 10
n486:
	(4,8) 85
	[0,1] 5
n22[7]+1:
	(2,2) 92
	[0,0] 5
n22[7]+2:
	(2,2) 83
	[0,0] 4
n22[7]+3:
	(4,7) 81
	[1,1] 3
n22[7]:
	(7,3) 78
	[1,0] 3
n459:
	(4,8) 77
	[0,1] 3
n44[2]+1:
	(2,2) 104
	[0,0] 6
n44[2]+2:
	(2,2) 93
	[0,0] 5
n44[2]+3:
	(4,9) 91
	[1,1] 4
n44[2]:
	(7,3) 88
	[1,0] 4
n19[4]+1:
	(2,2) 107
	[0,0] 8
n19[4]+2:
	(2,2) 98
	[0,0] 7
n19[4]+3:
	(4,7) 96
	[1,1] 6
n19[4]:
	(7,3) 93
	[1,0] 6
n340:
	(29,21) 275
	[1,0] 9
n89:
	(7,11) 88
	[0,1] 5
n310:
	(12,23) 53
	[0,1] 2
n306:
	(16,20) 49
	[1,0] 1
n508:
	(43,21) 283
	[1,0] 10
n454:
	(4,8) 81
	[0,1] 4
n199:
	(4,15) 68
	[0,2] 2
n176:
	(13,9) 14
	[1,0] 2
n10[3]+1:
	(2,2) 33
	[0,0] 2
n10[3]+2:
	(2,2) 5
	[0,0] 1
n10[3]+3:
	(4,26) 3
	[1,1] 0
n10[3]:
	(7,3) 0
	[1,0] 0
n50:
	(4,15) 95
	[0,2] 4
n137:
	(7,11) 87
	[0,1] 5
n30[14]+1:
	(2,2) 80
	[0,0] 8
n30[14]+2:
	(2,2) 71
	[0,0] 7
n30[14]+3:
	(4,7) 69
	[1,1] 6
n30[14]:
	(7,3) 66
	[1,0] 6
n528:
	(76,23) 228
	[1,0] 9
n41[3]+1:
	(2,2) 109
	[0,0] 7
n41[3]+2:
	(2,2) 98
	[0,0] 6
n41[3]+3:
	(4,9) 96
	[1,1] 5
n41[3]:
	(7,3) 93
	[1,0] 5
n28[4]+1:
	(2,2) 102
	[0,0] 7
n28[4]+2:
	(2,2) 93
	[0,0] 6
n28[4]+3:
	(4,7) 91
	[1,1] 5
n28[4]:
	(7,3) 88
	[1,0] 5
n214:
	(14,9) 60
	[0,1] 1
n334:
	(29,21) 36
	[1,0] 1
n34[0]+1:
	(2,2) 381
	[0,0] 14
n34[0]+2:
	(2,2) 370
	[0,0] 13
n34[0]+3:
	(4,9) 368
	[1,1] 12
n34[0]:
	(7,3) 365
	[1,0] 12
n37[1]+1:
	(2,2) 85
	[0,0] 3
n37[1]+2:
	(2,2) 76
	[0,0] 2
n37[1]+3:
	(4,7) 74
	[1,1] 1
n37[1]:
	(7,3) 71
	[1,0] 1
n47[7]+1:
	(4,4) 346
	[0,0] 13
n47[7]+2:
	(2,2) 308
	[0,0] 11
n47[7]+3:
	(6,36) 304
	[1,2] 10
n47[7]:
	(9,3) 301
	[1,0] 10
n260:
	(5,26) 60
	[0,2] 2
n510:
	(10,14) 85
	[0,1] 3
n348:
	(29,21) 35
	[1,0] 1
n393:
	(13,56) 327
	[0,2] 11
n29[1]+1:
	(2,2) 105
	[0,0] 7
n29[1]+2:
	(2,2) 97
	[0,0] 6
n29[1]+3:
	(3,5) 96
	[1,1] 5
n29[1]:
	(6,3) 93
	[1,0] 5
n30[7]+1:
	(2,2) 80
	[0,0] 8
n30[7]+2:
	(2,2) 71
	[0,0] 7
n30[7]+3:
	(4,7) 69
	[1,1] 6
n30[7]:
	(7,3) 66
	[1,0] 6
n23[4]+1:
	(2,2) 99
	[0,0] 6
n23[4]+2:
	(2,2) 90
	[0,0] 5
n23[4]+3:
	(4,7) 88
	[1,1] 4
n23[4]:
	(7,3) 85
	[1,0] 4
n37[2]+1:
	(2,2) 85
	[0,0] 3
n37[2]+2:
	(2,2) 76
	[0,0] 2
n37[2]+3:
	(4,7) 74
	[1,1] 1
n37[2]:
	(7,3) 71
	[1,0] 1
n372:
	(5,55) 321
	[0,3] 11
n12[1]:
	(2,2) 0
	[0,0] 0
n314:
	(13,27) 51
	[0,2] 2
n46[3]+1:
	(2,2) 98
	[0,0] 4
n46[3]+2:
	(2,2) 87
	[0,0] 3
n46[3]+3:
	(4,9) 85
	[1,1] 2
n46[3]:
	(7,3) 82
	[1,0] 2
n22[2]+1:
	(2,2) 99
	[0,0] 6
n22[2]+2:
	(2,2) 82
	[0,0] 4
n22[2]+3:
	(4,15) 80
	[1,2] 3
n22[2]:
	(7,3) 77
	[1,0] 3
n174:
	(7,7) 98
	[0,0] 6
n518:
	(4,10) 300
	[0,1] 10
n360:
	(26,30) 342
	[0,1] 12
n363:
	(18,10) 291
	[1,0] 9
n212:
	(17,5) 63
	[1,0] 2
n469:
	(4,8) 70
	[0,1] 1
n20[6]+1:
	(2,2) 100
	[0,0] 7
n20[6]+2:
	(2,2) 91
	[0,0] 6
n20[6]+3:
	(4,7) 89
	[1,1] 5
n20[6]:
	(7,3) 86
	[1,0] 5
n115:
	(3,3) 107
	[0,0] 7
n72:
	(3,3) 93
	[0,0] 5
n82:
	(5,5) 95
	[0,0] 5
n30[1]+1:
	(2,2) 82
	[0,0] 8
n30[1]+2:
	(2,2) 71
	[0,0] 7
n30[1]+3:
	(4,9) 69
	[1,1] 6
n30[1]:
	(7,3) 66
	[1,0] 6
n122:
	(3,3) 95
	[0,0] 5
n516:
	(31,5) 273
	[1,0] 9
n245:
	(9,19) 55
	[1,0] 1
n28[7]+1:
	(2,2) 95
	[0,0] 6
n28[7]+2:
	(2,2) 86
	[0,0] 5
n28[7]+3:
	(4,7) 84
	[1,1] 4
n28[7]:
	(7,3) 81
	[1,0] 4
n496:
	(58,23) 7
	[1,0] 1
n146:
	(7,11) 84
	[0,1] 4
n181:
	(4,8) 310
	[0,1] 9
n424:
	(8,53) 332
	[0,2] 11
n356:
	(9,27) 312
	[1,0] 11
n426:
	(14,34) 290
	[0,1] 10
n33[1]+1:
	(2,2) 361
	[0,0] 13
n33[1]+2:
	(2,2) 348
	[0,0] 12
n33[1]+3:
	(4,11) 346
	[1,1] 11
n33[1]:
	(7,3) 343
	[1,0] 11
n20[1]+1:
	(2,2) 106
	[0,0] 8
n20[1]+2:
	(2,2) 90
	[0,0] 6
n20[1]+3:
	(4,14) 88
	[1,2] 5
n20[1]:
	(7,3) 85
	[1,0] 5
n24[6]+1:
	(2,2) 97
	[0,0] 6
n24[6]+2:
	(2,2) 88
	[0,0] 5
n24[6]+3:
	(4,7) 86
	[1,1] 4
n24[6]:
	(7,3) 83
	[1,0] 4
n38[0]+1:
	(2,2) 97
	[0,0] 5
n38[0]+2:
	(2,2) 83
	[0,0] 3
n38[0]+3:
	(4,12) 81
	[1,2] 2
n38[0]:
	(7,3) 78
	[1,0] 2
n490:
	(4,8) 76
	[0,1] 3
n54:
	(4,8) 65
	[0,1] 6
n455:
	(4,8) 76
	[0,1] 3
n511:
	(2,2) 312
	[0,0] 11
n239:
	(9,19) 295
	[1,0] 9
n177:
	(13,9) 14
	[1,0] 2
n481:
	(4,8) 77
	[0,1] 3
n477:
	(4,8) 84
	[0,1] 5
n371:
	(5,55) 335
	[0,3] 11
n328:
	(16,20) 288
	[1,0] 9
n76:
	(5,5) 340
	[0,0] 11
n213:
	(18,6) 62
	[1,0] 2
n61:
	(12,4) 57
	[1,0] 5
n27[2]+1:
	(2,2) 91
	[0,0] 5
n27[2]+2:
	(2,2) 82
	[0,0] 4
n27[2]+3:
	(4,7) 80
	[1,1] 3
n27[2]:
	(7,3) 77
	[1,0] 3
n96:
	(5,5) 103
	[0,0] 7
n259:
	(7,26) 57
	[0,2] 2
n26[2]+1:
	(2,2) 95
	[0,0] 6
n26[2]+2:
	(2,2) 86
	[0,0] 5
n26[2]+3:
	(4,7) 84
	[1,1] 4
n26[2]:
	(7,3) 81
	[1,0] 4
n206:
	(4,12) 342
	[0,1] 11
n285:
	(6,22) 59
	[0,1] 2
n173:
	(7,7) 96
	[0,0] 6
n14[4]+1:
	(2,2) 93
	[0,0] 4
n14[4]+2:
	(2,2) 84
	[0,0] 3
n14[4]+3:
	(4,7) 82
	[1,1] 2
n14[4]:
	(7,3) 79
	[1,0] 2
n400:
	(24,23) 280
	[0,1] 10
n33[2]+1:
	(2,2) 406
	[0,0] 14
n33[2]+2:
	(2,2) 395
	[0,0] 13
n33[2]+3:
	(4,9) 393
	[1,1] 12
n33[2]:
	(7,3) 390
	[1,0] 12
n456:
	(4,8) 77
	[0,1] 3
n25[7]+1:
	(2,2) 92
	[0,0] 5
n25[7]+2:
	(2,2) 83
	[0,0] 4
n25[7]+3:
	(4,7) 81
	[1,1] 3
n25[7]:
	(7,3) 78
	[1,0] 3
n134:
	(7,11) 87
	[0,1] 5
n17[7]+1:
	(2,2) 96
	[0,0] 6
n17[7]+2:
	(2,2) 87
	[0,0] 5
n17[7]+3:
	(4,7) 85
	[1,1] 4
n17[7]:
	(7,3) 82
	[1,0] 4
n313:
	(13,27) 52
	[0,2] 2
n479:
	(4,8) 84
	[0,1] 5
n261:
	(5,26) 60
	[0,2] 2
n305:
	(12,23) 53
	[0,1] 2
n112:
	(5,5) 328
	[0,0] 12
n309:
	(16,20) 324
	[1,0] 10
n331:
	(27,25) 37
	[0,1] 2
n282:
	(5,25) 59
	[0,2] 2
n361:
	(26,30) 328
	[0,1] 11
n520:
	(4,10) 300
	[0,1] 10
n25[0]+1:
	(2,2) 100
	[0,0] 6
n25[0]+2:
	(2,2) 89
	[0,0] 5
n25[0]+3:
	(4,9) 87
	[1,1] 4
n25[0]:
	(7,3) 84
	[1,0] 4
n153:
	(7,11) 88
	[0,1] 5
n17[3]+1:
	(2,2) 103
	[0,0] 7
n17[3]+2:
	(2,2) 86
	[0,0] 5
n17[3]+3:
	(4,15) 84
	[1,2] 4
n17[3]:
	(7,3) 81
	[1,0] 4
n498:
	(57,22) 7
	[1,0] 1
n369:
	(30,34) 324
	[0,1] 11
n24[2]+1:
	(2,2) 104
	[0,0] 7
n24[2]+2:
	(2,2) 87
	[0,0] 5
n24[2]+3:
	(4,15) 85
	[1,2] 4
n24[2]:
	(7,3) 82
	[1,0] 4
n249:
	(6,22) 58
	[0,1] 2
n373:
	(5,55) 299
	[0,3] 10
n33[0]+1:
	(2,2) 383
	[0,0] 14
n33[0]+2:
	(2,2) 370
	[0,0] 13
n33[0]+3:
	(4,11) 368
	[1,1] 12
n33[0]:
	(7,3) 365
	[1,0] 12
n30[2]+1:
	(2,2) 78
	[0,0] 7
n30[2]+2:
	(2,2) 67
	[0,0] 6
n30[2]+3:
	(4,9) 65
	[1,1] 5
n30[2]:
	(7,3) 62
	[1,0] 5
n257:
	(7,26) 58
	[0,2] 2
n321:
	(12,23) 53
	[0,1] 2
n205:
	(13,5) 67
	[1,0] 2
n517:
	(4,10) 300
	[0,1] 10
n168:
	(9,9) 397
	[0,0] 13
n365:
	(11,28) 281
	[0,2] 8
n143:
	(5,5) 318
	[0,0] 10
n493:
	(58,23) 7
	[1,0] 1
n236:
	(6,22) 334
	[0,1] 11
n14[7]+1:
	(2,2) 86
	[0,0] 3
n14[7]+2:
	(2,2) 77
	[0,0] 2
n14[7]+3:
	(4,7) 75
	[1,1] 1
n14[7]:
	(7,3) 72
	[1,0] 1
n532:
	(109,7) 195
	[3,0] 7
n381:
	(38,42) 319
	[0,1] 11
n357:
	(9,27) 300
	[1,0] 9
n16[3]+1:
	(2,2) 99
	[0,0] 6
n16[3]+2:
	(2,2) 82
	[0,0] 4
n16[3]+3:
	(4,15) 80
	[1,2] 3
n16[3]:
	(7,3) 77
	[1,0] 3
n104:
	(7,11) 78
	[0,1] 2
n468:
	(4,8) 77
	[0,1] 3
n527:
	(62,6) 242
	[3,0] 7
n27[3]+1:
	(2,2) 102
	[0,0] 6
n27[3]+2:
	(2,2) 93
	[0,0] 5
n27[3]+3:
	(4,7) 91
	[1,1] 4
n27[3]:
	(7,3) 88
	[1,0] 4
n114:
	(3,3) 75
	[0,0] 7
n30[8]+1:
	(2,2) 80
	[0,0] 8
n30[8]+2:
	(2,2) 71
	[0,0] 7
n30[8]+3:
	(4,7) 69
	[1,1] 6
n30[8]:
	(7,3) 66
	[1,0] 6
n384:
	(7,60) 297
	[0,2] 10
n121:
	(5,5) 322
	[0,0] 10
n80:
	(5,5) 95
	[0,0] 5
n47[1]+1:
	(4,4) 337
	[0,0] 12
n47[1]+2:
	(2,2) 308
	[0,0] 11
n47[1]+3:
	(6,27) 304
	[1,1] 10
n47[1]:
	(9,3) 301
	[1,0] 10
n336:
	(27,25) 38
	[0,1] 2
n111:
	(3,3) 71
	[0,0] 6
n47[4]+1:
	(4,4) 339
	[0,0] 13
n47[4]+2:
	(2,2) 302
	[0,0] 10
n47[4]+3:
	(6,35) 298
	[1,3] 9
n47[4]:
	(9,3) 295
	[1,0] 9
n178:
	(4,8) 70
	[0,1] 1
n530:
	(39,5) 265
	[4,0] 6
n415:
	(15,23) 311
	[0,1] 11
n42[3]+1:
	(2,2) 104
	[0,0] 6
n42[3]+2:
	(2,2) 93
	[0,0] 5
n42[3]+3:
	(4,9) 91
	[1,1] 4
n42[3]:
	(7,3) 88
	[1,0] 4
n390:
	(47,43) 325
	[1,0] 11
n18[3]+1:
	(2,2) 102
	[0,0] 7
n18[3]+2:
	(2,2) 85
	[0,0] 5
n18[3]+3:
	(4,15) 83
	[1,2] 4
n18[3]:
	(7,3) 80
	[1,0] 4
n40[0]+1:
	(2,2) 107
	[0,0] 7
n40[0]+2:
	(2,2) 96
	[0,0] 6
n40[0]+3:
	(4,9) 94
	[1,1] 5
n40[0]:
	(7,3) 91
	[1,0] 5
n26[7]+1:
	(2,2) 96
	[0,0] 6
n26[7]+2:
	(2,2) 87
	[0,0] 5
n26[7]+3:
	(4,7) 85
	[1,1] 4
n26[7]:
	(7,3) 82
	[1,0] 4
n354:
	(5,47) 287
	[0,3] 8
n276:
	(7,26) 57
	[0,2] 2
n19[6]+1:
	(2,2) 100
	[0,0] 7
n19[6]+2:
	(2,2) 91
	[0,0] 6
n19[6]+3:
	(4,7) 89
	[1,1] 5
n19[6]:
	(7,3) 86
	[1,0] 5
n171:
	(7,7) 103
	[0,0] 7
n221:
	(5,29) 59
	[0,3] 2
n120:
	(5,5) 358
	[0,0] 11
n150:
	(7,11) 324
	[0,1] 12
n10[7]+1:
	(2,2) 34
	[0,0] 2
n10[7]+2:
	(2,2) 5
	[0,0] 1
n10[7]+3:
	(4,27) 3
	[1,1] 0
n10[7]:
	(7,3) 0
	[1,0] 0
n119:
	(3,3) 100
	[0,0] 6
n37[0]+1:
	(2,2) 85
	[0,0] 3
n37[0]+2:
	(2,2) 76
	[0,0] 2
n37[0]+3:
	(4,7) 74
	[1,1] 1
n37[0]:
	(7,3) 71
	[1,0] 1
n296:
	(13,27) 52
	[0,2] 2
n431:
	(4,8) 79
	[0,1] 4
n264:
	(6,22) 58
	[0,1] 2
n25[6]+1:
	(2,2) 92
	[0,0] 5
n25[6]+2:
	(2,2) 83
	[0,0] 4
n25[6]+3:
	(4,7) 81
	[1,1] 3
n25[6]:
	(7,3) 78
	[1,0] 3
n35[2]+1:
	(2,2) 367
	[0,0] 12
n35[2]+2:
	(2,2) 352
	[0,0] 11
n35[2]+3:
	(4,13) 350
	[1,1] 10
n35[2]:
	(7,3) 347
	[1,0] 10
n70:
	(5,5) 365
	[0,0] 12
n15[3]+1:
	(2,2) 93
	[0,0] 4
n15[3]+2:
	(2,2) 76
	[0,0] 2
n15[3]+3:
	(4,15) 74
	[1,2] 1
n15[3]:
	(7,3) 71
	[1,0] 1
n100:
	(3,3) 85
	[0,0] 3
n131:
	(7,10) 92
	[0,1] 6
n349:
	(22,57) 8
	[0,1] 1
n188:
	(4,8) 335
	[0,1] 11
n441:
	(4,8) 81
	[0,1] 4
n202:
	(12,4) 68
	[1,0] 2
n30[9]+1:
	(2,2) 76
	[0,0] 7
n30[9]+2:
	(2,2) 67
	[0,0] 6
n30[9]+3:
	(4,7) 65
	[1,1] 5
n30[9]:
	(7,3) 62
	[1,0] 5
n407:
	(5,68) 335
	[0,2] 11
n101:
	(5,5) 99
	[0,0] 6
n57:
	(4,8) 85
	[0,1] 3
n151:
	(7,11) 360
	[0,1] 13
n521:
	(19,4) 285
	[2,0] 8
n27[5]+1:
	(2,2) 99
	[0,0] 6
n27[5]+2:
	(2,2) 90
	[0,0] 5
n27[5]+3:
	(4,7) 88
	[1,1] 4
n27[5]:
	(7,3) 85
	[1,0] 4
n494:
	(58,23) 7
	[1,0] 1
n23[3]+1:
	(2,2) 91
	[0,0] 5
n23[3]+2:
	(2,2) 82
	[0,0] 4
n23[3]+3:
	(4,7) 80
	[1,1] 3
n23[3]:
	(7,3) 77
	[1,0] 3
n467:
	(4,8) 76
	[0,1] 3
n509:
	(13,13) 85
	[0,1] 3
n158:
	(7,7) 350
	[0,0] 12
n370:
	(30,34) 316
	[0,1] 11
n248:
	(9,19) 56
	[1,0] 1
n34[5]+1:
	(2,2) 352
	[0,0] 13
n34[5]+2:
	(2,2) 341
	[0,0] 12
n34[5]+3:
	(4,9) 339
	[1,1] 11
n34[5]:
	(7,3) 336
	[1,0] 11
n40[2]+1:
	(2,2) 107
	[0,0] 7
n40[2]+2:
	(2,2) 96
	[0,0] 6
n40[2]+3:
	(4,9) 94
	[1,1] 5
n40[2]:
	(7,3) 91
	[1,0] 5
n500:
	(57,22) 7
	[1,0] 1
n25[2]+1:
	(2,2) 91
	[0,0] 5
n25[2]+2:
	(2,2) 82
	[0,0] 4
n25[2]+3:
	(4,7) 80
	[1,1] 3
n25[2]:
	(7,3) 77
	[1,0] 3
n366:
	(11,28) 293
	[0,2] 10
n255:
	(14,10) 332
	[1,0] 10
n292:
	(6,22) 298
	[0,1] 10
n317:
	(13,24) 51
	[0,1] 2
n42[2]+1:
	(2,2) 104
	[0,0] 6
n42[2]+2:
	(2,2) 93
	[0,0] 5
n42[2]+3:
	(4,9) 91
	[1,1] 4
n42[2]:
	(7,3) 88
	[1,0] 4
n271:
	(6,22) 59
	[0,1] 2
n232:
	(7,23) 57
	[0,1] 2
n186:
	(4,8) 352
	[0,1] 12
n514:
	(22,44) 282
	[0,1] 10
n220:
	(5,29) 60
	[0,3] 2
n281:
	(5,25) 60
	[0,2] 2
n465:
	(4,8) 77
	[0,1] 3
n25[4]+1:
	(2,2) 99
	[0,0] 6
n25[4]+2:
	(2,2) 90
	[0,0] 5
n25[4]+3:
	(4,7) 88
	[1,1] 4
n25[4]:
	(7,3) 85
	[1,0] 4
n12[0]:
	(2,2) 0
	[0,0] 0
n43[2]+1:
	(2,2) 108
	[0,0] 7
n43[2]+2:
	(2,2) 97
	[0,0] 6
n43[2]+3:
	(4,9) 95
	[1,1] 5
n43[2]:
	(7,3) 92
	[1,0] 5
n475:
	(4,8) 77
	[0,1] 3
n525:
	(9,11) 295
	[0,1] 10
n237:
	(9,19) 331
	[1,0] 10
n207:
	(9,9) 337
	[1,0] 10
n533:
	(165,6) 139
	[6,0] 4
n243:
	(9,19) 56
	[1,0] 1
n15[6]+1:
	(2,2) 86
	[0,0] 3
n15[6]+2:
	(2,2) 77
	[0,0] 2
n15[6]+3:
	(4,7) 75
	[1,1] 1
n15[6]:
	(7,3) 72
	[1,0] 1
n396:
	(17,54) 309
	[0,1] 11
n241:
	(9,19) 317
	[1,0] 10
n482:
	(4,8) 77
	[0,1] 3
n449:
	(4,8) 81
	[0,1] 4
n87:
	(5,5) 100
	[0,0] 6
n194:
	(4,8) 316
	[0,1] 11
n35[3]+1:
	(2,2) 331
	[0,0] 11
n35[3]+2:
	(2,2) 316
	[0,0] 10
n35[3]+3:
	(4,13) 314
	[1,1] 9
n35[3]:
	(7,3) 311
	[1,0] 9
n338:
	(29,21) 36
	[1,0] 1
n307:
	(12,23) 328
	[0,1] 11
n301:
	(12,23) 52
	[0,1] 2
n394:
	(13,56) 291
	[0,2] 10
n489:
	(4,8) 80
	[0,1] 4
n478:
	(4,8) 76
	[0,1] 3
n11[2]+1:
	(2,2) 14
	[0,0] 2
n11[2]+2:
	(2,2) 5
	[0,0] 1
n11[2]+3:
	(4,7) 3
	[1,1] 0
n11[2]:
	(7,3) 0
	[1,0] 0
n458:
	(4,8) 76
	[0,1] 3
n267:
	(6,22) 59
	[0,1] 2
n294:
	(24,8) 432
	[1,0] 14
n28[6]+1:
	(2,2) 95
	[0,0] 6
n28[6]+2:
	(2,2) 86
	[0,0] 5
n28[6]+3:
	(4,7) 84
	[1,1] 4
n28[6]:
	(7,3) 81
	[1,0] 4
n99:
	(5,5) 103
	[0,0] 7
n14[1]+1:
	(2,2) 90
	[0,0] 4
n14[1]+2:
	(2,2) 82
	[0,0] 3
n14[1]+3:
	(3,5) 81
	[1,1] 2
n14[1]:
	(6,3) 78
	[1,0] 2
n406:
	(23,7) 305
	[1,0] 10
n268:
	(5,25) 60
	[0,2] 2
n483:
	(4,8) 84
	[0,1] 5
n33[3]+1:
	(2,2) 370
	[0,0] 13
n33[3]+2:
	(2,2) 359
	[0,0] 12
n33[3]+3:
	(4,9) 357
	[1,1] 11
n33[3]:
	(7,3) 354
	[1,0] 11
n256:
	(7,23) 58
	[0,1] 2
n226:
	(9,19) 56
	[1,0] 1
n65:
	(12,4) 57
	[1,0] 5
n135:
	(5,5) 324
	[0,0] 12
n364:
	(18,10) 303
	[1,0] 11
n526:
	(46,45) 258
	[0,1] 10
n42[1]+1:
	(2,2) 104
	[0,0] 6
n42[1]+2:
	(2,2) 93
	[0,0] 5
n42[1]+3:
	(4,9) 91
	[1,1] 4
n42[1]:
	(7,3) 88
	[1,0] 4
n10[1]+1:
	(2,2) 33
	[0,0] 2
n10[1]+2:
	(2,2) 5
	[0,0] 1
n10[1]+3:
	(4,26) 3
	[1,1] 0
n10[1]:
	(7,3) 0
	[1,0] 0
n519:
	(4,10) 300
	[0,1] 10
n39[1]+1:
	(2,2) 112
	[0,0] 8
n39[1]+2:
	(2,2) 101
	[0,0] 7
n39[1]+3:
	(4,9) 99
	[1,1] 6
n39[1]:
	(7,3) 96
	[1,0] 6
n291:
	(7,26) 58
	[0,2] 2
n435:
	(4,8) 81
	[0,1] 4
n385:
	(11,53) 315
	[0,1] 11
n29[0]+1:
	(2,2) 107
	[0,0] 7
n29[0]+2:
	(2,2) 94
	[0,0] 6
n29[0]+3:
	(4,11) 92
	[1,1] 5
n29[0]:
	(7,3) 89
	[1,0] 5
n429:
	(4,8) 85
	[0,1] 5
n23[5]+1:
	(2,2) 99
	[0,0] 6
n23[5]+2:
	(2,2) 90
	[0,0] 5
n23[5]+3:
	(4,7) 88
	[1,1] 4
n23[5]:
	(7,3) 85
	[1,0] 4
n409:
	(8,33) 318
	[0,1] 11
n497:
	(57,22) 7
	[1,0] 1
n289:
	(6,22) 59
	[0,1] 2
n29[3]+1:
	(2,2) 107
	[0,0] 7
n29[3]+2:
	(2,2) 98
	[0,0] 6
n29[3]+3:
	(4,7) 96
	[1,1] 5
n29[3]:
	(7,3) 93
	[1,0] 5
n30[15]+1:
	(2,2) 76
	[0,0] 7
n30[15]+2:
	(2,2) 67
	[0,0] 6
n30[15]+3:
	(4,7) 65
	[1,1] 5
n30[15]:
	(7,3) 62
	[1,0] 5
n502:
	(4,30) 274
	[0,1] 9
n21[7]+1:
	(2,2) 92
	[0,0] 5
n21[7]+2:
	(2,2) 83
	[0,0] 4
n21[7]+3:
	(4,7) 81
	[1,1] 3
n21[7]:
	(7,3) 78
	[1,0] 3
n45[2]+1:
	(2,2) 104
	[0,0] 6
n45[2]+2:
	(2,2) 93
	[0,0] 5
n45[2]+3:
	(4,9) 91
	[1,1] 4
n45[2]:
	(7,3) 88
	[1,0] 4
n166:
	(5,51) 18
	[0,4] 2
n169:
	(9,9) 361
	[0,0] 12
n190:
	(4,8) 376
	[0,1] 12
n204:
	(4,12) 68
	[0,1] 2
n162:
	(5,5) 69
	[0,0] 6
n31[2]+1:
	(2,2) 375
	[0,0] 15
n31[2]+2:
	(2,2) 358
	[0,0] 13
n31[2]+3:
	(4,15) 356
	[1,2] 12
n31[2]:
	(7,3) 353
	[1,0] 12
n88:
	(5,5) 100
	[0,0] 6
n16[7]+1:
	(2,2) 92
	[0,0] 5
n16[7]+2:
	(2,2) 83
	[0,0] 4
n16[7]+3:
	(4,7) 81
	[1,1] 3
n16[7]:
	(7,3) 78
	[1,0] 3
n273:
	(5,26) 59
	[0,2] 2
n164:
	(9,9) 324
	[0,0] 12
n320:
	(16,20) 48
	[1,0] 1
n30[3]+1:
	(2,2) 82
	[0,0] 8
n30[3]+2:
	(2,2) 71
	[0,0] 7
n30[3]+3:
	(4,9) 69
	[1,1] 6
n30[3]:
	(7,3) 66
	[1,0] 6
n46[2]+1:
	(2,2) 98
	[0,0] 4
n46[2]+2:
	(2,2) 87
	[0,0] 3
n46[2]+3:
	(4,9) 85
	[1,1] 2
n46[2]:
	(7,3) 82
	[1,0] 2
n132:
	(7,11) 92
	[0,1] 6
n84:
	(5,5) 95
	[0,0] 5
n246:
	(9,19) 55
	[1,0] 1
n25[5]+1:
	(2,2) 99
	[0,0] 6
n25[5]+2:
	(2,2) 90
	[0,0] 5
n25[5]+3:
	(4,7) 88
	[1,1] 4
n25[5]:
	(7,3) 85
	[1,0] 4
n152:
	(25,5) 44
	[2,0] 4
n343:
	(27,25) 38
	[0,1] 2
n19[7]+1:
	(2,2) 100
	[0,0] 7
n19[7]+2:
	(2,2) 91
	[0,0] 6
n19[7]+3:
	(4,7) 89
	[1,1] 5
n19[7]:
	(7,3) 86
	[1,0] 5
n376:
	(34,38) 323
	[0,1] 11
n355:
	(4,66) 305
	[0,2] 10
n167:
	(5,51) 18
	[0,4] 2
n485:
	(4,8) 77
	[0,1] 3
n26[6]+1:
	(2,2) 96
	[0,0] 6
n26[6]+2:
	(2,2) 87
	[0,0] 5
n26[6]+3:
	(4,7) 85
	[1,1] 4
n26[6]:
	(7,3) 82
	[1,0] 4
n492:
	(4,8) 71
	[0,1] 1
n216:
	(21,6) 62
	[2,0] 2
n522:
	(19,4) 285
	[2,0] 8
n64:
	(12,4) 57
	[1,0] 5
n265:
	(5,26) 60
	[0,2] 2
n228:
	(7,23) 57
	[0,1] 2
n437:
	(4,8) 79
	[0,1] 4
n443:
	(4,8) 77
	[0,1] 3
n53:
	(4,8) 65
	[0,1] 6
n411:
	(50,54) 326
	[0,1] 11
n21[6]+1:
	(2,2) 92
	[0,0] 5
n21[6]+2:
	(2,2) 83
	[0,0] 4
n21[6]+3:
	(4,7) 81
	[1,1] 3
n21[6]:
	(7,3) 78
	[1,0] 3
n142:
	(3,3) 73
	[0,0] 7
n392:
	(47,43) 347
	[1,0] 12
n35[0]+1:
	(2,2) 349
	[0,0] 12
n35[0]+2:
	(2,2) 338
	[0,0] 11
n35[0]+3:
	(4,9) 336
	[1,1] 10
n35[0]:
	(7,3) 333
	[1,0] 10
n332:
	(27,25) 37
	[0,1] 2
n21[1]+1:
	(2,2) 98
	[0,0] 6
n21[1]+2:
	(2,2) 82
	[0,0] 4
n21[1]+3:
	(4,14) 80
	[1,2] 3
n21[1]:
	(7,3) 77
	[1,0] 3
n345:
	(29,21) 35
	[1,0] 1
n163:
	(5,5) 73
	[0,0] 7
n503:
	(17,29) 287
	[0,2] 10
n323:
	(13,24) 51
	[0,1] 2
n43[3]+1:
	(2,2) 108
	[0,0] 7
n43[3]+2:
	(2,2) 97
	[0,0] 6
n43[3]+3:
	(4,9) 95
	[1,1] 5
n43[3]:
	(7,3) 92
	[1,0] 5
n27[4]+1:
	(2,2) 99
	[0,0] 6
n27[4]+2:
	(2,2) 90
	[0,0] 5
n27[4]+3:
	(4,7) 88
	[1,1] 4
n27[4]:
	(7,3) 85
	[1,0] 4
n24[3]+1:
	(2,2) 104
	[0,0] 7
n24[3]+2:
	(2,2) 87
	[0,0] 5
n24[3]+3:
	(4,15) 85
	[1,2] 4
n24[3]:
	(7,3) 82
	[1,0] 4
n515:
	(30,18) 274
	[2,0] 8
n227:
	(6,22) 59
	[0,1] 2
n374:
	(5,55) 299
	[0,3] 10
n47[5]+1:
	(4,4) 345
	[0,0] 14
n47[5]+2:
	(2,2) 308
	[0,0] 11
n47[5]+3:
	(6,35) 304
	[1,3] 10
n47[5]:
	(9,3) 301
	[1,0] 10
n208:
	(24,4) 64
	[3,0] 2
n11[1]:
	(2,2) 0
	[0,0] 0
n15[7]+1:
	(2,2) 86
	[0,0] 3
n15[7]+2:
	(2,2) 77
	[0,0] 2
n15[7]+3:
	(4,7) 75
	[1,1] 1
n15[7]:
	(7,3) 72
	[1,0] 1
n23[0]+1:
	(2,2) 98
	[0,0] 6
n23[0]+2:
	(2,2) 89
	[0,0] 5
n23[0]+3:
	(4,7) 87
	[1,1] 4
n23[0]:
	(7,3) 84
	[1,0] 4
n278:
	(5,26) 60
	[0,2] 2
n258:
	(7,26) 58
	[0,2] 2
n464:
	(4,8) 76
	[0,1] 3
n187:
	(4,8) 346
	[0,1] 10
n196:
	(4,8) 323
	[0,1] 9
n40[1]+1:
	(2,2) 107
	[0,0] 7
n40[1]+2:
	(2,2) 96
	[0,0] 6
n40[1]+3:
	(4,9) 94
	[1,1] 5
n40[1]:
	(7,3) 91
	[1,0] 5
n238:
	(6,22) 59
	[0,1] 2
n144:
	(7,11) 89
	[0,1] 5
n36[1]+1:
	(2,2) 333
	[0,0] 13
n36[1]+2:
	(2,2) 322
	[0,0] 12
n36[1]+3:
	(4,9) 320
	[1,1] 11
n36[1]:
	(7,3) 317
	[1,0] 11
n427:
	(28,55) 312
	[0,2] 11
n62:
	(12,4) 57
	[1,0] 5
n319:
	(13,27) 51
	[0,2] 2
n27[7]+1:
	(2,2) 92
	[0,0] 5
n27[7]+2:
	(2,2) 83
	[0,0] 4
n27[7]+3:
	(4,7) 81
	[1,1] 3
n27[7]:
	(7,3) 78
	[1,0] 3
n395:
	(17,54) 287
	[0,1] 10
n183:
	(4,8) 352
	[0,1] 12
n41[2]+1:
	(2,2) 109
	[0,0] 7
n41[2]+2:
	(2,2) 98
	[0,0] 6
n41[2]+3:
	(4,9) 96
	[1,1] 5
n41[2]:
	(7,3) 93
	[1,0] 5
n470:
	(4,8) 76
	[0,1] 3
n211:
	(13,9) 296
	[1,0] 9
n93:
	(5,5) 98
	[0,0] 6
n347:
	(29,21) 36
	[1,0] 1
n287:
	(5,25) 59
	[0,2] 2
n14[6]+1:
	(2,2) 86
	[0,0] 3
n14[6]+2:
	(2,2) 77
	[0,0] 2
n14[6]+3:
	(4,7) 75
	[1,1] 1
n14[6]:
	(7,3) 72
	[1,0] 1
n19[2]+1:
	(2,2) 110
	[0,0] 8
n19[2]+2:
	(2,2) 101
	[0,0] 7
n19[2]+3:
	(4,7) 99
	[1,1] 6
n19[2]:
	(7,3) 96
	[1,0] 6
n106:
	(7,11) 84
	[0,1] 4
n209:
	(21,4) 64
	[2,0] 2
n11[0]:
	(2,2) 0
	[0,0] 0
n412:
	(55,51) 325
	[1,0] 11
n302:
	(13,24) 52
	[0,1] 2
n225:
	(7,23) 57
	[0,1] 2
n75:
	(5,5) 361
	[0,0] 12
n155:
	(38,5) 31
	[3,0] 3
n402:
	(8,52) 320
	[0,1] 11
n198:
	(4,12) 301
	[0,1] 9
n27[1]+1:
	(2,2) 100
	[0,0] 6
n27[1]+2:
	(2,2) 92
	[0,0] 5
n27[1]+3:
	(3,5) 91
	[1,1] 4
n27[1]:
	(6,3) 88
	[1,0] 4
n312:
	(16,20) 48
	[1,0] 1
n351:
	(22,57) 8
	[0,1] 1
n45[3]+1:
	(2,2) 104
	[0,0] 6
n45[3]+2:
	(2,2) 93
	[0,0] 5
n45[3]+3:
	(4,9) 91
	[1,1] 4
n45[3]:
	(7,3) 88
	[1,0] 4
n428:
	(28,35) 276
	[0,1] 10
n165:
	(9,9) 360
	[0,0] 13
n284:
	(6,22) 58
	[0,1] 2
n463:
	(4,8) 82
	[0,1] 4
n382:
	(38,42) 308
	[0,1] 11
n25[3]+1:
	(2,2) 91
	[0,0] 5
n25[3]+2:
	(2,2) 82
	[0,0] 4
n25[3]+3:
	(4,7) 80
	[1,1] 3
n25[3]:
	(7,3) 77
	[1,0] 3
n123:
	(3,3) 95
	[0,0] 5
n501:
	(4,30) 300
	[0,1] 10
n378:
	(34,38) 334
	[0,1] 12
n499:
	(57,22) 7
	[1,0] 1
n344:
	(27,25) 37
	[0,1] 2
n170:
	(9,9) 318
	[0,0] 10
n195:
	(4,8) 320
	[0,1] 12
n91:
	(5,5) 98
	[0,0] 6
n425:
	(14,54) 326
	[0,2] 11
n377:
	(34,38) 312
	[0,1] 11
n512:
	(3,3) 311
	[0,0] 11
n534:
	(129,8) 175
	[3,0] 7
n92:
	(5,5) 98
	[0,0] 6
n210:
	(20,4) 64
	[2,0] 2
n430:
	(4,8) 80
	[0,1] 4
n59:
	(4,8) 65
	[0,1] 6
n316:
	(13,24) 52
	[0,1] 2
n48:
	(4,8) 94
	[0,1] 3
n218:
	(5,29) 59
	[0,3] 2
n531:
	(125,23) 179
	[2,0] 8
n386:
	(11,53) 293
	[0,1] 10
n90:
	(5,5) 343
	[0,0] 12
n417:
	(4,58) 325
	[0,1] 11
n433:
	(4,8) 80
	[0,1] 4
n39[3]+1:
	(2,2) 112
	[0,0] 8
n39[3]+2:
	(2,2) 101
	[0,0] 7
n39[3]+3:
	(4,9) 99
	[1,1] 6
n39[3]:
	(7,3) 96
	[1,0] 6
n420:
	(9,60) 320
	[0,1] 11
n423:
	(8,33) 296
	[0,1] 10
n388:
	(42,46) 325
	[0,1] 11
n473:
	(4,8) 76
	[0,1] 3
n304:
	(13,24) 52
	[0,1] 2
n14[0]+1:
	(2,2) 92
	[0,0] 4
n14[0]+2:
	(2,2) 83
	[0,0] 3
n14[0]+3:
	(4,7) 81
	[1,1] 2
n14[0]:
	(7,3) 78
	[1,0] 2
n79:
	(5,5) 95
	[0,0] 5
n185:
	(4,8) 316
	[0,1] 11
n141:
	(7,11) 89
	[0,1] 5
n466:
	(4,8) 82
	[0,1] 4
n63:
	(12,4) 57
	[1,0] 5
n69:
	(5,5) 352
	[0,0] 12
n117:
	(3,3) 102
	[0,0] 6
n342:
	(29,21) 36
	[1,0] 1
n315:
	(12,23) 52
	[0,1] 2
n504:
	(17,29) 275
	[0,2] 8
n67:
	(12,4) 57
	[1,0] 5
n335:
	(29,21) 311
	[1,0] 10
n24[1]+1:
	(2,2) 103
	[0,0] 7
n24[1]+2:
	(2,2) 87
	[0,0] 5
n24[1]+3:
	(4,14) 85
	[1,2] 4
n24[1]:
	(7,3) 82
	[1,0] 4
n103:
	(5,5) 350
	[0,0] 12
n116:
	(3,3) 102
	[0,0] 6
n38[2]+1:
	(2,2) 102
	[0,0] 5
n38[2]+2:
	(2,2) 83
	[0,0] 3
n38[2]+3:
	(4,17) 81
	[1,2] 2
n38[2]:
	(7,3) 78
	[1,0] 2
n28[3]+1:
	(2,2) 105
	[0,0] 7
n28[3]+2:
	(2,2) 96
	[0,0] 6
n28[3]+3:
	(4,7) 94
	[1,1] 5
n28[3]:
	(7,3) 91
	[1,0] 5
n41[1]+1:
	(2,2) 109
	[0,0] 7
n41[1]+2:
	(2,2) 98
	[0,0] 6
n41[1]+3:
	(4,9) 96
	[1,1] 5
n41[1]:
	(7,3) 93
	[1,0] 5
n10[5]+1:
	(2,2) 34
	[0,0] 2
n10[5]+2:
	(2,2) 5
	[0,0] 1
n10[5]+3:
	(4,27) 3
	[1,1] 0
n10[5]:
	(7,3) 0
	[1,0] 0
n461:
	(4,8) 77
	[0,1] 3
n507:
	(43,21) 261
	[1,0] 9
n102:
	(7,11) 78
	[0,1] 2
n523:
	(48,22) 256
	[1,0] 9
n189:
	(4,8) 390
	[0,1] 13
n38[1]+1:
	(2,2) 103
	[0,0] 5
n38[1]+2:
	(2,2) 83
	[0,0] 3
n38[1]+3:
	(4,18) 81
	[1,2] 2
n38[1]:
	(7,3) 78
	[1,0] 2
n31[3]+1:
	(2,2) 339
	[0,0] 14
n31[3]+2:
	(2,2) 322
	[0,0] 12
n31[3]+3:
	(4,15) 320
	[1,2] 11
n31[3]:
	(7,3) 317
	[1,0] 11
n109:
	(7,11) 84
	[0,1] 4
n28[2]+1:
	(2,2) 105
	[0,0] 7
n28[2]+2:
	(2,2) 96
	[0,0] 6
n28[2]+3:
	(4,7) 94
	[1,1] 5
n28[2]:
	(7,3) 91
	[1,0] 5
n476:
	(4,8) 71
	[0,1] 1
n416:
	(18,20) 286
	[1,0] 9
n108:
	(7,11) 84
	[0,1] 4
n34[4]+1:
	(2,2) 340
	[0,0] 11
n34[4]+2:
	(2,2) 329
	[0,0] 10
n34[4]+3:
	(4,9) 327
	[1,1] 9
n34[4]:
	(7,3) 324
	[1,0] 9
n439:
	(4,8) 70
	[0,1] 1
n352:
	(22,57) 8
	[0,1] 1
n297:
	(13,27) 51
	[0,2] 2
n13+1:
	(4,4) 310
	[0,0] 11
n13+2:
	(2,2) 7
	[0,0] 1
n13+3:
	(6,301) 3
	[1,10] 0
n13:
	(9,3) 0
	[1,0] 0
n19[3]+1:
	(2,2) 110
	[0,0] 8
n19[3]+2:
	(2,2) 101
	[0,0] 7
n19[3]+3:
	(4,7) 99
	[1,1] 6
n19[3]:
	(7,3) 96
	[1,0] 6
n16[2]+1:
	(2,2) 99
	[0,0] 6
n16[2]+2:
	(2,2) 82
	[0,0] 4
n16[2]+3:
	(4,15) 80
	[1,2] 3
n16[2]:
	(7,3) 77
	[1,0] 3
n413:
	(50,54) 369
	[0,1] 12
n26[4]+1:
	(2,2) 103
	[0,0] 7
n26[4]+2:
	(2,2) 94
	[0,0] 6
n26[4]+3:
	(4,7) 92
	[1,1] 5
n26[4]:
	(7,3) 89
	[1,0] 5
n16[6]+1:
	(2,2) 92
	[0,0] 5
n16[6]+2:
	(2,2) 83
	[0,0] 4
n16[6]+3:
	(4,7) 81
	[1,1] 3
n16[6]:
	(7,3) 78
	[1,0] 3
n172:
	(7,7) 91
	[0,0] 5
n23[6]+1:
	(2,2) 92
	[0,0] 5
n23[6]+2:
	(2,2) 83
	[0,0] 4
n23[6]+3:
	(4,7) 81
	[1,1] 3
n23[6]:
	(7,3) 78
	[1,0] 3
n445:
	(4,8) 77
	[0,1] 3
n197:
	(4,7) 368
	[0,1] 12
n15[2]+1:
	(2,2) 93
	[0,0] 4
n15[2]+2:
	(2,2) 76
	[0,0] 2
n15[2]+3:
	(4,15) 74
	[1,2] 1
n15[2]:
	(7,3) 71
	[1,0] 1
n229:
	(7,23) 58
	[0,1] 2
n49:
	(4,8) 94
	[0,1] 3
n71:
	(5,5) 374
	[0,0] 13
n444:
	(4,8) 76
	[0,1] 3
n10[0]+1:
	(2,2) 33
	[0,0] 2
n10[0]+2:
	(2,2) 5
	[0,0] 1
n10[0]+3:
	(4,26) 3
	[1,1] 0
n10[0]:
	(7,3) 0
	[1,0] 0
n203:
	(9,9) 65
	[0,1] 1
n20[7]+1:
	(2,2) 100
	[0,0] 7
n20[7]+2:
	(2,2) 91
	[0,0] 6
n20[7]+3:
	(4,7) 89
	[1,1] 5
n20[7]:
	(7,3) 86
	[1,0] 5
n30[5]+1:
	(2,2) 80
	[0,0] 8
n30[5]+2:
	(2,2) 71
	[0,0] 7
n30[5]+3:
	(4,7) 69
	[1,1] 6
n30[5]:
	(7,3) 66
	[1,0] 6
n32[2]+1:
	(2,2) 27
	[0,0] 3
n32[2]+2:
	(2,2) 12
	[0,0] 2
n32[2]+3:
	(4,13) 10
	[1,1] 1
n32[2]:
	(7,3) 7
	[1,0] 1
n484:
	(4,8) 85
	[0,1] 5
n452:
	(4,8) 81
	[0,1] 4
n269:
	(5,25) 335
	[0,2] 11
n235:
	(9,19) 55
	[1,0] 1
n125:
	(3,3) 75
	[0,0] 7
n300:
	(13,24) 52
	[0,1] 2
n14[2]+1:
	(2,2) 85
	[0,0] 3
n14[2]+2:
	(2,2) 76
	[0,0] 2
n14[2]+3:
	(4,7) 74
	[1,1] 1
n14[2]:
	(7,3) 71
	[1,0] 1
n19[5]+1:
	(2,2) 107
	[0,0] 8
n19[5]+2:
	(2,2) 98
	[0,0] 7
n19[5]+3:
	(4,7) 96
	[1,1] 6
n19[5]:
	(7,3) 93
	[1,0] 6
n266:
	(5,25) 60
	[0,2] 2
n26[5]+1:
	(2,2) 103
	[0,0] 7
n26[5]+2:
	(2,2) 94
	[0,0] 6
n26[5]+3:
	(4,7) 92
	[1,1] 5
n26[5]:
	(7,3) 89
	[1,0] 5
n251:
	(6,22) 320
	[0,1] 11
n29[2]+1:
	(2,2) 96
	[0,0] 6
n29[2]+2:
	(2,2) 87
	[0,0] 5
n29[2]+3:
	(4,7) 85
	[1,1] 4
n29[2]:
	(7,3) 82
	[1,0] 4
n85:
	(5,5) 95
	[0,0] 5
n30[0]+1:
	(2,2) 78
	[0,0] 7
n30[0]+2:
	(2,2) 67
	[0,0] 6
n30[0]+3:
	(4,9) 65
	[1,1] 5
n30[0]:
	(7,3) 62
	[1,0] 5
n263:
	(5,25) 59
	[0,2] 2
n36[2]+1:
	(2,2) 373
	[0,0] 14
n36[2]+2:
	(2,2) 358
	[0,0] 13
n36[2]+3:
	(4,13) 356
	[1,1] 12
n36[2]:
	(7,3) 353
	[1,0] 12
n21[2]+1:
	(2,2) 99
	[0,0] 6
n21[2]+2:
	(2,2) 82
	[0,0] 4
n21[2]+3:
	(4,15) 80
	[1,2] 3
n21[2]:
	(7,3) 77
	[1,0] 3
n11[3]+1:
	(2,2) 14
	[0,0] 2
n11[3]+2:
	(2,2) 5
	[0,0] 1
n11[3]+3:
	(4,7) 3
	[1,1] 0
n11[3]:
	(7,3) 0
	[1,0] 0
n252:
	(6,22) 298
	[0,1] 10
n311:
	(13,27) 51
	[0,2] 2
n30[12]+1:
	(2,2) 80
	[0,0] 8
n30[12]+2:
	(2,2) 71
	[0,0] 7
n30[12]+3:
	(4,7) 69
	[1,1] 6
n30[12]:
	(7,3) 66
	[1,0] 6
n34[1]+1:
	(2,2) 359
	[0,0] 13
n34[1]+2:
	(2,2) 348
	[0,0] 12
n34[1]+3:
	(4,9) 346
	[1,1] 11
n34[1]:
	(7,3) 343
	[1,0] 11
n81:
	(5,5) 95
	[0,0] 5
n200:
	(16,5) 67
	[2,0] 2
n26[1]+1:
	(2,2) 100
	[0,0] 7
n26[1]+2:
	(2,2) 92
	[0,0] 6
n26[1]+3:
	(3,5) 91
	[1,1] 5
n26[1]:
	(6,3) 88
	[1,0] 5
n488:
	(4,8) 79
	[0,1] 4
n30[11]+1:
	(2,2) 76
	[0,0] 7
n30[11]+2:
	(2,2) 67
	[0,0] 6
n30[11]+3:
	(4,7) 65
	[1,1] 5
n30[11]:
	(7,3) 62
	[1,0] 5
n231:
	(7,23) 58
	[0,1] 2
n107:
	(5,5) 372
	[0,0] 13
n97:
	(3,3) 91
	[0,0] 5
n358:
	(4,66) 317
	[0,2] 12
n283:
	(5,25) 59
	[0,2] 2
n156:
	(5,5) 91
	[0,0] 5
n298:
	(13,27) 52
	[0,2] 2
n442:
	(4,8) 71
	[0,1] 1
n14[3]+1:
	(2,2) 85
	[0,0] 3
n14[3]+2:
	(2,2) 76
	[0,0] 2
n14[3]+3:
	(4,7) 74
	[1,1] 1
n14[3]:
	(7,3) 71
	[1,0] 1
n244:
	(6,22) 58
	[0,1] 2
n26[3]+1:
	(2,2) 95
	[0,0] 6
n26[3]+2:
	(2,2) 86
	[0,0] 5
n26[3]+3:
	(4,7) 84
	[1,1] 4
n26[3]:
	(7,3) 81
	[1,0] 4
n327:
	(16,20) 48
	[1,0] 1
n337:
	(27,25) 38
	[0,1] 2
n86:
	(5,5) 95
	[0,0] 5
n513:
	(23,59) 281
	[0,1] 10
n324:
	(16,20) 49
	[1,0] 1
n129:
	(7,11) 92
	[0,1] 6
n191:
	(4,8) 332
	[0,1] 10
n250:
	(6,22) 298
	[0,1] 10
n18[0]+1:
	(2,2) 102
	[0,0] 7
n18[0]+2:
	(2,2) 85
	[0,0] 5
n18[0]+3:
	(4,15) 83
	[1,2] 4
n18[0]:
	(7,3) 80
	[1,0] 4
n30[4]+1:
	(2,2) 76
	[0,0] 7
n30[4]+2:
	(2,2) 67
	[0,0] 6
n30[4]+3:
	(4,7) 65
	[1,1] 5
n30[4]:
	(7,3) 62
	[1,0] 5
n130:
	(7,11) 92
	[0,1] 6
n329:
	(16,20) 48
	[1,0] 1
n39[2]+1:
	(2,2) 112
	[0,0] 8
n39[2]+2:
	(2,2) 101
	[0,0] 7
n39[2]+3:
	(4,9) 99
	[1,1] 6
n39[2]:
	(7,3) 96
	[1,0] 6
n222:
	(5,29) 59
	[0,3] 2
n487:
	(4,8) 85
	[0,1] 5
n128:
	(7,11) 87
	[0,1] 5
n29[5]+1:
	(2,2) 104
	[0,0] 7
n29[5]+2:
	(2,2) 95
	[0,0] 6
n29[5]+3:
	(4,7) 93
	[1,1] 5
n29[5]:
	(7,3) 90
	[1,0] 5
n47[6]+1:
	(4,4) 340
	[0,0] 12
n47[6]+2:
	(2,2) 302
	[0,0] 10
n47[6]+3:
	(6,36) 298
	[1,2] 9
n47[6]:
	(9,3) 295
	[1,0] 9
n389:
	(42,46) 326
	[0,1] 11
n40[3]+1:
	(2,2) 107
	[0,0] 7
n40[3]+2:
	(2,2) 96
	[0,0] 6
n40[3]+3:
	(4,9) 94
	[1,1] 5
n40[3]:
	(7,3) 91
	[1,0] 5
n10[6]+1:
	(2,2) 34
	[0,0] 2
n10[6]+2:
	(2,2) 5
	[0,0] 1
n10[6]+3:
	(4,27) 3
	[1,1] 0
n10[6]:
	(7,3) 0
	[1,0] 0
n22[3]+1:
	(2,2) 99
	[0,0] 6
n22[3]+2:
	(2,2) 82
	[0,0] 4
n22[3]+3:
	(4,15) 80
	[1,2] 3
n22[3]:
	(7,3) 77
	[1,0] 3
n20[0]+1:
	(2,2) 107
	[0,0] 8
n20[0]+2:
	(2,2) 90
	[0,0] 6
n20[0]+3:
	(4,15) 88
	[1,2] 5
n20[0]:
	(7,3) 85
	[1,0] 5
n105:
	(7,11) 84
	[0,1] 4
n138:
	(3,3) 73
	[0,0] 7
n39[0]+1:
	(2,2) 112
	[0,0] 8
n39[0]+2:
	(2,2) 101
	[0,0] 7
n39[0]+3:
	(4,9) 99
	[1,1] 6
n39[0]:
	(7,3) 96
	[1,0] 6

-----------------------------------
Sum of T(sa0)s: ∞
Sum of T(sa1)s: ∞
Testability index: ∞