0:
	(1,1) 1
	[0,0] 0
1:
	(1,1) 26
	[0,0] 2
x:
	(1,1) ∞
	[0,0] ∞
2:
	(1,1) 26
	[0,0] 2
3:
	(1,1) 22
	[0,0] 1
4:
	(1,1) 19
	[0,0] 0
5:
	(1,1) 7
	[0,0] 1
6:
	(1,1) 28
	[0,0] 0
7:
	(1,1) 36
	[0,0] 0
8:
	(1,1) 7
	[0,0] 0
9:
	(1,1) 22
	[0,0] 0
34:
	(2,2) 0
	[0,0] 0
35:
	(2,2) 0
	[0,0] 0
36:
	(2,2) 0
	[0,0] 0
37:
	(2,2) 0
	[0,0] 0
32:
	(2,2) 0
	[0,0] 0
33:
	(2,2) 0
	[0,0] 0
19:
	(4,24) 0
	[1,2] 0
20:
	(4,24) 0
	[1,2] 0
21:
	(4,24) 0
	[1,2] 0
22:
	(2,2) 0
	[0,0] 0
23:
	(4,24) 0
	[1,2] 0
24:
	(4,24) 0
	[1,2] 0
25:
	(2,2) 0
	[0,0] 0
12:
	(4,24) 0
	[1,2] 0
13:
	(2,2) 0
	[0,0] 0
14:
	(2,2) 0
	[0,0] 0
15:
	(4,24) 0
	[1,2] 0
16:
	(4,24) 0
	[1,2] 0
17:
	(4,24) 0
	[1,2] 0
11:
	(2,2) 0
	[0,0] 0
70:
	(11,66) 15
	[0,0] 2
38:
	(3,20) 3
	[1,1] 0
69:
	(2,17) 6
	[0,0] 1
10:
	(3,28) 0
	[1,3] 0
68:
	(15,7) 8
	[0,1] 1
18:
	(3,23) 0
	[1,2] 0
67:
	(3,14) 12
	[0,0] 2
66:
	(5,25) 3
	[1,2] 1
65:
	(21,4) 7
	[1,1] 2
64:
	(2,2) 24
	[0,0] 2
31:
	(16,37) 0
	[0,1] 0
30:
	(30,38) 0
	[0,0] 0
63:
	(10,65) 27
	[0,0] 0
62:
	(47,19) 45
	[0,0] 0
61:
	(17,9) 75
	[0,0] 0
60:
	(27,29) 11
	[0,0] 0
59:
	(26,15) 11
	[1,0] 0
71:
	(65,10) 16
	[0,0] 2
58:
	(47,19) 34
	[0,0] 2
57:
	(17,9) 64
	[0,0] 2
46:
	(14,25) 12
	[0,1] 0
45:
	(28,26) 12
	[0,0] 0
119:
	(8,24) 18
	[0,1] 0
118:
	(17,19) 21
	[1,0] 0
29:
	(27,26) 0
	[0,0] 0
117:
	(13,24) 27
	[0,1] 0
28:
	(19,18) 0
	[0,0] 0
116:
	(17,13) 13
	[1,0] 0
115:
	(7,24) 19
	[0,1] 0
114:
	(13,12) 14
	[0,0] 0
113:
	(13,12) 6
	[0,0] 0
27:
	(13,12) 0
	[0,0] 0
112:
	(17,6) 26
	[1,0] 0
111:
	(5,16) 7
	[0,1] 0
110:
	(6,12) 12
	[0,0] 0
109:
	(6,12) 20
	[0,0] 0
108:
	(5,16) 13
	[0,1] 0
107:
	(6,12) 6
	[0,0] 0
106:
	(5,16) 21
	[0,1] 0
105:
	(8,10) 24
	[0,1] 0
104:
	(9,7) 25
	[1,0] 0
103:
	(8,10) 10
	[0,1] 0
102:
	(9,7) 11
	[1,0] 0
101:
	(8,12) 30
	[0,0] 0
100:
	(8,10) 16
	[0,1] 0
99:
	(9,7) 17
	[1,0] 0
98:
	(3,8) 29
	[0,1] 0
97:
	(3,8) 15
	[0,1] 0
26:
	(3,8) 0
	[0,1] 0
96:
	(3,8) 21
	[0,1] 0
95:
	(5,35) 21
	[0,1] 0
94:
	(6,7) 36
	[0,0] 0
93:
	(3,27) 15
	[0,1] 0
92:
	(3,27) 21
	[0,1] 0
91:
	(3,27) 29
	[0,1] 0
90:
	(28,4) 28
	[1,0] 0
89:
	(3,27) 29
	[0,1] 0
88:
	(5,5) 3
	[1,1] 0
87:
	(6,4) 23
	[0,0] 1
86:
	(3,5) 21
	[0,0] 0
85:
	(24,3) 18
	[1,0] 0
84:
	(6,4) 50
	[0,0] 1
83:
	(3,5) 40
	[0,0] 0
82:
	(6,4) 17
	[0,0] 1
81:
	(3,5) 15
	[0,0] 0
80:
	(6,4) 31
	[0,0] 1
79:
	(3,5) 29
	[0,0] 0
78:
	(2,2) 27
	[0,0] 0
77:
	(2,2) 6
	[0,0] 0
76:
	(2,2) 40
	[0,0] 1
75:
	(21,4) 21
	[1,1] 0
74:
	(2,2) 18
	[0,0] 0
73:
	(2,2) 35
	[0,0] 0
72:
	(2,2) 21
	[0,0] 0

-----------------------------------
Sum of T(sa0)s: ∞
Sum of T(sa1)s: ∞
Testability index: ∞