0:
	(1,1) 1
	[0,0] 0
1:
	(1,1) ∞
	[0,0] ∞
x:
	(1,1) ∞
	[0,0] ∞
2:
	(1,1) 161
	[0,0] 4
3:
	(1,1) 162
	[0,0] 4
4:
	(1,1) 185
	[0,0] 4
5:
	(1,1) 171
	[0,0] 3
6:
	(1,1) 171
	[0,0] 3
7:
	(1,1) 171
	[0,0] 3
8:
	(1,1) 171
	[0,0] 3
9:
	(1,1) 171
	[0,0] 3
10:
	(1,1) 171
	[0,0] 3
11:
	(1,1) 171
	[0,0] 3
12:
	(1,1) 171
	[0,0] 3
13:
	(1,1) 171
	[0,0] 3
14:
	(1,1) 171
	[0,0] 3
15:
	(1,1) 171
	[0,0] 3
16:
	(1,1) 171
	[0,0] 3
17:
	(1,1) 171
	[0,0] 3
18:
	(1,1) 171
	[0,0] 3
19:
	(1,1) 171
	[0,0] 3
20:
	(1,1) 171
	[0,0] 3
21:
	(1,1) 171
	[0,0] 3
22:
	(1,1) 171
	[0,0] 3
23:
	(1,1) 171
	[0,0] 3
24:
	(1,1) 171
	[0,0] 3
25:
	(1,1) 171
	[0,0] 3
26:
	(1,1) 171
	[0,0] 3
27:
	(1,1) 171
	[0,0] 3
28:
	(1,1) 171
	[0,0] 3
29:
	(1,1) 171
	[0,0] 3
30:
	(1,1) 171
	[0,0] 3
31:
	(1,1) 171
	[0,0] 3
32:
	(1,1) 171
	[0,0] 3
33:
	(1,1) 171
	[0,0] 3
34:
	(1,1) 171
	[0,0] 3
35:
	(1,1) 171
	[0,0] 3
36:
	(1,1) 171
	[0,0] 3
37:
	(1,1) 171
	[0,0] 3
38:
	(1,1) 179
	[0,0] 3
39:
	(1,1) 179
	[0,0] 3
40:
	(1,1) 179
	[0,0] 3
41:
	(1,1) 179
	[0,0] 3
42:
	(1,1) 179
	[0,0] 3
43:
	(1,1) 179
	[0,0] 3
44:
	(1,1) 179
	[0,0] 3
45:
	(1,1) 179
	[0,0] 3
46:
	(1,1) 179
	[0,0] 3
47:
	(1,1) 179
	[0,0] 3
48:
	(1,1) 179
	[0,0] 3
49:
	(1,1) 179
	[0,0] 3
50:
	(1,1) 179
	[0,0] 3
51:
	(1,1) 179
	[0,0] 3
52:
	(1,1) 179
	[0,0] 3
53:
	(1,1) 179
	[0,0] 3
54:
	(1,1) 179
	[0,0] 3
55:
	(1,1) 179
	[0,0] 3
56:
	(1,1) 179
	[0,0] 3
57:
	(1,1) 179
	[0,0] 3
58:
	(1,1) 179
	[0,0] 3
59:
	(1,1) 179
	[0,0] 3
60:
	(1,1) 179
	[0,0] 3
61:
	(1,1) 179
	[0,0] 3
62:
	(1,1) 179
	[0,0] 3
63:
	(1,1) 179
	[0,0] 3
64:
	(1,1) 179
	[0,0] 3
65:
	(1,1) 179
	[0,0] 3
66:
	(1,1) 179
	[0,0] 3
67:
	(1,1) 179
	[0,0] 3
68:
	(1,1) 179
	[0,0] 3
69:
	(1,1) 179
	[0,0] 3
70:
	(1,1) 345
	[0,0] 51
71:
	(1,1) 345
	[0,0] 51
72:
	(1,1) 345
	[0,0] 51
73:
	(1,1) 345
	[0,0] 51
74:
	(1,1) 341
	[0,0] 55
75:
	(1,1) 341
	[0,0] 55
76:
	(1,1) 306
	[0,0] 49
77:
	(1,1) 319
	[0,0] 51
78:
	(1,1) 321
	[0,0] 51
79:
	(1,1) 319
	[0,0] 51
80:
	(1,1) 347
	[0,0] 53
81:
	(1,1) 347
	[0,0] 53
82:
	(1,1) 347
	[0,0] 53
83:
	(1,1) 347
	[0,0] 53
2098:
	(9,153) 17
	[0,2] 1
1938:
	(4,152) 22
	[0,2] 1
1222:
	(10,441) 11
	[1,59] 2
1132:
	(2,161) 24
	[0,3] 1
1464:
	(6,138) 340
	[1,10] 52
1737:
	(19,61) 313
	[2,10] 46
826:
	(2,2) 178
	[0,0] 3
1340:
	(6,451) 11
	[1,60] 2
1086:
	(3,2) 169
	[0,0] 3
2362:
	(3,77) 112
	[0,1] 3
1080:
	(3,2) 169
	[0,0] 3
759:
	(2,2) 178
	[0,0] 3
1820:
	(13,438) 4
	[2,58] 1
2212:
	(4,78) 102
	[0,1] 2
2278:
	(6,97) 101
	[0,3] 2
877:
	(129,5) 318
	[9,1] 49
849:
	(128,5) 318
	[9,1] 49
1846:
	(13,437) 4
	[2,58] 1
2508:
	(12,153) 14
	[0,2] 1
1502:
	(6,452) 11
	[1,60] 2
407:
	(4,83) 91
	[1,2] 1
2314:
	(6,96) 100
	[0,3] 2
1254:
	(12,266) 11
	[2,43] 2
763:
	(84,5) 90
	[2,1] 1
1421:
	(9,3) 171
	[1,0] 2
1721:
	(13,123) 323
	[2,8] 47
976:
	(158,5) 26
	[3,1] 1
1225:
	(8,60) 324
	[1,10] 47
1348:
	(6,452) 11
	[1,60] 2
650:
	(38,7) 275
	[6,1] 42
2399:
	(11,79) 95
	[0,1] 2
439:
	(4,128) 321
	[1,9] 46
1531:
	(6,893) 18
	[1,142] 3
1882:
	(11,330) 105
	[1,53] 2
741:
	(2,2) 178
	[0,0] 3
1508:
	(6,56) 327
	[1,8] 51
2161:
	(4,78) 102
	[0,1] 2
1797:
	(13,439) 4
	[2,58] 1
232:
	(4,446) 0
	[1,60] 0
2465:
	(11,80) 96
	[0,1] 2
803:
	(84,5) 90
	[2,1] 1
1816:
	(13,439) 4
	[2,58] 1
2610:
	(12,4151) 5583
	[2,676] 904
2660:
	(535,8) 1568
	[40,1] 148
2437:
	(11,79) 95
	[0,1] 2
2099:
	(9,151) 17
	[0,2] 1
2617:
	(12,185) 141
	[2,31] 20
914:
	(83,5) 89
	[2,1] 1
1483:
	(6,454) 11
	[1,60] 2
1424:
	(9,3) 171
	[1,0] 2
796:
	(84,5) 90
	[2,1] 1
1612:
	(6,123) 332
	[1,8] 48
572:
	(4,84) 92
	[1,2] 1
2541:
	(21,78) 94
	[1,1] 2
1035:
	(85,5) 91
	[2,1] 1
1867:
	(29,319) 385
	[6,51] 59
2149:
	(4,78) 102
	[0,1] 2
405:
	(4,83) 91
	[1,2] 1
1606:
	(6,123) 332
	[1,8] 48
2414:
	(15,78) 101
	[1,1] 2
2148:
	(4,78) 102
	[0,1] 2
2022:
	(4,152) 22
	[0,2] 1
1577:
	(6,123) 332
	[1,8] 48
721:
	(158,5) 26
	[3,1] 1
568:
	(4,84) 92
	[1,2] 1
2157:
	(4,78) 102
	[0,1] 2
2505:
	(11,79) 95
	[0,1] 2
2402:
	(14,78) 101
	[1,1] 2
169:
	(5,442) 0
	[1,59] 0
1942:
	(4,152) 22
	[0,2] 1
185:
	(5,442) 0
	[1,59] 0
1991:
	(74,5) 115
	[1,0] 3
1876:
	(27,313) 4
	[4,50] 1
686:
	(84,5) 89
	[2,1] 1
711:
	(84,5) 89
	[2,1] 1
306:
	(4,316) 0
	[1,50] 0
1824:
	(13,439) 4
	[2,58] 1
1367:
	(6,452) 11
	[1,60] 2
1246:
	(10,397) 105
	[1,53] 2
2555:
	(21,79) 94
	[1,1] 2
1305:
	(6,356) 11
	[1,56] 2
1452:
	(6,329) 25
	[1,53] 4
434:
	(4,127) 319
	[1,9] 46
1723:
	(13,124) 323
	[2,8] 47
193:
	(5,442) 0
	[1,59] 0
643:
	(11,309) 372
	[1,49] 59
2654:
	(19,129) 2084
	[4,9] 184
526:
	(4,83) 91
	[1,2] 1
1064:
	(442,5) 21
	[59,1] 3
1127:
	(2,161) 24
	[0,3] 1
905:
	(83,5) 89
	[2,1] 1
2551:
	(21,79) 94
	[1,1] 2
2663:
	(1489,8) 614
	[112,1] 76
2329:
	(3,77) 112
	[0,1] 3
1989:
	(11,69) 185
	[1,0] 4
281:
	(4,271) 0
	[1,44] 0
1735:
	(13,437) 4
	[2,58] 1
1023:
	(159,5) 26
	[3,1] 1
2025:
	(4,150) 22
	[0,2] 1
2158:
	(4,78) 102
	[0,1] 2
1001:
	(444,5) 21
	[59,1] 3
1861:
	(317,10) 118
	[51,1] 4
637:
	(6,1521) 135
	[1,254] 19
460:
	(4,82) 90
	[1,2] 1
1430:
	(9,3) 171
	[1,0] 2
968:
	(159,5) 26
	[3,1] 1
176:
	(5,444) 0
	[1,59] 0
141:
	(4,441) 0
	[1,59] 0
1478:
	(6,452) 11
	[1,60] 2
937:
	(84,5) 90
	[2,1] 1
588:
	(6,9121) 597
	[1,1485] 92
1986:
	(69,10) 113
	[0,1] 3
2237:
	(6,96) 100
	[0,3] 2
429:
	(4,128) 321
	[1,9] 50
2269:
	(6,97) 101
	[0,3] 2
1420:
	(9,3) 171
	[1,0] 2
861:
	(128,5) 320
	[9,1] 49
2499:
	(11,79) 95
	[0,1] 2
472:
	(4,83) 90
	[1,2] 1
2230:
	(6,96) 100
	[0,3] 2
422:
	(4,83) 91
	[1,2] 1
680:
	(2,2) 318
	[0,0] 51
1743:
	(13,438) 4
	[2,58] 1
1969:
	(4,151) 22
	[0,2] 1
2001:
	(4,152) 22
	[0,2] 1
1382:
	(6,454) 11
	[1,60] 2
2629:
	(129,5) 1974
	[9,1] 179
96:
	(4,158) 0
	[1,3] 0
2379:
	(14,78) 101
	[1,1] 2
2048:
	(4,154) 22
	[0,2] 1
1206:
	(10,442) 11
	[1,59] 2
2226:
	(6,96) 100
	[0,3] 2
2075:
	(9,152) 17
	[0,2] 1
797:
	(444,5) 21
	[59,1] 3
1391:
	(6,454) 11
	[1,60] 2
191:
	(5,444) 0
	[1,59] 0
363:
	(4,128) 321
	[1,9] 46
1902:
	(18,581) 4
	[2,92] 1
1994:
	(4,152) 22
	[0,2] 1
2311:
	(6,96) 100
	[0,3] 2
2000:
	(4,150) 22
	[0,2] 1
883:
	(129,5) 318
	[9,1] 49
1377:
	(6,452) 11
	[1,60] 2
2432:
	(11,79) 95
	[0,1] 2
2424:
	(11,79) 95
	[0,1] 2
505:
	(4,83) 91
	[1,2] 1
693:
	(130,15) 318
	[9,2] 51
1140:
	(133,9) 320
	[10,2] 45
278:
	(4,333) 0
	[1,53] 0
2078:
	(9,153) 17
	[0,2] 1
150:
	(4,441) 0
	[1,59] 0
2613:
	(10,280) 9454
	[2,46] 1534
1740:
	(13,124) 323
	[2,8] 47
1889:
	(3,15) 333
	[0,0] 53
2482:
	(11,79) 95
	[0,1] 2
1014:
	(158,5) 26
	[3,1] 1
1702:
	(13,124) 323
	[2,8] 47
1248:
	(10,396) 105
	[1,53] 2
1709:
	(13,124) 323
	[2,8] 47
917:
	(84,5) 90
	[2,1] 1
129:
	(4,441) 0
	[1,59] 0
851:
	(129,5) 320
	[9,1] 49
1716:
	(17,4417) 5311
	[2,719] 860
942:
	(85,5) 91
	[2,1] 1
2238:
	(6,96) 100
	[0,3] 2
374:
	(4,128) 321
	[1,9] 46
276:
	(4,317) 0
	[1,51] 0
1720:
	(17,546) 9182
	[2,89] 1490
2210:
	(4,78) 102
	[0,1] 2
1813:
	(13,439) 4
	[2,58] 1
1844:
	(13,355) 4
	[2,56] 1
2046:
	(4,152) 22
	[0,2] 1
1026:
	(315,5) 18
	[50,1] 2
298:
	(5,444) 0
	[1,59] 0
927:
	(84,5) 90
	[2,1] 1
2563:
	(21,78) 94
	[1,1] 2
1441:
	(6,458) 15
	[1,61] 2
1097:
	(3,2) 169
	[0,0] 3
425:
	(4,250) 31
	[1,41] 4
383:
	(4,128) 319
	[1,9] 46
2657:
	(143,7) 1960
	[12,1] 176
2205:
	(4,78) 102
	[0,1] 2
667:
	(129,5) 320
	[9,1] 49
1920:
	(3,67) 119
	[0,0] 4
812:
	(159,5) 26
	[3,1] 1
806:
	(84,5) 90
	[2,1] 1
502:
	(4,17693) 599
	[1,2880] 92
2501:
	(11,79) 95
	[0,1] 2
2216:
	(4,79) 103
	[0,1] 2
2027:
	(4,154) 22
	[0,2] 1
1020:
	(85,5) 91
	[2,1] 1
2573:
	(22,154) 4
	[0,2] 1
1551:
	(6,436) 11
	[1,58] 2
2206:
	(4,79) 103
	[0,1] 2
1017:
	(85,5) 91
	[2,1] 1
1087:
	(3,2) 169
	[0,0] 3
1079:
	(3,2) 594
	[0,0] 95
1167:
	(133,9) 320
	[10,2] 45
1535:
	(6,438) 11
	[1,58] 2
1146:
	(53,11) 558
	[8,2] 63
897:
	(83,5) 89
	[2,1] 1
2597:
	(22,153) 4
	[0,2] 1
1163:
	(133,9) 320
	[10,2] 45
576:
	(190,5) 136
	[32,1] 19
1827:
	(13,437) 4
	[2,58] 1
438:
	(4,128) 319
	[1,9] 46
437:
	(4,127) 319
	[1,9] 46
935:
	(83,5) 89
	[2,1] 1
1967:
	(4,152) 22
	[0,2] 1
1655:
	(9,3) 171
	[1,0] 2
2473:
	(11,80) 96
	[0,1] 2
287:
	(4,333) 0
	[1,53] 0
1609:
	(6,123) 332
	[1,8] 48
444:
	(4,128) 319
	[1,9] 46
1492:
	(6,325) 8
	[1,51] 1
256:
	(5,442) 0
	[1,59] 0
1582:
	(6,123) 330
	[1,8] 48
2040:
	(4,154) 22
	[0,2] 1
1519:
	(6,329) 25
	[1,53] 4
1100:
	(6,278) 29
	[1,45] 4
1299:
	(6,137) 330
	[1,10] 48
87:
	(4,157) 0
	[1,3] 0
1670:
	(10,42) 323
	[1,6] 49
1675:
	(18,446) 4
	[2,59] 1
266:
	(5,442) 0
	[1,59] 0
2385:
	(14,78) 101
	[1,1] 2
1314:
	(6,436) 11
	[1,58] 2
2441:
	(11,79) 95
	[0,1] 2
1786:
	(13,124) 325
	[2,8] 49
963:
	(85,5) 91
	[2,1] 1
408:
	(4,83) 91
	[1,2] 1
1236:
	(10,397) 105
	[1,53] 2
1423:
	(9,3) 171
	[1,0] 2
1803:
	(13,124) 325
	[2,8] 47
2545:
	(21,79) 94
	[1,1] 2
1661:
	(9,3) 171
	[1,0] 2
1204:
	(10,442) 11
	[1,59] 2
2552:
	(21,79) 94
	[1,1] 2
2521:
	(12,153) 14
	[0,2] 1
1329:
	(6,435) 11
	[1,58] 2
1517:
	(6,56) 327
	[1,8] 49
2348:
	(6,95) 109
	[0,3] 3
1499:
	(6,136) 332
	[1,10] 48
1564:
	(6,123) 330
	[1,8] 48
1993:
	(4,152) 22
	[0,2] 1
665:
	(128,5) 318
	[9,1] 49
1170:
	(8,3) 166
	[0,0] 3
1712:
	(17,35382) 603
	[2,5759] 93
2380:
	(17,95) 98
	[1,3] 2
2382:
	(14,78) 101
	[1,1] 2
1729:
	(13,123) 325
	[2,8] 51
2344:
	(3,77) 112
	[0,1] 3
2154:
	(4,78) 102
	[0,1] 2
1121:
	(2,161) 24
	[0,3] 1
1180:
	(136,21) 320
	[10,3] 51
155:
	(4,440) 0
	[1,59] 0
197:
	(4,442) 0
	[1,59] 0
113:
	(4,157) 0
	[1,3] 0
662:
	(129,5) 318
	[9,1] 49
1219:
	(10,442) 11
	[1,59] 2
561:
	(4,84) 92
	[1,2] 1
1384:
	(10,442) 11
	[1,59] 2
2279:
	(6,97) 101
	[0,3] 2
2276:
	(6,97) 101
	[0,3] 2
1330:
	(6,435) 11
	[1,58] 2
2525:
	(12,152) 14
	[0,2] 1
2150:
	(4,78) 102
	[0,1] 2
476:
	(4,83) 90
	[1,2] 1
713:
	(159,5) 26
	[3,1] 1
2602:
	(22,78) 94
	[1,1] 2
2599:
	(22,154) 4
	[0,2] 1
775:
	(444,5) 23
	[59,1] 3
1959:
	(4,152) 22
	[0,2] 1
1176:
	(7,3) 165
	[0,0] 3
570:
	(4,84) 92
	[1,2] 1
2390:
	(17,95) 98
	[1,3] 2
2459:
	(11,80) 96
	[0,1] 2
1263:
	(15,4) 157
	[0,0] 3
1484:
	(6,454) 11
	[1,60] 2
356:
	(4,128) 321
	[1,9] 46
1952:
	(4,154) 22
	[0,2] 1
1203:
	(10,441) 11
	[1,59] 2
1692:
	(13,124) 323
	[2,8] 49
982:
	(442,5) 21
	[59,1] 3
295:
	(2,2) 0
	[0,0] 0
1103:
	(10,252) 303
	[2,41] 46
858:
	(128,5) 318
	[9,1] 49
2228:
	(6,96) 100
	[0,3] 2
1399:
	(6,454) 11
	[1,60] 2
2302:
	(6,96) 100
	[0,3] 2
2264:
	(6,97) 101
	[0,3] 2
1562:
	(6,438) 11
	[1,58] 2
293:
	(2,2) 0
	[0,0] 0
822:
	(2,2) 178
	[0,0] 3
681:
	(129,5) 320
	[9,1] 49
1394:
	(6,452) 11
	[1,60] 2
359:
	(4,128) 321
	[1,9] 46
1465:
	(6,458) 15
	[1,61] 2
2450:
	(11,80) 96
	[0,1] 2
367:
	(4,128) 321
	[1,9] 46
2395:
	(14,78) 101
	[1,1] 2
1369:
	(6,138) 332
	[1,10] 48
2509:
	(12,153) 14
	[0,2] 1
1134:
	(5,3) 171
	[0,0] 3
1229:
	(10,396) 105
	[1,53] 2
928:
	(296,5) 40
	[47,1] 5
1947:
	(4,154) 22
	[0,2] 1
2203:
	(4,78) 102
	[0,1] 2
1678:
	(13,437) 4
	[2,58] 1
387:
	(4,46) 319
	[1,7] 48
1964:
	(4,152) 22
	[0,2] 1
2376:
	(6,95) 110
	[0,3] 3
1676:
	(13,438) 4
	[2,58] 1
1731:
	(13,124) 323
	[2,8] 47
2199:
	(4,79) 103
	[0,1] 2
2649:
	(133,6) 1970
	[10,1] 178
1461:
	(6,459) 15
	[1,61] 2
2468:
	(11,80) 96
	[0,1] 2
2247:
	(6,96) 100
	[0,3] 2
714:
	(2,2) 178
	[0,0] 3
164:
	(5,442) 0
	[1,59] 0
1168:
	(132,9) 320
	[10,2] 45
1739:
	(13,124) 325
	[2,8] 47
567:
	(4,84) 92
	[1,2] 1
1958:
	(4,151) 22
	[0,2] 1
2275:
	(6,97) 101
	[0,3] 2
983:
	(158,5) 26
	[3,1] 1
656:
	(129,5) 320
	[9,1] 49
813:
	(158,5) 26
	[3,1] 1
2142:
	(4,78) 102
	[0,1] 2
2195:
	(4,79) 103
	[0,1] 2
1866:
	(11,3) 337
	[0,0] 53
1240:
	(10,397) 105
	[1,53] 2
158:
	(4,441) 0
	[1,59] 0
2225:
	(6,96) 100
	[0,3] 2
2369:
	(6,94) 109
	[0,3] 3
579:
	(9,382) 121
	[2,64] 16
2519:
	(12,153) 14
	[0,2] 1
2491:
	(11,79) 95
	[0,1] 2
876:
	(47,5) 318
	[7,1] 50
1610:
	(6,123) 332
	[1,8] 48
1488:
	(6,452) 11
	[1,60] 2
361:
	(4,128) 319
	[1,9] 46
2594:
	(22,154) 4
	[0,2] 1
565:
	(4,84) 92
	[1,2] 1
1997:
	(4,150) 22
	[0,2] 1
1337:
	(6,454) 11
	[1,60] 2
2117:
	(9,152) 17
	[0,2] 1
900:
	(586,5) 40
	[93,1] 5
2457:
	(11,80) 96
	[0,1] 2
1233:
	(10,396) 105
	[1,53] 2
563:
	(4,84) 92
	[1,2] 1
2071:
	(9,152) 17
	[0,2] 1
824:
	(448,5) 27
	[60,1] 3
464:
	(4,82) 90
	[1,2] 1
761:
	(2,2) 369
	[0,0] 56
1271:
	(6,138) 332
	[1,10] 48
825:
	(448,5) 27
	[60,1] 3
1276:
	(6,138) 330
	[1,10] 48
1027:
	(8846,5) 897
	[1440,1] 140
2268:
	(6,97) 101
	[0,3] 2
2289:
	(6,96) 100
	[0,3] 2
793:
	(448,5) 25
	[60,1] 3
1555:
	(6,436) 11
	[1,58] 2
2659:
	(289,8) 1814
	[24,1] 164
1262:
	(53,21) 382
	[8,4] 47
2272:
	(6,97) 101
	[0,3] 2
1021:
	(444,5) 21
	[59,1] 3
1632:
	(6,123) 330
	[1,8] 48
2570:
	(22,154) 4
	[0,2] 1
177:
	(5,444) 0
	[1,59] 0
184:
	(5,444) 0
	[1,59] 0
1067:
	(3,2) 169
	[0,0] 3
180:
	(5,445) 0
	[1,59] 0
1748:
	(19,267) 4
	[3,43] 1
1228:
	(10,397) 105
	[1,53] 2
423:
	(4,83) 91
	[1,2] 1
2038:
	(4,150) 22
	[0,2] 1
1169:
	(14,318) 400
	[3,51] 62
418:
	(4,83) 91
	[1,2] 1
1708:
	(13,124) 325
	[2,8] 47
430:
	(4,128) 319
	[1,9] 48
2392:
	(14,78) 101
	[1,1] 2
2020:
	(4,152) 22
	[0,2] 1
1312:
	(6,436) 11
	[1,58] 2
2177:
	(4,79) 103
	[0,1] 2
186:
	(5,442) 0
	[1,59] 0
299:
	(5,442) 0
	[1,59] 0
2087:
	(9,152) 17
	[0,2] 1
2310:
	(6,96) 100
	[0,3] 2
2297:
	(6,96) 100
	[0,3] 2
1110:
	(2,160) 24
	[0,3] 1
2615:
	(12,761) 130
	[2,127] 18
2009:
	(4,152) 22
	[0,2] 1
261:
	(5,442) 0
	[1,59] 0
2074:
	(9,153) 17
	[0,2] 1
1864:
	(24,245) 53
	[3,40] 6
2221:
	(6,96) 100
	[0,3] 2
2003:
	(4,154) 22
	[0,2] 1
2351:
	(3,77) 112
	[0,1] 3
368:
	(4,128) 319
	[1,9] 46
2543:
	(21,79) 94
	[1,1] 2
1812:
	(13,312) 18
	[2,50] 3
2455:
	(11,80) 96
	[0,1] 2
1884:
	(11,318) 105
	[1,51] 2
1207:
	(10,442) 11
	[1,59] 2
1646:
	(9,3) 171
	[1,0] 2
2110:
	(9,153) 17
	[0,2] 1
1674:
	(10,42) 323
	[1,6] 51
2490:
	(11,79) 95
	[0,1] 2
2577:
	(22,154) 4
	[0,2] 1
379:
	(4,128) 321
	[1,9] 46
679:
	(129,5) 320
	[9,1] 49
480:
	(4,82) 90
	[1,2] 1
2566:
	(21,78) 94
	[1,1] 2
857:
	(128,5) 318
	[9,1] 49
474:
	(4,83) 90
	[1,2] 1
2186:
	(4,79) 103
	[0,1] 2
1368:
	(6,138) 330
	[1,10] 48
2090:
	(9,151) 17
	[0,2] 1
1332:
	(6,438) 11
	[1,58] 2
473:
	(4,83) 90
	[1,2] 1
2640:
	(134,6) 1969
	[10,1] 178
837:
	(4152,13) 5582
	[676,2] 904
535:
	(4,83) 91
	[1,2] 1
1185:
	(6,553) 116
	[1,89] 2
1408:
	(6,138) 330
	[1,10] 48
520:
	(4,83) 91
	[1,2] 1
2086:
	(9,153) 17
	[0,2] 1
1350:
	(6,138) 330
	[1,10] 48
2493:
	(11,79) 95
	[0,1] 2
781:
	(441,5) 21
	[59,1] 3
2076:
	(9,153) 17
	[0,2] 1
817:
	(2,2) 178
	[0,0] 3
2364:
	(3,77) 112
	[0,1] 3
1945:
	(4,151) 22
	[0,2] 1
365:
	(4,128) 319
	[1,9] 46
764:
	(444,5) 21
	[59,1] 3
462:
	(4,83) 90
	[1,2] 1
641:
	(308,10) 14
	[49,1] 2
908:
	(84,5) 90
	[2,1] 1
2128:
	(4,79) 103
	[0,1] 2
1905:
	(14,19) 318
	[0,3] 48
1870:
	(286,22) 303
	[46,3] 48
1948:
	(4,152) 22
	[0,2] 1
1226:
	(10,397) 105
	[1,53] 2
1540:
	(6,436) 11
	[1,58] 2
843:
	(129,5) 318
	[9,1] 51
137:
	(4,441) 0
	[1,59] 0
1825:
	(13,437) 4
	[2,58] 1
2146:
	(4,78) 102
	[0,1] 2
1058:
	(442,5) 21
	[59,1] 3
1516:
	(6,452) 11
	[1,60] 2
1626:
	(6,122) 330
	[1,8] 48
2178:
	(4,79) 103
	[0,1] 2
2141:
	(4,79) 103
	[0,1] 2
1088:
	(9,334) 405
	[2,53] 63
1054:
	(362,5) 21
	[57,1] 3
1777:
	(17,443) 4
	[2,59] 1
93:
	(4,157) 0
	[1,3] 0
2428:
	(11,79) 95
	[0,1] 2
2280:
	(6,97) 101
	[0,3] 2
1962:
	(4,152) 22
	[0,2] 1
672:
	(2,2) 172
	[0,0] 3
2591:
	(22,153) 4
	[0,2] 1
2515:
	(12,153) 14
	[0,2] 1
262:
	(5,444) 0
	[1,59] 0
633:
	(370,11) 137
	[62,2] 19
1257:
	(19,318) 395
	[4,51] 61
1463:
	(6,457) 15
	[1,61] 2
969:
	(447,5) 27
	[60,1] 3
1704:
	(13,123) 323
	[2,8] 49
2032:
	(4,154) 22
	[0,2] 1
1316:
	(6,437) 11
	[1,58] 2
980:
	(443,5) 23
	[59,1] 3
2084:
	(9,153) 17
	[0,2] 1
593:
	(2210,5) 7518
	[360,1] 1219
2418:
	(11,79) 95
	[0,1] 2
1364:
	(6,136) 332
	[1,10] 48
1800:
	(13,124) 333
	[2,8] 51
1111:
	(2,161) 24
	[0,3] 1
1024:
	(35387,5) 623
	[5760,1] 95
1346:
	(6,461) 16
	[1,61] 2
1192:
	(7,3) 165
	[0,0] 3
2298:
	(6,96) 100
	[0,3] 2
101:
	(4,157) 0
	[1,3] 0
869:
	(129,5) 318
	[9,1] 49
865:
	(129,5) 318
	[9,1] 49
1698:
	(13,124) 323
	[2,8] 47
2397:
	(14,78) 101
	[1,1] 2
1828:
	(13,439) 4
	[2,58] 1
938:
	(444,5) 21
	[59,1] 3
2192:
	(4,79) 103
	[0,1] 2
1396:
	(9,440) 11
	[1,59] 2
315:
	(2,2) 0
	[0,0] 0
919:
	(84,5) 90
	[2,1] 1
2497:
	(11,79) 95
	[0,1] 2
2190:
	(4,78) 102
	[0,1] 2
1275:
	(6,137) 332
	[1,10] 48
653:
	(128,5) 320
	[9,1] 50
627:
	(82,11) 248
	[14,2] 38
2318:
	(3,77) 112
	[0,1] 3
2561:
	(21,78) 94
	[1,1] 2
2235:
	(6,96) 100
	[0,3] 2
1851:
	(13,355) 4
	[2,56] 1
913:
	(83,5) 89
	[2,1] 1
542:
	(4,765) 126
	[1,128] 17
589:
	(11,9122) 592
	[2,1485] 91
1951:
	(4,152) 22
	[0,2] 1
1826:
	(13,437) 4
	[2,58] 1
1339:
	(6,453) 11
	[1,60] 2
733:
	(448,5) 25
	[60,1] 3
1325:
	(6,438) 11
	[1,58] 2
200:
	(4,440) 0
	[1,59] 0
2006:
	(4,152) 22
	[0,2] 1
1286:
	(6,138) 330
	[1,10] 48
1819:
	(13,439) 4
	[2,58] 1
1680:
	(13,439) 4
	[2,58] 1
1638:
	(10,4416) 5318
	[1,719] 861
110:
	(4,158) 0
	[1,3] 0
786:
	(441,5) 23
	[59,1] 3
426:
	(4,294) 26
	[1,47] 4
677:
	(129,5) 320
	[9,1] 49
1457:
	(6,372) 11
	[1,58] 2
152:
	(4,442) 0
	[1,59] 0
2645:
	(257,6) 1846
	[18,1] 170
1198:
	(133,9) 320
	[10,2] 45
2630:
	(129,5) 1974
	[9,1] 179
456:
	(4,128) 321
	[1,9] 46
1599:
	(6,123) 332
	[1,8] 52
2004:
	(4,152) 22
	[0,2] 1
719:
	(442,5) 21
	[59,1] 3
1445:
	(6,458) 15
	[1,61] 2
1380:
	(6,452) 11
	[1,60] 2
2105:
	(9,152) 17
	[0,2] 1
156:
	(4,440) 0
	[1,59] 0
1383:
	(6,138) 332
	[1,10] 48
1074:
	(3,2) 169
	[0,0] 3
2558:
	(21,79) 94
	[1,1] 2
500:
	(4,4421) 5307
	[1,720] 859
1906:
	(17,303) 60
	[1,46] 8
2609:
	(12,8575) 1149
	[2,1396] 182
2324:
	(3,77) 112
	[0,1] 3
1636:
	(10,17688) 610
	[1,2879] 94
112:
	(4,158) 0
	[1,3] 0
1792:
	(13,436) 4
	[2,58] 1
2516:
	(12,153) 14
	[0,2] 1
470:
	(4,83) 90
	[1,2] 1
2387:
	(14,78) 101
	[1,1] 2
1849:
	(13,439) 4
	[2,58] 1
878:
	(129,5) 320
	[9,1] 49
1815:
	(10,310) 4
	[1,49] 1
1596:
	(6,122) 332
	[1,8] 48
1164:
	(133,9) 320
	[10,2] 45
844:
	(129,5) 320
	[9,1] 49
2256:
	(6,97) 101
	[0,3] 2
898:
	(84,5) 90
	[2,1] 1
896:
	(84,5) 90
	[2,1] 1
1342:
	(6,454) 11
	[1,60] 2
233:
	(4,446) 0
	[1,60] 0
712:
	(2,2) 369
	[0,0] 56
1451:
	(6,458) 15
	[1,61] 2
798:
	(2,2) 178
	[0,0] 3
2650:
	(19,129) 2084
	[4,9] 184
1113:
	(2,161) 24
	[0,3] 1
607:
	(6,8567) 1161
	[1,1395] 184
1950:
	(4,154) 22
	[0,2] 1
303:
	(5,444) 0
	[1,59] 0
1837:
	(13,439) 4
	[2,58] 1
1130:
	(2,161) 24
	[0,3] 1
2467:
	(11,80) 96
	[0,1] 2
419:
	(4,83) 91
	[1,2] 1
776:
	(84,5) 90
	[2,1] 1
1015:
	(444,5) 21
	[59,1] 3
1985:
	(11,70) 187
	[1,0] 4
1412:
	(16,308) 41
	[2,49] 5
2623:
	(128,5) 1975
	[9,1] 179
1355:
	(6,327) 8
	[1,51] 1
2296:
	(6,96) 100
	[0,3] 2
2307:
	(6,96) 100
	[0,3] 2
2301:
	(6,96) 100
	[0,3] 2
1796:
	(13,124) 323
	[2,8] 47
1190:
	(285,9) 22
	[46,1] 3
751:
	(2,2) 369
	[0,0] 58
815:
	(159,5) 26
	[3,1] 1
1215:
	(11,443) 11
	[1,59] 2
107:
	(4,158) 0
	[1,3] 0
1978:
	(4,152) 22
	[0,2] 1
1802:
	(13,328) 4
	[2,52] 1
412:
	(4,83) 91
	[1,2] 1
2611:
	(12,1939) 7795
	[2,316] 1264
1485:
	(6,454) 11
	[1,60] 2
1300:
	(6,435) 11
	[1,58] 2
95:
	(4,158) 0
	[1,3] 0
1883:
	(11,318) 105
	[1,51] 2
696:
	(84,5) 89
	[2,1] 1
206:
	(4,441) 0
	[1,59] 0
1963:
	(4,154) 22
	[0,2] 1
1061:
	(443,5) 21
	[59,1] 3
2366:
	(3,77) 112
	[0,1] 3
2185:
	(4,79) 103
	[0,1] 2
1179:
	(5,2) 343
	[0,0] 53
1854:
	(13,355) 4
	[2,56] 1
1805:
	(13,328) 4
	[2,52] 1
975:
	(84,5) 90
	[2,1] 1
2462:
	(11,80) 96
	[0,1] 2
915:
	(584,5) 39
	[93,1] 5
2204:
	(4,78) 102
	[0,1] 2
821:
	(442,5) 21
	[59,1] 3
2253:
	(6,97) 101
	[0,3] 2
808:
	(85,5) 91
	[2,1] 1
1063:
	(444,5) 21
	[59,1] 3
1139:
	(134,11) 320
	[10,2] 51
2417:
	(15,78) 101
	[1,1] 2
1575:
	(6,123) 330
	[1,8] 48
2452:
	(11,80) 96
	[0,1] 2
834:
	(2,2) 340
	[0,0] 55
771:
	(442,5) 21
	[59,1] 3
1458:
	(6,138) 342
	[1,10] 52
939:
	(448,5) 25
	[60,1] 3
2042:
	(4,152) 22
	[0,2] 1
1771:
	(17,442) 4
	[2,59] 1
1360:
	(6,453) 11
	[1,60] 2
2080:
	(9,153) 17
	[0,2] 1
243:
	(4,445) 0
	[1,60] 0
1887:
	(291,9) 298
	[46,1] 48
973:
	(446,5) 26
	[60,1] 3
385:
	(4,46) 319
	[1,7] 50
1734:
	(18,445) 4
	[2,59] 1
934:
	(84,5) 89
	[2,1] 1
160:
	(4,443) 0
	[1,59] 0
2404:
	(17,95) 98
	[1,3] 2
1321:
	(3,311) 11
	[0,49] 2
2051:
	(4,154) 22
	[0,2] 1
1749:
	(13,124) 325
	[2,8] 47
384:
	(4,46) 319
	[1,7] 50
784:
	(2,2) 178
	[0,0] 3
2652:
	(269,7) 1834
	[20,1] 168
481:
	(4,82) 90
	[1,2] 1
854:
	(129,5) 320
	[9,1] 49
2506:
	(11,79) 95
	[0,1] 2
1230:
	(10,397) 105
	[1,53] 2
163:
	(4,441) 0
	[1,59] 0
1818:
	(13,439) 4
	[2,58] 1
153:
	(4,442) 0
	[1,59] 0
2072:
	(9,153) 17
	[0,2] 1
2389:
	(17,95) 98
	[1,3] 2
1728:
	(13,124) 323
	[2,8] 47
853:
	(129,5) 318
	[9,1] 49
311:
	(5,360) 0
	[1,57] 0
144:
	(4,443) 0
	[1,59] 0
2489:
	(11,79) 95
	[0,1] 2
466:
	(4,82) 90
	[1,2] 1
631:
	(6,369) 142
	[1,62] 20
2401:
	(14,78) 101
	[1,1] 2
584:
	(9,2210) 9459
	[2,360] 1535
1309:
	(6,435) 11
	[1,58] 2
2664:
	(9,1779) 324
	[1,136] 52
2582:
	(22,154) 4
	[0,2] 1
491:
	(4,83) 90
	[1,2] 1
1785:
	(17,442) 4
	[2,59] 1
729:
	(2,2) 178
	[0,0] 3
2236:
	(6,96) 100
	[0,3] 2
2460:
	(11,80) 96
	[0,1] 2
492:
	(4,46) 290
	[1,7] 47
1607:
	(6,123) 330
	[1,8] 48
1335:
	(3,288) 19
	[0,46] 3
2187:
	(4,78) 102
	[0,1] 2
925:
	(84,5) 89
	[2,1] 1
1224:
	(10,442) 11
	[1,59] 2
527:
	(4,83) 91
	[1,2] 1
2658:
	(414,8) 1689
	[32,1] 156
2068:
	(9,153) 17
	[0,2] 1
1307:
	(6,437) 11
	[1,58] 2
1717:
	(13,123) 323
	[2,8] 47
1699:
	(13,124) 323
	[2,8] 47
1094:
	(2,161) 24
	[0,3] 1
1178:
	(7,3) 165
	[0,0] 3
1266:
	(6,437) 11
	[1,58] 2
1971:
	(4,152) 22
	[0,2] 1
523:
	(4,83) 91
	[1,2] 1
1182:
	(9,3) 167
	[0,0] 3
2576:
	(22,154) 4
	[0,2] 1
840:
	(26,5) 281
	[4,1] 44
1931:
	(4,152) 22
	[0,2] 1
2625:
	(129,5) 1974
	[9,1] 179
2478:
	(11,79) 95
	[0,1] 2
581:
	(6,202) 124
	[1,34] 17
2126:
	(4,79) 103
	[0,1] 2
1605:
	(8,244) 69
	[1,40] 8
2300:
	(6,96) 100
	[0,3] 2
1814:
	(13,328) 18
	[2,52] 3
84:
	(4,157) 0
	[1,3] 0
484:
	(4,83) 90
	[1,2] 1
1455:
	(6,138) 332
	[1,10] 50
2514:
	(12,152) 14
	[0,2] 1
2123:
	(4,79) 103
	[0,1] 2
940:
	(444,5) 23
	[59,1] 3
1934:
	(4,150) 22
	[0,2] 1
2644:
	(134,6) 1969
	[10,1] 178
2223:
	(6,96) 100
	[0,3] 2
2091:
	(9,151) 17
	[0,2] 1
234:
	(4,447) 0
	[1,60] 0
601:
	(6,1931) 7797
	[1,315] 1264
1563:
	(6,438) 11
	[1,58] 2
1903:
	(17,579) 4
	[2,92] 1
215:
	(4,448) 0
	[1,60] 0
2564:
	(21,78) 94
	[1,1] 2
823:
	(444,5) 23
	[59,1] 3
142:
	(4,441) 0
	[1,59] 0
2175:
	(4,79) 103
	[0,1] 2
1310:
	(6,435) 11
	[1,58] 2
2147:
	(4,79) 103
	[0,1] 2
1614:
	(6,123) 330
	[1,8] 48
2662:
	(1220,8) 883
	[92,1] 96
1447:
	(6,458) 15
	[1,61] 2
1059:
	(84,5) 90
	[2,1] 1
317:
	(5,443) 0
	[1,59] 0
1758:
	(17,443) 4
	[2,59] 1
485:
	(4,83) 90
	[1,2] 1
1076:
	(3,2) 169
	[0,0] 3
2106:
	(9,153) 17
	[0,2] 1
1353:
	(6,138) 330
	[1,10] 48
147:
	(4,441) 0
	[1,59] 0
1705:
	(13,124) 323
	[2,8] 47
145:
	(4,443) 0
	[1,59] 0
2371:
	(6,94) 110
	[0,3] 3
1165:
	(133,9) 320
	[10,2] 45
1216:
	(11,444) 11
	[1,59] 2
250:
	(4,359) 0
	[1,57] 0
1843:
	(13,437) 4
	[2,58] 1
737:
	(2,2) 369
	[0,0] 58
2290:
	(6,96) 100
	[0,3] 2
1929:
	(4,151) 22
	[0,2] 1
291:
	(5,360) 0
	[1,57] 0
678:
	(129,5) 318
	[9,1] 49
397:
	(4,83) 91
	[1,2] 1
496:
	(4,272) 9456
	[1,45] 1534
943:
	(159,5) 26
	[3,1] 1
2016:
	(4,151) 22
	[0,2] 1
2549:
	(21,78) 94
	[1,1] 2
2194:
	(4,78) 102
	[0,1] 2
992:
	(85,5) 91
	[2,1] 1
352:
	(14,129) 321
	[2,9] 51
645:
	(308,10) 59
	[49,1] 9
922:
	(84,5) 90
	[2,1] 1
562:
	(4,84) 92
	[1,2] 1
1547:
	(11,439) 11
	[1,58] 2
211:
	(4,441) 0
	[1,59] 0
1956:
	(4,154) 22
	[0,2] 1
1334:
	(6,311) 25
	[1,50] 4
953:
	(85,5) 91
	[2,1] 1
1150:
	(133,9) 320
	[10,2] 45
1093:
	(2,161) 24
	[0,3] 1
455:
	(4,128) 321
	[1,9] 46
610:
	(6,17415) 887
	[1,2835] 139
995:
	(158,5) 26
	[3,1] 1
1808:
	(13,328) 11
	[2,52] 2
979:
	(159,5) 26
	[3,1] 1
1573:
	(6,123) 332
	[1,8] 48
1297:
	(6,136) 330
	[1,10] 48
687:
	(84,5) 90
	[2,1] 1
140:
	(4,443) 0
	[1,59] 0
2647:
	(134,6) 1969
	[10,1] 178
1498:
	(6,452) 11
	[1,60] 2
1148:
	(132,9) 320
	[10,2] 45
1341:
	(6,136) 332
	[1,10] 48
532:
	(4,83) 91
	[1,2] 1
1750:
	(13,357) 4
	[2,56] 1
2144:
	(4,78) 102
	[0,1] 2
907:
	(84,5) 90
	[2,1] 1
987:
	(441,5) 21
	[59,1] 3
290:
	(5,360) 0
	[1,57] 0
1852:
	(13,437) 4
	[2,58] 1
2547:
	(21,79) 94
	[1,1] 2
1175:
	(7,3) 165
	[0,0] 3
1801:
	(13,439) 4
	[2,58] 1
2639:
	(134,6) 1969
	[10,1] 178
1089:
	(3,2) 169
	[0,0] 3
2218:
	(4,79) 103
	[0,1] 2
548:
	(4,84) 92
	[1,2] 1
1462:
	(6,458) 15
	[1,61] 2
1426:
	(9,3) 171
	[1,0] 2
1450:
	(6,138) 330
	[1,10] 48
1025:
	(448,5) 25
	[60,1] 3
799:
	(2,2) 178
	[0,0] 3
2624:
	(128,5) 1975
	[9,1] 179
2370:
	(3,77) 112
	[0,1] 3
1685:
	(13,123) 323
	[2,8] 47
2067:
	(9,151) 17
	[0,2] 1
1690:
	(13,124) 325
	[2,8] 47
2431:
	(11,79) 95
	[0,1] 2
1791:
	(13,437) 4
	[2,58] 1
2381:
	(17,95) 98
	[1,3] 2
2127:
	(4,79) 103
	[0,1] 2
2412:
	(11,79) 95
	[0,1] 2
231:
	(4,447) 0
	[1,60] 0
658:
	(128,5) 318
	[9,1] 49
2095:
	(9,153) 17
	[0,2] 1
870:
	(129,5) 318
	[9,1] 49
1264:
	(6,138) 332
	[1,10] 52
1279:
	(6,135) 332
	[1,10] 48
1744:
	(13,437) 4
	[2,58] 1
1863:
	(17,443) 4
	[2,59] 1
1647:
	(9,3) 171
	[1,0] 2
564:
	(4,84) 92
	[1,2] 1
2504:
	(11,79) 95
	[0,1] 2
1232:
	(10,396) 105
	[1,53] 2
946:
	(444,5) 21
	[59,1] 3
1273:
	(6,138) 330
	[1,10] 48
479:
	(4,83) 90
	[1,2] 1
1677:
	(13,436) 4
	[2,58] 1
1937:
	(4,150) 22
	[0,2] 1
280:
	(4,332) 0
	[1,53] 0
1268:
	(6,136) 330
	[1,10] 48
689:
	(83,5) 89
	[2,1] 1
1494:
	(6,454) 11
	[1,60] 2
309:
	(5,360) 0
	[1,57] 0
952:
	(443,5) 24
	[59,1] 3
948:
	(444,5) 21
	[59,1] 3
839:
	(129,5) 320
	[9,1] 50
501:
	(4,8845) 873
	[1,1440] 137
554:
	(4,84) 92
	[1,2] 1
1195:
	(134,11) 477
	[10,2] 61
157:
	(4,440) 0
	[1,59] 0
2626:
	(129,5) 1974
	[9,1] 179
2179:
	(4,79) 103
	[0,1] 2
371:
	(4,128) 319
	[1,9] 46
2413:
	(18,95) 98
	[1,3] 2
707:
	(83,5) 89
	[2,1] 1
1780:
	(17,443) 4
	[2,59] 1
553:
	(4,84) 92
	[1,2] 1
238:
	(4,447) 0
	[1,60] 0
1700:
	(13,124) 325
	[2,8] 47
2559:
	(21,79) 94
	[1,1] 2
955:
	(360,5) 21
	[57,1] 3
478:
	(4,83) 90
	[1,2] 1
386:
	(4,46) 319
	[1,7] 48
1227:
	(10,397) 105
	[1,53] 2
1925:
	(4,152) 22
	[0,2] 1
1184:
	(8,262) 69
	[1,43] 8
199:
	(4,443) 0
	[1,59] 0
1776:
	(17,443) 4
	[2,59] 1
1212:
	(10,441) 11
	[1,59] 2
2442:
	(11,80) 96
	[0,1] 2
1521:
	(6,438) 11
	[1,58] 2
2315:
	(3,77) 112
	[0,1] 3
926:
	(318,5) 36
	[51,1] 6
1625:
	(6,123) 332
	[1,8] 48
981:
	(448,5) 25
	[60,1] 3
1319:
	(6,436) 11
	[1,58] 2
769:
	(17694,5) 623
	[2880,1] 95
194:
	(5,444) 0
	[1,59] 0
2233:
	(6,96) 100
	[0,3] 2
2472:
	(11,80) 96
	[0,1] 2
1520:
	(6,4431) 5322
	[1,721] 861
1890:
	(16,4) 358
	[0,0] 55
1970:
	(4,152) 22
	[0,2] 1
2088:
	(9,153) 17
	[0,2] 1
2544:
	(21,79) 94
	[1,1] 2
2529:
	(12,153) 14
	[0,2] 1
1839:
	(16,438) 4
	[2,58] 1
1460:
	(6,460) 15
	[1,61] 2
603:
	(1932,11) 7802
	[315,2] 1265
1553:
	(6,438) 11
	[1,58] 2
2102:
	(9,153) 17
	[0,2] 1
1756:
	(17,442) 4
	[2,59] 1
1554:
	(9,437) 11
	[1,58] 2
618:
	(22,5) 308
	[4,1] 48
1389:
	(6,138) 332
	[1,10] 48
891:
	(83,5) 89
	[2,1] 1
978:
	(159,5) 26
	[3,1] 1
954:
	(442,5) 21
	[59,1] 3
756:
	(2,2) 178
	[0,0] 3
1601:
	(6,123) 332
	[1,8] 48
1328:
	(6,438) 11
	[1,58] 2
1637:
	(10,8840) 884
	[1,1439] 139
428:
	(4,127) 321
	[1,9] 50
2109:
	(9,152) 17
	[0,2] 1
801:
	(444,5) 21
	[59,1] 3
2636:
	(9,128) 2094
	[2,9] 186
999:
	(444,5) 21
	[59,1] 3
1666:
	(13,437) 4
	[2,58] 1
600:
	(826,11) 8908
	[135,2] 1445
1506:
	(6,451) 11
	[1,60] 2
2523:
	(12,152) 14
	[0,2] 1
1361:
	(6,452) 11
	[1,60] 2
2254:
	(6,97) 101
	[0,3] 2
2553:
	(21,78) 94
	[1,1] 2
499:
	(4,2209) 7519
	[1,360] 1219
654:
	(251,5) 56
	[41,1] 4
1615:
	(6,123) 330
	[1,8] 48
901:
	(84,5) 90
	[2,1] 1
1135:
	(2,161) 24
	[0,3] 1
362:
	(4,128) 321
	[1,9] 46
1571:
	(6,123) 330
	[1,8] 48
188:
	(5,442) 0
	[1,59] 0
1912:
	(34,20) 298
	[2,3] 46
310:
	(5,360) 0
	[1,57] 0
1217:
	(11,445) 11
	[1,59] 2
302:
	(5,442) 0
	[1,59] 0
1194:
	(10,133) 393
	[2,10] 49
2339:
	(3,77) 112
	[0,1] 3
697:
	(83,5) 89
	[2,1] 1
1151:
	(132,9) 320
	[10,2] 45
165:
	(5,444) 0
	[1,59] 0
1141:
	(133,9) 320
	[10,2] 45
1296:
	(6,136) 330
	[1,10] 48
415:
	(4,83) 91
	[1,2] 1
642:
	(308,10) 141
	[49,1] 11
1315:
	(6,436) 11
	[1,58] 2
971:
	(443,5) 21
	[59,1] 3
251:
	(4,359) 0
	[1,57] 0
1545:
	(6,436) 11
	[1,58] 2
2634:
	(9,129) 2094
	[2,9] 186
2420:
	(18,95) 98
	[1,3] 2
2524:
	(12,152) 14
	[0,2] 1
2358:
	(6,95) 109
	[0,3] 3
666:
	(129,5) 320
	[9,1] 49
135:
	(4,441) 0
	[1,59] 0
2560:
	(21,79) 94
	[1,1] 2
782:
	(84,5) 90
	[2,1] 1
636:
	(754,11) 137
	[126,2] 19
1859:
	(311,10) 112
	[50,1] 3
864:
	(129,5) 320
	[9,1] 49
871:
	(129,5) 320
	[9,1] 49
2480:
	(11,79) 95
	[0,1] 2
1449:
	(6,458) 15
	[1,61] 2
2628:
	(128,5) 1975
	[9,1] 179
1917:
	(3,66) 123
	[0,0] 4
2159:
	(4,78) 102
	[0,1] 2
1075:
	(9,272) 405
	[2,44] 63
2033:
	(4,150) 22
	[0,2] 1
1725:
	(13,123) 325
	[2,8] 47
611:
	(17416,7) 18575
	[2835,1] 3018
223:
	(4,447) 0
	[1,60] 0
1293:
	(6,136) 330
	[1,10] 48
2396:
	(14,78) 101
	[1,1] 2
1295:
	(6,137) 330
	[1,10] 48
285:
	(4,583) 0
	[1,93] 0
1799:
	(10,310) 4
	[1,49] 1
931:
	(84,5) 89
	[2,1] 1
190:
	(5,444) 0
	[1,59] 0
624:
	(34,11) 296
	[6,2] 46
1760:
	(17,443) 4
	[2,59] 1
635:
	(754,7) 902
	[126,1] 147
2453:
	(11,80) 96
	[0,1] 2
888:
	(84,5) 90
	[2,1] 1
258:
	(5,444) 0
	[1,59] 0
2036:
	(4,154) 22
	[0,2] 1
1288:
	(6,135) 332
	[1,10] 48
706:
	(84,5) 90
	[2,1] 1
735:
	(447,5) 25
	[60,1] 3
929:
	(84,5) 90
	[2,1] 1
122:
	(4,441) 0
	[1,59] 0
521:
	(4,83) 91
	[1,2] 1
525:
	(4,83) 91
	[1,2] 1
2137:
	(4,79) 103
	[0,1] 2
777:
	(448,5) 27
	[60,1] 3
1703:
	(13,124) 323
	[2,8] 47
1543:
	(3,309) 11
	[0,49] 2
1584:
	(6,123) 332
	[1,8] 48
2567:
	(22,78) 94
	[1,1] 2
398:
	(4,83) 91
	[1,2] 1
1727:
	(13,124) 325
	[2,8] 51
319:
	(5,442) 0
	[1,59] 0
1320:
	(6,438) 11
	[1,58] 2
1379:
	(6,454) 11
	[1,60] 2
1629:
	(6,122) 330
	[1,8] 48
605:
	(4144,7) 5584
	[675,1] 904
1495:
	(6,451) 11
	[1,60] 2
1747:
	(13,124) 325
	[2,8] 47
608:
	(8568,7) 9734
	[1395,1] 1579
770:
	(2,2) 178
	[0,0] 3
2550:
	(21,78) 94
	[1,1] 2
1022:
	(444,5) 23
	[59,1] 3
2103:
	(9,152) 17
	[0,2] 1
452:
	(4,128) 319
	[1,9] 46
2240:
	(6,96) 100
	[0,3] 2
640:
	(3,2) 169
	[0,0] 3
218:
	(4,446) 0
	[1,60] 0
2299:
	(3,77) 113
	[0,1] 3
1501:
	(6,452) 11
	[1,60] 2
214:
	(4,449) 0
	[1,60] 0
222:
	(4,447) 0
	[1,60] 0
1016:
	(447,5) 25
	[60,1] 3
375:
	(4,128) 319
	[1,9] 46
2266:
	(6,97) 101
	[0,3] 2
1128:
	(2,160) 24
	[0,3] 1
2134:
	(4,79) 103
	[0,1] 2
2606:
	(21,204) 109
	[4,34] 14
1210:
	(10,441) 11
	[1,59] 2
1694:
	(13,124) 325
	[2,8] 47
615:
	(10,5) 320
	[2,1] 50
448:
	(4,127) 319
	[1,9] 46
1004:
	(444,5) 23
	[59,1] 3
2604:
	(9124,17) 586
	[1485,3] 90
663:
	(128,5) 320
	[9,1] 49
123:
	(4,443) 0
	[1,59] 0
2386:
	(14,78) 101
	[1,1] 2
2304:
	(6,96) 100
	[0,3] 2
2532:
	(12,153) 14
	[0,2] 1
245:
	(4,361) 0
	[1,57] 0
2026:
	(4,152) 22
	[0,2] 1
1602:
	(6,122) 332
	[1,8] 52
181:
	(5,443) 0
	[1,59] 0
1434:
	(6,457) 15
	[1,61] 2
1416:
	(6,136) 332
	[1,10] 48
182:
	(5,444) 0
	[1,59] 0
1173:
	(14,27) 328
	[3,4] 48
2438:
	(11,79) 95
	[0,1] 2
2590:
	(22,153) 4
	[0,2] 1
2007:
	(4,154) 22
	[0,2] 1
622:
	(6,33) 297
	[1,6] 46
1893:
	(11,580) 11
	[1,92] 2
887:
	(84,5) 90
	[2,1] 1
2596:
	(22,154) 4
	[0,2] 1
736:
	(84,5) 90
	[2,1] 1
612:
	(17416,11) 882
	[2835,2] 138
1921:
	(3,67) 119
	[0,0] 4
800:
	(2,2) 178
	[0,0] 3
625:
	(6,81) 249
	[1,14] 38
1491:
	(6,452) 11
	[1,60] 2
201:
	(4,440) 0
	[1,59] 0
1066:
	(315,5) 18
	[50,1] 2
1529:
	(6,436) 11
	[1,58] 2
852:
	(128,5) 318
	[9,1] 49
859:
	(129,5) 318
	[9,1] 49
1437:
	(6,138) 332
	[1,10] 48
838:
	(295,5) 25
	[47,1] 4
1539:
	(6,354) 11
	[1,56] 2
555:
	(4,84) 92
	[1,2] 1
252:
	(2,2) 0
	[0,0] 0
1961:
	(4,151) 22
	[0,2] 1
537:
	(4,21) 309
	[1,4] 48
1211:
	(10,441) 11
	[1,59] 2
2469:
	(11,80) 96
	[0,1] 2
773:
	(444,5) 21
	[59,1] 3
872:
	(129,5) 318
	[9,1] 49
613:
	(6,35111) 880
	[1,5715] 138
1975:
	(4,152) 22
	[0,2] 1
972:
	(444,5) 21
	[59,1] 3
1663:
	(9,3) 171
	[1,0] 2
2257:
	(6,97) 101
	[0,3] 2
1351:
	(6,452) 11
	[1,60] 2
936:
	(85,5) 91
	[2,1] 1
2507:
	(12,153) 14
	[0,2] 1
867:
	(129,5) 349
	[9,1] 53
1095:
	(2,160) 24
	[0,3] 1
2196:
	(4,78) 102
	[0,1] 2
1784:
	(17,442) 4
	[2,59] 1
1077:
	(3,2) 169
	[0,0] 3
239:
	(4,447) 0
	[1,60] 0
2162:
	(4,78) 102
	[0,1] 2
2367:
	(6,94) 109
	[0,3] 3
1010:
	(159,5) 26
	[3,1] 1
1301:
	(6,437) 11
	[1,58] 2
2443:
	(11,80) 96
	[0,1] 2
628:
	(6,177) 153
	[1,30] 22
205:
	(4,441) 0
	[1,59] 0
1108:
	(2,161) 24
	[0,3] 1
2517:
	(12,153) 14
	[0,2] 1
1914:
	(67,3) 107
	[0,0] 3
1857:
	(13,439) 4
	[2,58] 1
1352:
	(6,138) 332
	[1,10] 48
1667:
	(13,436) 4
	[2,58] 1
394:
	(4,83) 91
	[1,2] 1
1628:
	(6,123) 332
	[1,8] 48
1783:
	(17,442) 4
	[2,59] 1
941:
	(444,5) 21
	[59,1] 3
833:
	(1940,13) 7794
	[316,2] 1264
1919:
	(3,68) 120
	[0,0] 4
1372:
	(6,138) 330
	[1,10] 48
2656:
	(268,7) 1835
	[20,1] 168
396:
	(4,83) 91
	[1,2] 1
2331:
	(3,77) 112
	[0,1] 3
288:
	(5,360) 0
	[1,57] 0
700:
	(84,5) 90
	[2,1] 1
94:
	(4,158) 0
	[1,3] 0
1422:
	(9,3) 171
	[1,0] 2
606:
	(4144,11) 5590
	[675,2] 905
1996:
	(4,152) 22
	[0,2] 1
1161:
	(132,9) 320
	[10,2] 45
1401:
	(10,442) 11
	[1,59] 2
2334:
	(6,95) 109
	[0,3] 3
230:
	(4,447) 0
	[1,60] 0
2340:
	(6,95) 109
	[0,3] 3
1773:
	(17,443) 4
	[2,59] 1
477:
	(4,82) 90
	[1,2] 1
2554:
	(21,79) 94
	[1,1] 2
1589:
	(6,123) 332
	[1,8] 48
1057:
	(448,5) 25
	[60,1] 3
1385:
	(6,54) 327
	[1,8] 49
2065:
	(9,151) 17
	[0,2] 1
1710:
	(13,124) 323
	[2,8] 47
701:
	(84,5) 90
	[2,1] 1
1752:
	(13,124) 323
	[2,8] 47
1635:
	(10,35381) 610
	[1,5759] 94
2133:
	(4,79) 103
	[0,1] 2
1779:
	(17,443) 4
	[2,59] 1
267:
	(5,442) 0
	[1,59] 0
2646:
	(134,6) 1969
	[10,1] 178
811:
	(4422,5) 5331
	[720,1] 862
475:
	(4,83) 90
	[1,2] 1
1371:
	(6,456) 11
	[1,60] 2
1769:
	(13,124) 325
	[2,8] 47
2325:
	(6,95) 109
	[0,3] 3
1338:
	(6,136) 330
	[1,10] 48
1129:
	(2,161) 24
	[0,3] 1
802:
	(85,5) 91
	[2,1] 1
1142:
	(132,9) 318
	[10,2] 45
102:
	(4,158) 0
	[1,3] 0
2281:
	(6,97) 101
	[0,3] 2
885:
	(129,5) 320
	[9,1] 49
146:
	(4,443) 0
	[1,59] 0
1834:
	(13,437) 4
	[2,58] 1
1652:
	(9,3) 171
	[1,0] 2
1012:
	(158,5) 26
	[3,1] 1
2336:
	(6,94) 109
	[0,3] 3
1183:
	(263,9) 73
	[43,1] 10
1911:
	(42,246) 35
	[4,40] 5
1256:
	(8,18) 324
	[0,3] 48
2220:
	(6,96) 100
	[0,3] 2
282:
	(4,332) 0
	[1,53] 0
127:
	(4,443) 0
	[1,59] 0
1196:
	(10,134) 393
	[2,10] 49
2454:
	(11,80) 96
	[0,1] 2
2578:
	(22,153) 4
	[0,2] 1
1201:
	(10,442) 11
	[1,59] 2
2618:
	(12,89) 241
	[2,15] 37
2635:
	(9,128) 2094
	[2,9] 186
2019:
	(4,152) 22
	[0,2] 1
2641:
	(9,128) 2094
	[2,9] 186
88:
	(4,157) 0
	[1,3] 0
2308:
	(6,96) 100
	[0,3] 2
1191:
	(7,3) 165
	[0,0] 3
674:
	(2,2) 172
	[0,0] 3
1990:
	(68,10) 112
	[0,1] 3
1566:
	(6,122) 330
	[1,8] 48
1892:
	(48,4) 126
	[0,0] 3
2292:
	(6,96) 100
	[0,3] 2
1762:
	(17,443) 4
	[2,59] 1
559:
	(4,84) 92
	[1,2] 1
2546:
	(21,79) 94
	[1,1] 2
377:
	(4,128) 319
	[1,9] 46
120:
	(4,443) 0
	[1,59] 0
1608:
	(3,41) 330
	[0,6] 52
1070:
	(9,26) 333
	[2,4] 49
1640:
	(10,1098) 8636
	[1,179] 1401
2486:
	(11,79) 95
	[0,1] 2
1855:
	(13,437) 4
	[2,58] 1
1627:
	(6,123) 330
	[1,8] 48
1028:
	(442,5) 21
	[59,1] 3
2319:
	(6,94) 109
	[0,3] 3
1687:
	(13,124) 325
	[2,8] 47
2427:
	(11,79) 95
	[0,1] 2
2333:
	(3,77) 112
	[0,1] 3
620:
	(46,5) 284
	[8,1] 44
517:
	(4,83) 91
	[1,2] 1
1381:
	(10,442) 11
	[1,59] 2
2180:
	(4,79) 103
	[0,1] 2
863:
	(129,5) 320
	[9,1] 49
569:
	(4,84) 92
	[1,2] 1
1072:
	(3,2) 345
	[0,0] 53
1409:
	(15,285) 310
	[2,46] 49
2518:
	(12,153) 14
	[0,2] 1
2475:
	(11,79) 95
	[0,1] 2
2015:
	(4,154) 22
	[0,2] 1
1965:
	(4,152) 22
	[0,2] 1
944:
	(85,5) 91
	[2,1] 1
2502:
	(11,79) 95
	[0,1] 2
1992:
	(10,67) 193
	[1,0] 5
652:
	(2,2) 170
	[0,0] 3
1344:
	(6,454) 11
	[1,60] 2
743:
	(2,2) 178
	[0,0] 3
728:
	(2,2) 178
	[0,0] 3
1559:
	(6,436) 11
	[1,58] 2
213:
	(4,450) 0
	[1,60] 0
2151:
	(4,78) 102
	[0,1] 2
1245:
	(10,397) 105
	[1,53] 2
1659:
	(9,3) 171
	[1,0] 2
1208:
	(10,442) 11
	[1,59] 2
2139:
	(4,78) 102
	[0,1] 2
2350:
	(6,95) 109
	[0,3] 3
965:
	(85,5) 91
	[2,1] 1
1697:
	(13,123) 323
	[2,8] 47
1390:
	(6,138) 332
	[1,10] 48
623:
	(34,7) 296
	[6,1] 46
886:
	(334,5) 29
	[53,1] 5
1069:
	(3,2) 343
	[0,0] 51
1789:
	(13,436) 4
	[2,58] 1
961:
	(84,5) 90
	[2,1] 1
1895:
	(14,329) 4
	[2,52] 1
1482:
	(6,456) 11
	[1,60] 2
1668:
	(13,439) 4
	[2,58] 1
933:
	(84,5) 89
	[2,1] 1
2096:
	(9,151) 17
	[0,2] 1
2622:
	(128,5) 1975
	[9,1] 179
1294:
	(6,136) 332
	[1,10] 48
1378:
	(6,451) 11
	[1,60] 2
1123:
	(2,161) 24
	[0,3] 1
2584:
	(22,154) 4
	[0,2] 1
1277:
	(6,54) 298
	[1,8] 48
1317:
	(6,435) 11
	[1,58] 2
1988:
	(68,10) 112
	[0,1] 3
1406:
	(6,560) 9193
	[1,91] 1491
760:
	(158,5) 26
	[3,1] 1
1856:
	(13,439) 4
	[2,58] 1
106:
	(4,158) 0
	[1,3] 0
716:
	(2,2) 178
	[0,0] 3
1091:
	(3,2) 343
	[0,0] 51
2587:
	(22,153) 4
	[0,2] 1
1417:
	(6,457) 15
	[1,61] 2
830:
	(834,13) 8900
	[136,2] 1444
1326:
	(6,436) 11
	[1,58] 2
482:
	(4,83) 90
	[1,2] 1
1410:
	(6,372) 11
	[1,58] 2
1284:
	(6,138) 330
	[1,10] 50
1470:
	(6,459) 16
	[1,61] 2
1565:
	(6,123) 332
	[1,8] 48
2488:
	(11,79) 95
	[0,1] 2
842:
	(47,5) 289
	[7,1] 47
2483:
	(11,79) 95
	[0,1] 2
2010:
	(4,152) 22
	[0,2] 1
1617:
	(6,123) 330
	[1,8] 48
1922:
	(46,21) 286
	[3,3] 45
133:
	(4,443) 0
	[1,59] 0
874:
	(129,5) 318
	[9,1] 49
2326:
	(6,95) 109
	[0,3] 3
1205:
	(10,442) 11
	[1,59] 2
2047:
	(4,152) 22
	[0,2] 1
212:
	(4,450) 0
	[1,60] 0
894:
	(84,5) 89
	[2,1] 1
510:
	(4,83) 91
	[1,2] 1
1223:
	(10,442) 11
	[1,59] 2
1979:
	(4,154) 22
	[0,2] 1
2513:
	(12,153) 14
	[0,2] 1
1944:
	(4,154) 22
	[0,2] 1
2284:
	(6,96) 100
	[0,3] 2
2632:
	(129,5) 1974
	[9,1] 179
1995:
	(4,154) 22
	[0,2] 1
590:
	(17694,5) 18297
	[2880,1] 2973
1953:
	(4,152) 22
	[0,2] 1
1542:
	(3,311) 11
	[0,49] 2
2556:
	(21,79) 94
	[1,1] 2
2008:
	(4,150) 22
	[0,2] 1
1073:
	(3,2) 345
	[0,0] 53
2171:
	(4,78) 102
	[0,1] 2
1060:
	(85,5) 91
	[2,1] 1
860:
	(129,5) 318
	[9,1] 49
1822:
	(13,439) 4
	[2,58] 1
151:
	(4,440) 0
	[1,59] 0
1202:
	(10,441) 11
	[1,59] 2
1980:
	(4,152) 22
	[0,2] 1
586:
	(14,551) 9454
	[3,90] 1534
260:
	(5,444) 0
	[1,59] 0
551:
	(4,84) 92
	[1,2] 1
2050:
	(4,152) 22
	[0,2] 1
1439:
	(6,460) 15
	[1,61] 2
269:
	(5,442) 0
	[1,59] 0
1019:
	(159,5) 26
	[3,1] 1
1283:
	(6,135) 330
	[1,10] 48
1759:
	(17,443) 4
	[2,59] 1
2152:
	(4,78) 102
	[0,1] 2
1853:
	(10,42) 323
	[1,6] 49
1715:
	(13,124) 323
	[2,8] 47
461:
	(4,83) 90
	[1,2] 1
1526:
	(6,436) 11
	[1,58] 2
1081:
	(2,160) 24
	[0,3] 1
740:
	(442,5) 21
	[59,1] 3
1487:
	(6,451) 11
	[1,60] 2
2170:
	(4,78) 102
	[0,1] 2
1243:
	(10,397) 105
	[1,53] 2
1976:
	(4,154) 22
	[0,2] 1
889:
	(84,5) 89
	[2,1] 1
360:
	(4,128) 319
	[1,9] 46
1481:
	(6,136) 332
	[1,10] 48
875:
	(47,5) 318
	[7,1] 50
1045:
	(85,5) 91
	[2,1] 1
320:
	(4,128) 331
	[1,9] 50
552:
	(4,84) 92
	[1,2] 1
614:
	(766,5) 890
	[128,1] 145
1546:
	(6,438) 11
	[1,58] 2
529:
	(4,83) 91
	[1,2] 1
2569:
	(22,79) 94
	[1,1] 2
1974:
	(4,152) 22
	[0,2] 1
513:
	(4,83) 91
	[1,2] 1
2054:
	(4,151) 22
	[0,2] 1
436:
	(4,127) 319
	[1,9] 46
930:
	(84,5) 90
	[2,1] 1
2120:
	(9,153) 17
	[0,2] 1
1098:
	(257,7) 74
	[42,1] 9
433:
	(4,127) 321
	[1,9] 46
242:
	(4,444) 0
	[1,60] 0
809:
	(442,5) 21
	[59,1] 3
301:
	(5,442) 0
	[1,59] 0
573:
	(4,84) 92
	[1,2] 1
1065:
	(442,5) 21
	[59,1] 3
1124:
	(2,160) 24
	[0,3] 1
225:
	(4,447) 0
	[1,60] 0
758:
	(2,2) 178
	[0,0] 3
2347:
	(6,95) 109
	[0,3] 3
2063:
	(9,153) 17
	[0,2] 1
1147:
	(133,9) 318
	[10,2] 45
2655:
	(391,7) 1712
	[28,1] 160
2458:
	(11,80) 96
	[0,1] 2
753:
	(444,5) 21
	[59,1] 3
1587:
	(6,123) 330
	[1,8] 48
241:
	(4,446) 0
	[1,60] 0
114:
	(4,157) 0
	[1,3] 0
294:
	(2,2) 0
	[0,0] 0
2579:
	(22,154) 4
	[0,2] 1
1322:
	(6,435) 11
	[1,58] 2
2408:
	(17,95) 98
	[1,3] 2
1631:
	(6,123) 330
	[1,8] 48
966:
	(158,5) 26
	[3,1] 1
229:
	(4,446) 0
	[1,60] 0
2595:
	(22,153) 4
	[0,2] 1
2407:
	(11,79) 95
	[0,1] 2
2461:
	(11,80) 96
	[0,1] 2
2416:
	(11,79) 95
	[0,1] 2
2449:
	(11,80) 96
	[0,1] 2
985:
	(449,5) 26
	[60,1] 3
923:
	(84,5) 90
	[2,1] 1
370:
	(4,128) 319
	[1,9] 46
1558:
	(6,354) 11
	[1,56] 2
1042:
	(84,5) 90
	[2,1] 1
1738:
	(13,436) 4
	[2,58] 1
1561:
	(6,438) 11
	[1,58] 2
1456:
	(6,457) 15
	[1,61] 2
1733:
	(13,124) 325
	[2,8] 47
1357:
	(6,138) 330
	[1,10] 48
1504:
	(6,454) 11
	[1,60] 2
1489:
	(6,452) 11
	[1,60] 2
1830:
	(13,439) 4
	[2,58] 1
400:
	(4,83) 91
	[1,2] 1
1695:
	(289,10) 12
	[46,1] 2
2155:
	(4,78) 102
	[0,1] 2
296:
	(5,445) 0
	[1,59] 0
204:
	(4,441) 0
	[1,59] 0
85:
	(4,158) 0
	[1,3] 0
528:
	(4,83) 91
	[1,2] 1
2260:
	(6,97) 101
	[0,3] 2
1765:
	(17,442) 4
	[2,59] 1
1939:
	(4,152) 22
	[0,2] 1
1597:
	(6,123) 330
	[1,8] 48
1757:
	(17,443) 4
	[2,59] 1
783:
	(360,5) 21
	[57,1] 3
2378:
	(6,96) 100
	[0,3] 2
1634:
	(3,41) 330
	[0,6] 50
1002:
	(442,5) 21
	[59,1] 3
1285:
	(6,137) 330
	[1,10] 48
788:
	(447,5) 25
	[60,1] 3
508:
	(4,83) 91
	[1,2] 1
866:
	(129,5) 318
	[9,1] 48
270:
	(5,444) 0
	[1,59] 0
1984:
	(4,150) 22
	[0,2] 1
1642:
	(10,9388) 322
	[1,1528] 47
1981:
	(4,152) 22
	[0,2] 1
1838:
	(13,437) 4
	[2,58] 1
143:
	(4,443) 0
	[1,59] 0
1237:
	(10,397) 105
	[1,53] 2
1438:
	(6,458) 15
	[1,61] 2
1177:
	(7,3) 165
	[0,0] 3
1359:
	(6,136) 330
	[1,10] 48
2377:
	(6,94) 110
	[0,3] 3
1684:
	(13,123) 323
	[2,8] 47
766:
	(447,5) 27
	[60,1] 3
2174:
	(4,79) 103
	[0,1] 2
1159:
	(132,9) 320
	[10,2] 45
2200:
	(4,78) 102
	[0,1] 2
2024:
	(4,150) 22
	[0,2] 1
2062:
	(9,153) 17
	[0,2] 1
2406:
	(17,95) 98
	[1,3] 2
493:
	(4,46) 290
	[1,7] 47
2598:
	(22,153) 4
	[0,2] 1
1572:
	(6,123) 330
	[1,8] 48
1040:
	(85,5) 91
	[2,1] 1
725:
	(442,5) 21
	[59,1] 3
2451:
	(11,80) 96
	[0,1] 2
465:
	(4,82) 90
	[1,2] 1
373:
	(4,128) 319
	[1,9] 46
2286:
	(6,96) 100
	[0,3] 2
787:
	(2,2) 178
	[0,0] 3
1218:
	(10,442) 11
	[1,59] 2
767:
	(84,5) 90
	[2,1] 1
2492:
	(11,79) 95
	[0,1] 2
1259:
	(47,15) 376
	[7,3] 46
1278:
	(6,136) 332
	[1,10] 48
2425:
	(11,79) 95
	[0,1] 2
1062:
	(442,5) 21
	[59,1] 3
1442:
	(6,456) 11
	[1,60] 2
2049:
	(4,151) 22
	[0,2] 1
1186:
	(6,327) 11
	[1,52] 2
263:
	(5,444) 0
	[1,59] 0
1622:
	(6,123) 330
	[1,8] 50
2586:
	(22,153) 4
	[0,2] 1
727:
	(447,5) 25
	[60,1] 3
1156:
	(133,9) 320
	[10,2] 45
1011:
	(447,5) 25
	[60,1] 3
1459:
	(6,457) 15
	[1,61] 2
560:
	(4,84) 92
	[1,2] 1
1766:
	(13,124) 323
	[2,8] 47
2471:
	(11,80) 96
	[0,1] 2
487:
	(4,83) 90
	[1,2] 1
1138:
	(10,133) 321
	[2,10] 47
353:
	(14,129) 319
	[2,9] 51
1643:
	(288,3) 307
	[46,0] 49
401:
	(4,83) 91
	[1,2] 1
1798:
	(13,436) 4
	[2,58] 1
962:
	(85,5) 91
	[2,1] 1
2337:
	(6,94) 109
	[0,3] 3
845:
	(47,5) 289
	[7,1] 47
1213:
	(10,441) 11
	[1,59] 2
1051:
	(441,5) 21
	[59,1] 3
1840:
	(13,437) 4
	[2,58] 1
2250:
	(6,96) 100
	[0,3] 2
2620:
	(10,17) 313
	[2,3] 49
2132:
	(4,78) 102
	[0,1] 2
2593:
	(22,154) 4
	[0,2] 1
1669:
	(13,436) 4
	[2,58] 1
1252:
	(10,397) 105
	[1,53] 2
2477:
	(11,79) 95
	[0,1] 2
2661:
	(950,9) 1153
	[72,1] 116
417:
	(4,83) 91
	[1,2] 1
835:
	(35117,12) 874
	[5716,2] 137
1037:
	(444,5) 21
	[59,1] 3
1453:
	(6,460) 15
	[1,61] 2
545:
	(4,84) 92
	[1,2] 1
2114:
	(9,153) 17
	[0,2] 1
116:
	(4,444) 0
	[1,59] 0
2375:
	(3,77) 113
	[0,1] 3
1693:
	(13,124) 325
	[2,8] 47
2439:
	(11,79) 95
	[0,1] 2
683:
	(84,5) 90
	[2,1] 1
723:
	(2,2) 178
	[0,0] 3
2332:
	(6,95) 109
	[0,3] 3
149:
	(4,443) 0
	[1,59] 0
300:
	(5,444) 0
	[1,59] 0
541:
	(4,381) 126
	[1,64] 17
2411:
	(17,95) 98
	[1,3] 2
512:
	(4,83) 91
	[1,2] 1
1242:
	(10,397) 105
	[1,53] 2
997:
	(85,5) 91
	[2,1] 1
217:
	(4,446) 0
	[1,60] 0
1672:
	(10,42) 323
	[1,6] 51
1730:
	(13,124) 325
	[2,8] 47
1515:
	(6,17703) 614
	[1,2881] 94
99:
	(4,158) 0
	[1,3] 0
880:
	(47,5) 318
	[7,1] 50
1145:
	(10,52) 393
	[2,8] 49
703:
	(333,5) 22
	[53,1] 4
661:
	(128,5) 318
	[9,1] 49
1886:
	(11,290) 11
	[1,46] 2
2242:
	(6,96) 100
	[0,3] 2
2081:
	(9,152) 17
	[0,2] 1
289:
	(5,360) 0
	[1,57] 0
2255:
	(6,97) 101
	[0,3] 2
1927:
	(4,152) 22
	[0,2] 1
750:
	(317,5) 18
	[50,1] 2
2429:
	(11,79) 95
	[0,1] 2
2316:
	(6,95) 109
	[0,3] 3
154:
	(4,440) 0
	[1,59] 0
1247:
	(10,396) 105
	[1,53] 2
1143:
	(10,52) 393
	[2,8] 49
1034:
	(551,5) 9202
	[90,1] 1492
2616:
	(12,377) 130
	[2,63] 18
1940:
	(4,154) 22
	[0,2] 1
2444:
	(11,79) 95
	[0,1] 2
1354:
	(6,138) 330
	[1,10] 48
705:
	(84,5) 89
	[2,1] 1
990:
	(85,5) 91
	[2,1] 1
2409:
	(11,79) 95
	[0,1] 2
1742:
	(13,124) 325
	[2,8] 47
1044:
	(442,5) 23
	[59,1] 3
2356:
	(3,77) 112
	[0,1] 3
655:
	(2,2) 305
	[0,0] 49
1272:
	(6,137) 330
	[1,10] 50
1778:
	(17,443) 4
	[2,59] 1
2182:
	(4,79) 103
	[0,1] 2
1153:
	(132,9) 320
	[10,2] 45
2605:
	(16,9123) 587
	[3,1485] 90
1006:
	(444,5) 21
	[59,1] 3
1753:
	(16,441) 4
	[2,59] 1
1046:
	(442,5) 21
	[59,1] 3
649:
	(6,37) 276
	[1,6] 42
1303:
	(6,438) 11
	[1,58] 2
1477:
	(6,451) 11
	[1,60] 2
1987:
	(11,69) 185
	[1,0] 4
1281:
	(6,137) 330
	[1,10] 48
2309:
	(6,96) 100
	[0,3] 2
1071:
	(3,2) 169
	[0,0] 3
2107:
	(9,151) 17
	[0,2] 1
97:
	(4,158) 0
	[1,3] 0
578:
	(9,46) 325
	[2,8] 51
1388:
	(10,441) 11
	[1,59] 2
2017:
	(4,152) 22
	[0,2] 1
1593:
	(6,123) 330
	[1,8] 48
958:
	(447,5) 25
	[60,1] 3
1471:
	(6,460) 16
	[1,61] 2
828:
	(442,5) 21
	[59,1] 3
1946:
	(4,152) 22
	[0,2] 1
2357:
	(6,95) 109
	[0,3] 3
275:
	(5,444) 0
	[1,59] 0
2627:
	(129,5) 1974
	[9,1] 179
1972:
	(4,154) 22
	[0,2] 1
804:
	(159,5) 26
	[3,1] 1
195:
	(5,444) 0
	[1,59] 0
1770:
	(18,446) 4
	[2,59] 1
1880:
	(20,329) 4
	[3,52] 1
1665:
	(13,437) 4
	[2,58] 1
1174:
	(3,7) 339
	[0,0] 51
2145:
	(4,78) 102
	[0,1] 2
1049:
	(159,5) 26
	[3,1] 1
1900:
	(47,4) 125
	[0,0] 3
2487:
	(11,79) 95
	[0,1] 2
2244:
	(6,96) 100
	[0,3] 2
2527:
	(12,152) 14
	[0,2] 1
1949:
	(4,152) 22
	[0,2] 1
807:
	(85,5) 91
	[2,1] 1
1648:
	(9,3) 171
	[1,0] 2
1955:
	(4,152) 22
	[0,2] 1
2512:
	(12,153) 14
	[0,2] 1
2135:
	(4,79) 103
	[0,1] 2
2043:
	(4,152) 22
	[0,2] 1
2039:
	(4,152) 22
	[0,2] 1
1033:
	(159,5) 26
	[3,1] 1
1896:
	(18,291) 4
	[2,46] 1
629:
	(178,7) 333
	[30,1] 52
244:
	(4,361) 0
	[1,57] 0
2423:
	(11,79) 95
	[0,1] 2
984:
	(85,5) 91
	[2,1] 1
2153:
	(4,78) 102
	[0,1] 2
533:
	(4,83) 91
	[1,2] 1
162:
	(4,443) 0
	[1,59] 0
676:
	(129,5) 318
	[9,1] 49
2568:
	(22,79) 94
	[1,1] 2
1041:
	(441,5) 21
	[59,1] 3
1411:
	(6,458) 14
	[1,61] 2
376:
	(4,128) 321
	[1,9] 46
219:
	(4,446) 0
	[1,60] 0
974:
	(448,5) 25
	[60,1] 3
432:
	(4,127) 321
	[1,9] 46
795:
	(444,5) 21
	[59,1] 3
1536:
	(6,438) 11
	[1,58] 2
1308:
	(6,436) 11
	[1,58] 2
2198:
	(4,78) 102
	[0,1] 2
732:
	(2,2) 178
	[0,0] 3
1136:
	(10,134) 321
	[2,10] 47
2124:
	(4,78) 102
	[0,1] 2
2261:
	(6,97) 101
	[0,3] 2
1486:
	(6,452) 11
	[1,60] 2
2643:
	(133,6) 1970
	[10,1] 178
2305:
	(6,96) 100
	[0,3] 2
1746:
	(13,124) 325
	[2,8] 47
1152:
	(132,9) 320
	[10,2] 45
167:
	(5,442) 0
	[1,59] 0
2104:
	(9,153) 17
	[0,2] 1
86:
	(4,158) 0
	[1,3] 0
734:
	(2,2) 178
	[0,0] 3
1525:
	(6,436) 11
	[1,58] 2
1775:
	(17,443) 4
	[2,59] 1
1897:
	(5,302) 72
	[0,46] 9
1982:
	(4,150) 22
	[0,2] 1
1318:
	(6,356) 11
	[1,56] 2
2526:
	(12,152) 14
	[0,2] 1
490:
	(4,82) 90
	[1,2] 1
2058:
	(4,152) 22
	[0,2] 1
2119:
	(9,152) 17
	[0,2] 1
498:
	(4,1103) 8625
	[1,180] 1399
2537:
	(12,153) 14
	[0,2] 1
1600:
	(3,41) 330
	[0,6] 52
104:
	(4,157) 0
	[1,3] 0
208:
	(4,443) 0
	[1,59] 0
2293:
	(6,96) 100
	[0,3] 2
253:
	(2,2) 0
	[0,0] 0
1689:
	(13,124) 323
	[2,8] 47
1404:
	(6,138) 330
	[1,10] 48
1427:
	(9,3) 171
	[1,0] 2
168:
	(5,442) 0
	[1,59] 0
2456:
	(11,80) 96
	[0,1] 2
1013:
	(84,5) 90
	[2,1] 1
794:
	(84,5) 90
	[2,1] 1
2464:
	(11,80) 96
	[0,1] 2
514:
	(4,83) 91
	[1,2] 1
1645:
	(9,3) 171
	[1,0] 2
791:
	(442,5) 21
	[59,1] 3
100:
	(4,158) 0
	[1,3] 0
2607:
	(11,35116) 875
	[2,5716] 137
468:
	(4,82) 90
	[1,2] 1
2285:
	(6,96) 100
	[0,3] 2
1008:
	(85,5) 91
	[2,1] 1
131:
	(4,443) 0
	[1,59] 0
862:
	(129,5) 318
	[9,1] 49
1620:
	(6,123) 332
	[1,8] 48
1908:
	(63,5) 109
	[0,0] 3
1199:
	(133,9) 320
	[10,2] 45
2608:
	(12,17423) 875
	[2,2836] 137
531:
	(4,83) 91
	[1,2] 1
2498:
	(11,79) 95
	[0,1] 2
1726:
	(13,123) 325
	[2,8] 47
722:
	(2,2) 178
	[0,0] 3
2470:
	(11,80) 96
	[0,1] 2
1941:
	(4,151) 22
	[0,2] 1
2213:
	(4,78) 102
	[0,1] 2
2548:
	(21,79) 94
	[1,1] 2
2342:
	(6,95) 109
	[0,3] 3
1657:
	(9,3) 171
	[1,0] 2
1397:
	(6,370) 11
	[1,58] 2
445:
	(4,127) 321
	[1,9] 46
2029:
	(4,152) 22
	[0,2] 1
393:
	(4,83) 91
	[1,2] 1
647:
	(9,307) 48
	[1,49] 6
2227:
	(6,96) 100
	[0,3] 2
1137:
	(135,11) 320
	[10,2] 51
1448:
	(6,451) 11
	[1,60] 2
820:
	(441,5) 21
	[59,1] 3
956:
	(441,5) 21
	[59,1] 3
724:
	(448,5) 25
	[60,1] 3
1258:
	(47,15) 376
	[7,3] 46
292:
	(2,2) 0
	[0,0] 0
739:
	(2,2) 178
	[0,0] 3
2393:
	(17,95) 98
	[1,3] 2
2346:
	(3,77) 112
	[0,1] 3
2044:
	(4,154) 22
	[0,2] 1
2535:
	(12,153) 14
	[0,2] 1
1158:
	(132,9) 320
	[10,2] 45
1425:
	(9,3) 171
	[1,0] 2
1823:
	(13,437) 4
	[2,58] 1
1154:
	(133,9) 320
	[10,2] 45
2100:
	(9,153) 17
	[0,2] 1
237:
	(4,447) 0
	[1,60] 0
1189:
	(8,284) 23
	[1,46] 3
1000:
	(448,5) 25
	[60,1] 3
699:
	(84,5) 89
	[2,1] 1
467:
	(4,82) 90
	[1,2] 1
364:
	(4,128) 321
	[1,9] 46
435:
	(4,127) 319
	[1,9] 46
587:
	(274,24) 9444
	[45,5] 1532
1112:
	(2,161) 24
	[0,3] 1
1835:
	(13,437) 4
	[2,58] 1
2388:
	(14,78) 101
	[1,1] 2
2172:
	(4,79) 103
	[0,1] 2
1550:
	(6,438) 11
	[1,58] 2
755:
	(2,2) 318
	[0,0] 51
2045:
	(4,151) 22
	[0,2] 1
406:
	(4,83) 91
	[1,2] 1
1345:
	(6,138) 332
	[1,10] 48
1619:
	(6,123) 330
	[1,8] 48
1241:
	(10,397) 105
	[1,53] 2
124:
	(4,441) 0
	[1,59] 0
1096:
	(2,160) 24
	[0,3] 1
454:
	(4,128) 319
	[1,9] 46
998:
	(158,5) 26
	[3,1] 1
1302:
	(6,436) 11
	[1,58] 2
2410:
	(17,95) 98
	[1,3] 2
827:
	(84,5) 90
	[2,1] 1
964:
	(158,5) 26
	[3,1] 1
179:
	(5,442) 0
	[1,59] 0
1260:
	(15,4) 157
	[0,0] 3
1331:
	(6,438) 11
	[1,58] 2
2580:
	(22,154) 4
	[0,2] 1
1115:
	(2,161) 24
	[0,3] 1
1933:
	(4,152) 22
	[0,2] 1
1616:
	(6,123) 332
	[1,8] 48
111:
	(4,158) 0
	[1,3] 0
2277:
	(6,97) 101
	[0,3] 2
170:
	(5,444) 0
	[1,59] 0
1120:
	(2,160) 24
	[0,3] 1
2160:
	(4,78) 102
	[0,1] 2
1200:
	(133,9) 320
	[10,2] 45
2156:
	(4,78) 102
	[0,1] 2
1745:
	(13,124) 335
	[2,8] 51
730:
	(2,2) 178
	[0,0] 3
1514:
	(6,452) 11
	[1,60] 2
2108:
	(9,153) 17
	[0,2] 1
2061:
	(9,152) 17
	[0,2] 1
2391:
	(14,78) 101
	[1,1] 2
469:
	(4,82) 90
	[1,2] 1
2288:
	(6,96) 100
	[0,3] 2
1618:
	(6,123) 332
	[1,8] 48
2246:
	(6,96) 100
	[0,3] 2
192:
	(5,444) 0
	[1,59] 0
1673:
	(13,438) 4
	[2,58] 1
1475:
	(6,325) 8
	[1,51] 1
486:
	(4,83) 90
	[1,2] 1
744:
	(85,5) 91
	[2,1] 1
912:
	(83,5) 89
	[2,1] 1
1234:
	(10,397) 105
	[1,53] 2
2035:
	(4,152) 22
	[0,2] 1
126:
	(4,443) 0
	[1,59] 0
128:
	(4,443) 0
	[1,59] 0
1722:
	(10,42) 294
	[1,6] 48
355:
	(4,128) 319
	[1,9] 48
546:
	(4,84) 92
	[1,2] 1
2249:
	(6,96) 100
	[0,3] 2
2057:
	(4,154) 22
	[0,2] 1
1873:
	(6,608) 15
	[1,96] 2
1894:
	(10,289) 47
	[0,46] 7
1633:
	(6,122) 330
	[1,8] 48
446:
	(4,128) 319
	[1,9] 46
778:
	(2,2) 178
	[0,0] 3
109:
	(4,158) 0
	[1,3] 0
119:
	(4,441) 0
	[1,59] 0
1532:
	(6,641) 18
	[1,102] 3
1581:
	(6,123) 330
	[1,8] 48
1116:
	(4,2) 170
	[0,0] 3
2633:
	(129,5) 1974
	[9,1] 179
235:
	(4,447) 0
	[1,60] 0
1444:
	(6,283) 17
	[1,46] 3
1586:
	(6,122) 332
	[1,8] 48
1155:
	(132,9) 320
	[10,2] 45
659:
	(128,5) 320
	[9,1] 49
403:
	(4,83) 91
	[1,2] 1
1574:
	(6,123) 332
	[1,8] 48
847:
	(129,5) 318
	[9,1] 49
1527:
	(6,436) 11
	[1,58] 2
2542:
	(21,79) 94
	[1,1] 2
1836:
	(13,124) 323
	[2,8] 47
2592:
	(22,153) 4
	[0,2] 1
357:
	(4,128) 319
	[1,9] 46
178:
	(5,444) 0
	[1,59] 0
1090:
	(31,6) 307
	[5,1] 49
2201:
	(4,78) 102
	[0,1] 2
1510:
	(6,455) 16
	[1,60] 2
1714:
	(13,123) 323
	[2,8] 47
409:
	(4,83) 91
	[1,2] 1
2243:
	(6,96) 100
	[0,3] 2
1480:
	(6,452) 11
	[1,60] 2
2113:
	(9,151) 17
	[0,2] 1
2207:
	(4,78) 102
	[0,1] 2
780:
	(85,5) 91
	[2,1] 1
121:
	(4,441) 0
	[1,59] 0
2011:
	(4,152) 22
	[0,2] 1
921:
	(84,5) 90
	[2,1] 1
690:
	(84,5) 90
	[2,1] 1
1469:
	(6,455) 11
	[1,60] 2
2485:
	(11,79) 95
	[0,1] 2
785:
	(84,5) 90
	[2,1] 1
1724:
	(10,42) 294
	[1,6] 48
440:
	(4,128) 321
	[1,9] 46
1365:
	(6,56) 327
	[1,8] 51
255:
	(2,2) 0
	[0,0] 0
2005:
	(4,150) 22
	[0,2] 1
668:
	(129,5) 320
	[9,1] 49
2118:
	(9,153) 17
	[0,2] 1
1651:
	(9,3) 171
	[1,0] 2
2317:
	(6,94) 109
	[0,3] 3
1881:
	(11,330) 105
	[1,53] 2
1118:
	(2,161) 24
	[0,3] 1
1868:
	(10,312) 4
	[1,49] 1
138:
	(4,443) 0
	[1,59] 0
549:
	(4,84) 92
	[1,2] 1
720:
	(84,5) 90
	[2,1] 1
752:
	(2,2) 178
	[0,0] 3
602:
	(1932,7) 7796
	[315,1] 1264
1102:
	(251,9) 26
	[41,2] 4
1898:
	(11,582) 66
	[1,93] 8
354:
	(4,128) 321
	[1,9] 48
1099:
	(6,256) 75
	[1,42] 3
1290:
	(6,138) 332
	[1,10] 48
1347:
	(6,458) 15
	[1,61] 2
1082:
	(3,2) 169
	[0,0] 3
1431:
	(6,459) 15
	[1,61] 2
136:
	(4,441) 0
	[1,59] 0
321:
	(4,128) 329
	[1,9] 50
2116:
	(9,153) 17
	[0,2] 1
2648:
	(259,6) 1844
	[18,1] 170
161:
	(4,441) 0
	[1,59] 0
556:
	(4,84) 92
	[1,2] 1
582:
	(11,203) 119
	[2,34] 16
967:
	(159,5) 26
	[3,1] 1
688:
	(84,5) 89
	[2,1] 1
366:
	(4,128) 321
	[1,9] 46
1568:
	(6,123) 332
	[1,8] 48
2271:
	(6,97) 101
	[0,3] 2
986:
	(445,5) 26
	[59,1] 3
369:
	(4,128) 321
	[1,9] 46
1436:
	(6,344) 11
	[1,55] 2
1656:
	(9,3) 171
	[1,0] 2
2619:
	(12,41) 289
	[2,7] 45
268:
	(5,442) 0
	[1,59] 0
2094:
	(9,153) 17
	[0,2] 1
2167:
	(4,78) 102
	[0,1] 2
259:
	(5,444) 0
	[1,59] 0
134:
	(4,441) 0
	[1,59] 0
2534:
	(12,152) 14
	[0,2] 1
202:
	(4,443) 0
	[1,59] 0
1713:
	(13,123) 323
	[2,8] 47
524:
	(4,83) 91
	[1,2] 1
895:
	(84,5) 89
	[2,1] 1
1871:
	(31,5) 141
	[0,0] 3
2405:
	(11,79) 95
	[0,1] 2
1473:
	(6,138) 332
	[1,10] 48
540:
	(4,189) 137
	[1,32] 19
920:
	(334,5) 36
	[53,1] 5
515:
	(4,83) 91
	[1,2] 1
2365:
	(6,94) 109
	[0,3] 3
1732:
	(13,436) 4
	[2,58] 1
692:
	(84,5) 90
	[2,1] 1
657:
	(129,5) 320
	[9,1] 49
1930:
	(4,152) 22
	[0,2] 1
1500:
	(6,136) 330
	[1,10] 48
507:
	(4,83) 91
	[1,2] 1
2295:
	(6,96) 100
	[0,3] 2
187:
	(5,444) 0
	[1,59] 0
1503:
	(6,454) 11
	[1,60] 2
1878:
	(273,39) 375
	[44,8] 57
947:
	(441,5) 21
	[59,1] 3
547:
	(4,84) 92
	[1,2] 1
1977:
	(4,151) 22
	[0,2] 1
1356:
	(6,451) 11
	[1,60] 2
1101:
	(279,7) 28
	[45,1] 4
2653:
	(269,7) 1834
	[20,1] 168
1507:
	(6,454) 11
	[1,60] 2
2352:
	(6,95) 109
	[0,3] 3
2589:
	(22,153) 4
	[0,2] 1
2642:
	(133,6) 1970
	[10,1] 178
125:
	(4,441) 0
	[1,59] 0
1660:
	(9,3) 171
	[1,0] 2
1505:
	(6,452) 11
	[1,60] 2
314:
	(2,2) 0
	[0,0] 0
246:
	(2,2) 0
	[0,0] 0
1755:
	(13,124) 323
	[2,8] 47
1036:
	(447,5) 27
	[60,1] 3
977:
	(84,5) 90
	[2,1] 1
221:
	(4,446) 0
	[1,60] 0
196:
	(4,441) 0
	[1,59] 0
2217:
	(4,78) 102
	[0,1] 2
411:
	(4,83) 91
	[1,2] 1
1904:
	(27,290) 30
	[2,46] 5
2083:
	(9,152) 17
	[0,2] 1
1125:
	(2,161) 24
	[0,3] 1
2222:
	(6,96) 100
	[0,3] 2
1817:
	(13,124) 323
	[2,8] 47
392:
	(4,83) 91
	[1,2] 1
1496:
	(6,454) 11
	[1,60] 2
1432:
	(6,458) 15
	[1,61] 2
2400:
	(11,79) 95
	[0,1] 2
709:
	(130,15) 320
	[9,2] 51
2059:
	(6,96) 100
	[0,3] 2
544:
	(4,84) 92
	[1,2] 1
488:
	(4,83) 90
	[1,2] 1
1055:
	(451,5) 26
	[60,1] 3
2282:
	(6,97) 101
	[0,3] 2
1398:
	(11,445) 11
	[1,59] 2
991:
	(84,5) 90
	[2,1] 1
1569:
	(6,123) 332
	[1,8] 48
2267:
	(6,97) 101
	[0,3] 2
616:
	(190,5) 321
	[32,1] 50
1415:
	(15,263) 62
	[2,43] 7
910:
	(84,5) 90
	[2,1] 1
2313:
	(6,96) 100
	[0,3] 2
1968:
	(4,154) 22
	[0,2] 1
1387:
	(6,345) 18
	[1,55] 3
1711:
	(13,124) 325
	[2,8] 47
1003:
	(442,5) 21
	[59,1] 3
115:
	(4,158) 0
	[1,3] 0
284:
	(4,295) 0
	[1,47] 0
1811:
	(13,328) 18
	[2,52] 3
1428:
	(9,3) 171
	[1,0] 2
1407:
	(6,372) 11
	[1,58] 2
395:
	(4,83) 91
	[1,2] 1
2214:
	(4,78) 102
	[0,1] 2
789:
	(84,5) 90
	[2,1] 1
2265:
	(6,97) 101
	[0,3] 2
884:
	(129,5) 351
	[9,1] 53
1533:
	(6,436) 11
	[1,58] 2
1107:
	(2,160) 24
	[0,3] 1
2168:
	(4,78) 102
	[0,1] 2
892:
	(84,5) 90
	[2,1] 1
704:
	(84,5) 90
	[2,1] 1
2621:
	(128,5) 1975
	[9,1] 179
2136:
	(4,78) 102
	[0,1] 2
2173:
	(4,79) 103
	[0,1] 2
2202:
	(4,78) 102
	[0,1] 2
580:
	(11,19) 315
	[2,4] 49
698:
	(84,5) 89
	[2,1] 1
1782:
	(17,442) 4
	[2,59] 1
224:
	(4,447) 0
	[1,60] 0
1282:
	(6,136) 332
	[1,10] 48
522:
	(4,83) 91
	[1,2] 1
2115:
	(9,152) 17
	[0,2] 1
1524:
	(6,436) 11
	[1,58] 2
1172:
	(7,3) 165
	[0,0] 3
2030:
	(4,151) 22
	[0,2] 1
2435:
	(11,79) 95
	[0,1] 2
831:
	(2,2) 340
	[0,0] 55
675:
	(129,5) 318
	[9,1] 49
189:
	(5,442) 0
	[1,59] 0
1767:
	(17,442) 4
	[2,59] 1
443:
	(4,128) 319
	[1,9] 46
2069:
	(9,152) 17
	[0,2] 1
1250:
	(10,396) 105
	[1,53] 2
2181:
	(4,79) 103
	[0,1] 2
1751:
	(13,357) 4
	[2,56] 1
558:
	(4,84) 92
	[1,2] 1
1764:
	(17,443) 4
	[2,59] 1
550:
	(4,84) 92
	[1,2] 1
1333:
	(6,311) 25
	[1,50] 4
1466:
	(6,457) 15
	[1,61] 2
1518:
	(6,35396) 614
	[1,5761] 94
1403:
	(6,454) 11
	[1,60] 2
1265:
	(6,137) 332
	[1,10] 52
277:
	(4,317) 0
	[1,51] 0
1592:
	(6,123) 330
	[1,8] 48
257:
	(5,442) 0
	[1,59] 0
1343:
	(6,453) 11
	[1,60] 2
911:
	(318,5) 36
	[51,1] 6
621:
	(10,9) 320
	[2,2] 50
1926:
	(4,151) 22
	[0,2] 1
1611:
	(3,41) 330
	[0,6] 50
2383:
	(14,78) 101
	[1,1] 2
903:
	(84,5) 90
	[2,1] 1
2014:
	(4,152) 22
	[0,2] 1
2070:
	(9,153) 17
	[0,2] 1
718:
	(84,5) 90
	[2,1] 1
1251:
	(10,396) 105
	[1,53] 2
959:
	(85,5) 91
	[2,1] 1
2572:
	(22,154) 4
	[0,2] 1
2092:
	(9,153) 17
	[0,2] 1
596:
	(1104,5) 8624
	[180,1] 1399
1552:
	(6,438) 11
	[1,58] 2
173:
	(5,442) 0
	[1,59] 0
2066:
	(9,153) 17
	[0,2] 1
1872:
	(6,320) 16
	[1,50] 2
575:
	(4,84) 92
	[1,2] 1
518:
	(4,83) 91
	[1,2] 1
1289:
	(6,138) 332
	[1,10] 48
2111:
	(9,151) 17
	[0,2] 1
993:
	(10,5) 325
	[2,1] 51
1287:
	(6,138) 330
	[1,10] 48
399:
	(4,83) 91
	[1,2] 1
660:
	(128,5) 318
	[9,1] 51
918:
	(333,5) 22
	[53,1] 4
715:
	(84,5) 90
	[2,1] 1
2349:
	(3,77) 112
	[0,1] 3
1244:
	(10,397) 105
	[1,53] 2
644:
	(9,307) 15
	[1,49] 2
2166:
	(4,78) 102
	[0,1] 2
1440:
	(6,138) 330
	[1,10] 48
506:
	(4,83) 91
	[1,2] 1
1053:
	(360,5) 21
	[57,1] 3
183:
	(5,442) 0
	[1,59] 0
1795:
	(18,440) 4
	[2,58] 1
2176:
	(4,79) 103
	[0,1] 2
2052:
	(4,152) 22
	[0,2] 1
848:
	(129,5) 318
	[9,1] 49
2234:
	(6,96) 100
	[0,3] 2
2211:
	(4,78) 102
	[0,1] 2
2251:
	(6,97) 101
	[0,3] 2
132:
	(4,441) 0
	[1,59] 0
772:
	(84,5) 90
	[2,1] 1
1809:
	(13,437) 4
	[2,58] 1
902:
	(84,5) 90
	[2,1] 1
380:
	(4,128) 321
	[1,9] 46
2031:
	(4,152) 22
	[0,2] 1
1899:
	(48,4) 126
	[0,0] 3
1604:
	(6,123) 330
	[1,8] 48
1144:
	(53,11) 559
	[8,2] 63
1719:
	(17,1099) 8629
	[2,179] 1400
2503:
	(11,79) 95
	[0,1] 2
591:
	(273,5) 9455
	[45,1] 1534
1255:
	(7,2) 341
	[0,0] 53
273:
	(5,442) 0
	[1,59] 0
463:
	(4,82) 90
	[1,2] 1
304:
	(4,316) 0
	[1,50] 0
2363:
	(6,94) 109
	[0,3] 3
442:
	(4,128) 321
	[1,9] 46
2426:
	(11,79) 95
	[0,1] 2
1879:
	(20,329) 4
	[3,52] 1
1913:
	(66,3) 106
	[0,0] 3
1686:
	(13,124) 325
	[2,8] 47
2341:
	(3,77) 112
	[0,1] 3
297:
	(5,443) 0
	[1,59] 0
2434:
	(11,79) 95
	[0,1] 2
1973:
	(4,151) 22
	[0,2] 1
1549:
	(6,438) 11
	[1,58] 2
742:
	(2,2) 178
	[0,0] 3
2138:
	(4,78) 102
	[0,1] 2
710:
	(2,2) 320
	[0,0] 51
2360:
	(3,77) 112
	[0,1] 3
2562:
	(21,78) 94
	[1,1] 2
619:
	(382,5) 513
	[64,1] 82
254:
	(2,2) 0
	[0,0] 0
2565:
	(21,78) 94
	[1,1] 2
1292:
	(6,137) 330
	[1,10] 48
2209:
	(4,78) 102
	[0,1] 2
2085:
	(9,152) 17
	[0,2] 1
286:
	(4,585) 0
	[1,93] 0
1395:
	(6,183) 417
	[1,17] 52
868:
	(129,5) 320
	[9,1] 48
449:
	(4,127) 319
	[1,9] 46
1443:
	(6,460) 15
	[1,61] 2
1468:
	(6,138) 330
	[1,10] 48
2574:
	(22,153) 4
	[0,2] 1
1092:
	(3,2) 169
	[0,0] 3
2354:
	(6,95) 109
	[0,3] 3
198:
	(4,441) 0
	[1,59] 0
2164:
	(4,78) 102
	[0,1] 2
2143:
	(4,78) 102
	[0,1] 2
2651:
	(394,7) 1709
	[28,1] 160
2338:
	(3,77) 112
	[0,1] 3
585:
	(9,273) 9459
	[2,45] 1535
1741:
	(13,436) 4
	[2,58] 1
272:
	(5,444) 0
	[1,59] 0
236:
	(4,447) 0
	[1,60] 0
945:
	(448,5) 25
	[60,1] 3
1916:
	(68,3) 108
	[0,0] 3
451:
	(4,128) 321
	[1,9] 46
1362:
	(6,452) 11
	[1,60] 2
577:
	(9,10) 325
	[2,2] 51
594:
	(551,5) 9177
	[90,1] 1489
904:
	(84,5) 89
	[2,1] 1
2588:
	(22,153) 4
	[0,2] 1
1623:
	(6,123) 340
	[1,8] 52
1324:
	(6,435) 11
	[1,58] 2
2373:
	(3,77) 113
	[0,1] 3
2291:
	(6,96) 100
	[0,3] 2
2303:
	(6,96) 100
	[0,3] 2
118:
	(4,443) 0
	[1,59] 0
856:
	(129,5) 320
	[9,1] 49
2540:
	(21,78) 94
	[1,1] 2
103:
	(4,158) 0
	[1,3] 0
2583:
	(22,154) 4
	[0,2] 1
747:
	(84,5) 90
	[2,1] 1
1239:
	(10,396) 105
	[1,53] 2
1807:
	(13,328) 11
	[2,52] 2
1591:
	(3,41) 301
	[0,6] 49
2077:
	(9,152) 17
	[0,2] 1
1512:
	(6,2219) 7534
	[1,361] 1221
574:
	(4,84) 92
	[1,2] 1
1131:
	(2,160) 24
	[0,3] 1
2321:
	(3,77) 112
	[0,1] 3
2013:
	(4,150) 22
	[0,2] 1
1594:
	(6,122) 330
	[1,8] 48
1497:
	(6,453) 14
	[1,60] 2
1291:
	(6,137) 330
	[1,10] 48
1304:
	(6,438) 11
	[1,58] 2
274:
	(5,442) 0
	[1,59] 0
2612:
	(12,833) 8901
	[2,136] 1444
1221:
	(10,442) 11
	[1,59] 2
951:
	(159,5) 26
	[3,1] 1
1874:
	(6,358) 12
	[1,56] 2
1311:
	(6,436) 11
	[1,58] 2
1166:
	(133,9) 320
	[10,2] 45
1418:
	(9,3) 171
	[1,0] 2
2193:
	(4,78) 102
	[0,1] 2
1650:
	(9,3) 171
	[1,0] 2
855:
	(129,5) 318
	[9,1] 49
2415:
	(11,79) 95
	[0,1] 2
1644:
	(6,452) 11
	[1,60] 2
1370:
	(6,453) 11
	[1,60] 2
2215:
	(4,78) 102
	[0,1] 2
805:
	(85,5) 91
	[2,1] 1
265:
	(5,444) 0
	[1,59] 0
1280:
	(6,136) 332
	[1,10] 48
536:
	(4,9) 321
	[1,2] 50
2082:
	(9,153) 17
	[0,2] 1
1701:
	(13,123) 325
	[2,8] 47
762:
	(84,5) 90
	[2,1] 1
421:
	(4,83) 91
	[1,2] 1
2536:
	(12,153) 14
	[0,2] 1
1267:
	(6,438) 11
	[1,58] 2
1560:
	(6,354) 11
	[1,56] 2
1788:
	(18,444) 4
	[2,59] 1
1654:
	(9,3) 171
	[1,0] 2
458:
	(4,127) 319
	[1,9] 46
1126:
	(2,160) 24
	[0,3] 1
2476:
	(11,79) 95
	[0,1] 2
453:
	(4,128) 319
	[1,9] 46
2125:
	(4,78) 102
	[0,1] 2
2306:
	(6,96) 100
	[0,3] 2
483:
	(4,83) 90
	[1,2] 1
1446:
	(6,136) 330
	[1,10] 50
1405:
	(12,189) 423
	[2,18] 53
1787:
	(17,442) 4
	[2,59] 1
312:
	(2,2) 0
	[0,0] 0
316:
	(5,445) 0
	[1,59] 0
1790:
	(13,437) 4
	[2,58] 1
2140:
	(4,78) 102
	[0,1] 2
2384:
	(14,78) 101
	[1,1] 2
1706:
	(13,124) 325
	[2,8] 47
818:
	(85,5) 91
	[2,1] 1
175:
	(5,444) 0
	[1,59] 0
1106:
	(2,161) 24
	[0,3] 1
626:
	(82,7) 248
	[14,1] 38
227:
	(4,447) 0
	[1,60] 0
2361:
	(6,94) 109
	[0,3] 3
768:
	(451,5) 26
	[60,1] 3
413:
	(4,83) 91
	[1,2] 1
1373:
	(6,370) 11
	[1,58] 2
1888:
	(293,10) 298
	[46,1] 48
1157:
	(133,9) 320
	[10,2] 45
2163:
	(4,78) 102
	[0,1] 2
685:
	(83,5) 89
	[2,1] 1
754:
	(85,5) 91
	[2,1] 1
226:
	(4,447) 0
	[1,60] 0
1831:
	(13,437) 4
	[2,58] 1
1683:
	(13,124) 323
	[2,8] 47
2581:
	(22,154) 4
	[0,2] 1
539:
	(4,93) 237
	[1,16] 36
447:
	(4,128) 321
	[1,9] 46
279:
	(4,333) 0
	[1,53] 0
1858:
	(311,10) 112
	[50,1] 3
105:
	(4,157) 0
	[1,3] 0
1522:
	(6,438) 11
	[1,58] 2
1018:
	(442,5) 21
	[59,1] 3
832:
	(17424,13) 874
	[2836,2] 137
2224:
	(6,96) 100
	[0,3] 2
630:
	(178,11) 148
	[30,2] 21
459:
	(4,128) 319
	[1,9] 46
1639:
	(10,2204) 7530
	[1,359] 1221
1909:
	(65,5) 111
	[0,0] 3
1588:
	(6,123) 330
	[1,8] 48
2533:
	(12,152) 14
	[0,2] 1
457:
	(4,127) 319
	[1,9] 46
664:
	(129,5) 318
	[9,1] 49
774:
	(442,5) 21
	[59,1] 3
247:
	(2,2) 0
	[0,0] 0
358:
	(4,128) 319
	[1,9] 46
1133:
	(2,160) 24
	[0,3] 1
1869:
	(23,287) 313
	[3,46] 49
1029:
	(448,5) 27
	[60,1] 3
1253:
	(10,396) 105
	[1,53] 2
2089:
	(9,153) 17
	[0,2] 1
2239:
	(6,96) 100
	[0,3] 2
2274:
	(6,97) 101
	[0,3] 2
1479:
	(6,454) 11
	[1,60] 2
1122:
	(2,161) 24
	[0,3] 1
1509:
	(6,457) 15
	[1,61] 2
1850:
	(17,17689) 603
	[2,2879] 93
2484:
	(11,79) 95
	[0,1] 2
1393:
	(6,182) 417
	[1,17] 52
2528:
	(12,152) 14
	[0,2] 1
1891:
	(10,578) 11
	[1,92] 2
1845:
	(13,437) 4
	[2,58] 1
2012:
	(4,154) 22
	[0,2] 1
1392:
	(9,439) 11
	[1,59] 2
1114:
	(2,160) 24
	[0,3] 1
1038:
	(159,5) 26
	[3,1] 1
1056:
	(445,5) 24
	[60,1] 3
1541:
	(6,436) 11
	[1,58] 2
509:
	(4,83) 91
	[1,2] 1
1105:
	(301,7) 19
	[48,1] 3
1841:
	(13,439) 4
	[2,58] 1
1085:
	(3,2) 169
	[0,0] 3
632:
	(370,7) 525
	[62,1] 84
2600:
	(22,154) 4
	[0,2] 1
691:
	(84,5) 89
	[2,1] 1
2283:
	(6,96) 100
	[0,3] 2
89:
	(4,157) 0
	[1,3] 0
2188:
	(4,78) 102
	[0,1] 2
420:
	(4,83) 91
	[1,2] 1
307:
	(4,314) 0
	[1,50] 0
1047:
	(85,5) 91
	[2,1] 1
2511:
	(12,152) 14
	[0,2] 1
271:
	(5,442) 0
	[1,59] 0
249:
	(4,359) 0
	[1,57] 0
957:
	(159,5) 26
	[3,1] 1
1336:
	(6,452) 11
	[1,60] 2
1052:
	(448,5) 27
	[60,1] 3
1188:
	(10,258) 19
	[2,42] 3
1274:
	(6,56) 298
	[1,8] 48
1928:
	(4,154) 22
	[0,2] 1
1119:
	(2,161) 24
	[0,3] 1
1162:
	(133,9) 320
	[10,2] 45
2034:
	(4,152) 22
	[0,2] 1
1806:
	(10,312) 4
	[1,49] 1
2571:
	(22,154) 4
	[0,2] 1
1983:
	(4,152) 22
	[0,2] 1
1220:
	(10,442) 11
	[1,59] 2
2122:
	(9,153) 17
	[0,2] 1
2129:
	(4,78) 102
	[0,1] 2
1358:
	(6,458) 15
	[1,61] 2
598:
	(6,825) 8903
	[1,135] 1444
1923:
	(4,152) 22
	[0,2] 1
1467:
	(6,459) 15
	[1,61] 2
139:
	(4,441) 0
	[1,59] 0
2479:
	(11,79) 95
	[0,1] 2
1579:
	(6,122) 330
	[1,8] 50
651:
	(38,7) 304
	[6,1] 49
414:
	(4,83) 91
	[1,2] 1
1907:
	(64,5) 110
	[0,0] 3
682:
	(2,2) 184
	[0,0] 4
2466:
	(11,80) 96
	[0,1] 2
1754:
	(16,440) 4
	[2,59] 1
2631:
	(129,5) 1974
	[9,1] 179
2430:
	(11,79) 95
	[0,1] 2
2189:
	(4,78) 102
	[0,1] 2
248:
	(4,359) 0
	[1,57] 0
2330:
	(6,95) 109
	[0,3] 3
2481:
	(11,79) 95
	[0,1] 2
166:
	(5,442) 0
	[1,59] 0
1007:
	(84,5) 90
	[2,1] 1
471:
	(4,83) 90
	[1,2] 1
2522:
	(12,152) 14
	[0,2] 1
1915:
	(67,3) 107
	[0,0] 3
1363:
	(6,454) 11
	[1,60] 2
404:
	(4,83) 91
	[1,2] 1
1570:
	(6,123) 330
	[1,8] 48
1327:
	(6,435) 11
	[1,58] 2
648:
	(8,39) 346
	[1,6] 55
503:
	(4,35386) 599
	[1,5760] 92
1641:
	(10,545) 9189
	[1,89] 1491
604:
	(6,4143) 5585
	[1,675] 904
638:
	(39,4) 133
	[0,0] 3
1083:
	(3,2) 169
	[0,0] 3
814:
	(159,5) 26
	[3,1] 1
174:
	(5,442) 0
	[1,59] 0
2510:
	(12,152) 14
	[0,2] 1
2398:
	(14,78) 101
	[1,1] 2
841:
	(129,5) 318
	[9,1] 49
819:
	(85,5) 91
	[2,1] 1
2093:
	(9,151) 17
	[0,2] 1
283:
	(4,332) 0
	[1,53] 0
1472:
	(6,456) 11
	[1,60] 2
2064:
	(9,152) 17
	[0,2] 1
1875:
	(6,610) 16
	[1,96] 2
2041:
	(4,151) 22
	[0,2] 1
2131:
	(4,78) 102
	[0,1] 2
2320:
	(3,77) 112
	[0,1] 3
790:
	(360,5) 23
	[57,1] 3
1511:
	(6,1113) 8640
	[1,181] 1401
372:
	(4,128) 319
	[1,9] 46
1117:
	(2,160) 24
	[0,3] 1
738:
	(2,2) 178
	[0,0] 3
519:
	(4,83) 91
	[1,2] 1
2028:
	(4,152) 22
	[0,2] 1
1932:
	(4,154) 22
	[0,2] 1
765:
	(444,5) 21
	[59,1] 3
2446:
	(11,80) 96
	[0,1] 2
1662:
	(9,3) 171
	[1,0] 2
960:
	(158,5) 26
	[3,1] 1
1688:
	(13,124) 325
	[2,8] 47
2447:
	(11,80) 96
	[0,1] 2
91:
	(4,157) 0
	[1,3] 0
2312:
	(6,96) 100
	[0,3] 2
1848:
	(17,8841) 877
	[2,1439] 138
2394:
	(14,78) 101
	[1,1] 2
117:
	(4,442) 0
	[1,59] 0
1774:
	(13,124) 323
	[2,8] 49
2270:
	(6,97) 101
	[0,3] 2
2637:
	(134,6) 1969
	[10,1] 178
850:
	(128,5) 318
	[9,1] 49
846:
	(129,5) 320
	[9,1] 49
108:
	(4,158) 0
	[1,3] 0
1084:
	(3,2) 169
	[0,0] 3
1691:
	(13,124) 323
	[2,8] 47
1781:
	(17,442) 4
	[2,59] 1
2355:
	(3,77) 112
	[0,1] 3
1490:
	(6,327) 8
	[1,51] 1
543:
	(4,1530) 126
	[1,256] 17
2053:
	(4,152) 22
	[0,2] 1
748:
	(84,5) 90
	[2,1] 1
1649:
	(9,3) 171
	[1,0] 2
1530:
	(6,354) 11
	[1,56] 2
1249:
	(10,396) 105
	[1,53] 2
92:
	(4,157) 0
	[1,3] 0
1885:
	(7,328) 11
	[1,52] 2
684:
	(84,5) 90
	[2,1] 1
2539:
	(21,79) 94
	[1,1] 2
816:
	(442,5) 21
	[59,1] 3
382:
	(4,128) 321
	[1,9] 46
1567:
	(6,122) 330
	[1,8] 48
172:
	(5,444) 0
	[1,59] 0
1109:
	(4,2) 170
	[0,0] 3
424:
	(4,25) 282
	[1,4] 44
2614:
	(11,1526) 130
	[2,255] 18
1366:
	(6,452) 11
	[1,60] 2
240:
	(4,447) 0
	[1,60] 0
1032:
	(85,5) 91
	[2,1] 1
1068:
	(3,2) 345
	[0,0] 53
530:
	(4,83) 91
	[1,2] 1
1556:
	(6,436) 11
	[1,58] 2
893:
	(83,5) 89
	[2,1] 1
1924:
	(4,154) 22
	[0,2] 1
2327:
	(3,77) 112
	[0,1] 3
516:
	(4,83) 91
	[1,2] 1
2056:
	(4,152) 22
	[0,2] 1
1104:
	(6,300) 20
	[1,48] 3
1050:
	(442,5) 21
	[59,1] 3
2345:
	(3,77) 112
	[0,1] 3
2557:
	(21,79) 94
	[1,1] 2
416:
	(4,83) 91
	[1,2] 1
2252:
	(6,97) 101
	[0,3] 2
1829:
	(13,439) 4
	[2,58] 1
2322:
	(6,95) 109
	[0,3] 3
1999:
	(4,154) 22
	[0,2] 1
1658:
	(9,3) 171
	[1,0] 2
1679:
	(13,124) 325
	[2,8] 47
1534:
	(6,891) 25
	[1,142] 4
209:
	(4,440) 0
	[1,59] 0
673:
	(129,5) 320
	[9,1] 49
1576:
	(6,122) 330
	[1,8] 48
2021:
	(4,151) 22
	[0,2] 1
1078:
	(9,333) 405
	[2,53] 63
2248:
	(6,96) 100
	[0,3] 2
1832:
	(13,437) 4
	[2,58] 1
2101:
	(9,151) 17
	[0,2] 1
1901:
	(49,4) 127
	[0,0] 3
670:
	(129,5) 318
	[9,1] 49
1474:
	(6,370) 11
	[1,58] 2
566:
	(4,84) 92
	[1,2] 1
2097:
	(9,151) 17
	[0,2] 1
746:
	(448,5) 25
	[60,1] 3
2496:
	(11,79) 95
	[0,1] 2
873:
	(129,5) 318
	[9,1] 49
749:
	(159,5) 26
	[3,1] 1
1624:
	(6,123) 342
	[1,8] 52
1998:
	(4,152) 22
	[0,2] 1
1528:
	(6,438) 11
	[1,58] 2
2359:
	(6,94) 109
	[0,3] 3
932:
	(84,5) 90
	[2,1] 1
228:
	(4,447) 0
	[1,60] 0
694:
	(84,5) 90
	[2,1] 1
1877:
	(27,313) 4
	[4,50] 1
2037:
	(4,152) 22
	[0,2] 1
450:
	(4,128) 321
	[1,9] 46
2121:
	(9,152) 17
	[0,2] 1
207:
	(4,443) 0
	[1,59] 0
1821:
	(13,439) 4
	[2,58] 1
2073:
	(9,151) 17
	[0,2] 1
2219:
	(9,152) 17
	[0,2] 1
1548:
	(6,605) 25
	[1,96] 4
2241:
	(6,96) 100
	[0,3] 2
2372:
	(3,77) 113
	[0,1] 3
2335:
	(3,77) 112
	[0,1] 3
410:
	(4,83) 91
	[1,2] 1
171:
	(5,442) 0
	[1,59] 0
1048:
	(450,5) 26
	[60,1] 3
1966:
	(4,151) 22
	[0,2] 1
988:
	(158,5) 26
	[3,1] 1
90:
	(4,157) 0
	[1,3] 0
592:
	(4422,5) 5306
	[720,1] 859
1523:
	(6,436) 11
	[1,58] 2
308:
	(5,360) 0
	[1,57] 0
381:
	(4,128) 321
	[1,9] 46
1313:
	(6,436) 11
	[1,58] 2
2002:
	(4,152) 22
	[0,2] 1
717:
	(205,22) 108
	[34,4] 14
441:
	(4,128) 319
	[1,9] 46
497:
	(4,550) 9178
	[1,90] 1489
2208:
	(4,78) 102
	[0,1] 2
1435:
	(6,460) 15
	[1,61] 2
1936:
	(4,154) 22
	[0,2] 1
2184:
	(4,79) 103
	[0,1] 2
2232:
	(6,96) 100
	[0,3] 2
829:
	(281,11) 9453
	[46,2] 1534
1537:
	(3,309) 11
	[0,49] 2
2601:
	(22,154) 4
	[0,2] 1
159:
	(4,443) 0
	[1,59] 0
1954:
	(4,151) 22
	[0,2] 1
2500:
	(11,79) 95
	[0,1] 2
2419:
	(11,79) 95
	[0,1] 2
881:
	(129,5) 320
	[9,1] 49
1009:
	(447,5) 25
	[60,1] 3
2445:
	(11,80) 96
	[0,1] 2
1429:
	(9,3) 171
	[1,0] 2
203:
	(4,443) 0
	[1,59] 0
949:
	(84,5) 90
	[2,1] 1
1860:
	(317,10) 118
	[51,1] 4
916:
	(272,5) 28
	[44,1] 5
671:
	(47,5) 318
	[7,1] 50
1918:
	(67,4) 122
	[0,0] 4
1306:
	(6,436) 11
	[1,58] 2
2287:
	(6,96) 100
	[0,3] 2
2183:
	(4,79) 103
	[0,1] 2
1598:
	(6,123) 330
	[1,8] 50
745:
	(2,2) 178
	[0,0] 3
1513:
	(6,8855) 888
	[1,1441] 139
1653:
	(9,3) 171
	[1,0] 2
1736:
	(13,439) 4
	[2,58] 1
726:
	(84,5) 90
	[2,1] 1
617:
	(94,5) 236
	[16,1] 36
318:
	(5,444) 0
	[1,59] 0
98:
	(4,158) 0
	[1,3] 0
2262:
	(6,97) 101
	[0,3] 2
148:
	(4,442) 0
	[1,59] 0
2494:
	(11,79) 95
	[0,1] 2
1833:
	(13,439) 4
	[2,58] 1
1794:
	(13,439) 4
	[2,58] 1
305:
	(4,314) 0
	[1,50] 0
1414:
	(6,345) 18
	[1,55] 3
557:
	(4,84) 92
	[1,2] 1
609:
	(8568,11) 1156
	[1395,2] 183
1630:
	(6,122) 330
	[1,8] 48
1862:
	(2,290) 305
	[0,46] 49
2259:
	(6,97) 101
	[0,3] 2
890:
	(334,5) 29
	[53,1] 5
909:
	(84,5) 89
	[2,1] 1
538:
	(4,45) 285
	[1,8] 44
1030:
	(84,5) 90
	[2,1] 1
1349:
	(6,452) 11
	[1,60] 2
1761:
	(13,124) 325
	[2,8] 47
1376:
	(6,454) 11
	[1,60] 2
702:
	(83,5) 89
	[2,1] 1
1149:
	(133,9) 320
	[10,2] 45
2229:
	(6,96) 100
	[0,3] 2
534:
	(4,83) 91
	[1,2] 1
1810:
	(13,312) 18
	[2,50] 3
1804:
	(13,437) 4
	[2,58] 1
402:
	(4,83) 91
	[1,2] 1
1580:
	(6,123) 332
	[1,8] 48
1031:
	(362,5) 21
	[57,1] 3
220:
	(4,446) 0
	[1,60] 0
1696:
	(13,123) 323
	[2,8] 47
1209:
	(10,441) 11
	[1,59] 2
2191:
	(4,78) 102
	[0,1] 2
2575:
	(22,153) 4
	[0,2] 1
1181:
	(136,21) 320
	[10,3] 51
1960:
	(4,154) 22
	[0,2] 1
216:
	(4,446) 0
	[1,60] 0
130:
	(4,443) 0
	[1,59] 0
1603:
	(6,123) 330
	[1,8] 48
2421:
	(11,79) 95
	[0,1] 2
882:
	(129,5) 320
	[9,1] 49
378:
	(4,128) 319
	[1,9] 46
1595:
	(3,41) 301
	[0,6] 49
2023:
	(4,154) 22
	[0,2] 1
599:
	(826,7) 8902
	[135,1] 1444
1476:
	(6,454) 11
	[1,60] 2
2245:
	(6,96) 100
	[0,3] 2
2530:
	(12,153) 14
	[0,2] 1
950:
	(317,5) 18
	[50,1] 2
731:
	(2,2) 178
	[0,0] 3
1402:
	(12,188) 423
	[2,18] 53
2374:
	(6,95) 110
	[0,3] 3
1681:
	(13,124) 325
	[2,8] 47
2440:
	(11,79) 95
	[0,1] 2
597:
	(273,9) 9461
	[45,2] 1535
1235:
	(10,397) 105
	[1,53] 2
1270:
	(6,138) 332
	[1,10] 48
792:
	(2,2) 178
	[0,0] 3
1544:
	(6,436) 11
	[1,58] 2
2638:
	(9,128) 2094
	[2,9] 186
1231:
	(10,397) 105
	[1,53] 2
1269:
	(6,137) 330
	[1,10] 48
1193:
	(7,3) 165
	[0,0] 3
2448:
	(11,80) 96
	[0,1] 2
994:
	(442,5) 21
	[59,1] 3
2585:
	(22,154) 4
	[0,2] 1
2165:
	(4,78) 102
	[0,1] 2
879:
	(129,5) 320
	[9,1] 49
1413:
	(6,455) 14
	[1,61] 2
431:
	(4,127) 319
	[1,9] 48
2403:
	(17,95) 98
	[1,3] 2
906:
	(84,5) 90
	[2,1] 1
2353:
	(3,77) 112
	[0,1] 3
708:
	(84,5) 90
	[2,1] 1
1160:
	(132,9) 320
	[10,2] 45
1957:
	(4,152) 22
	[0,2] 1
1171:
	(8,3) 166
	[0,0] 3
1910:
	(64,5) 110
	[0,0] 3
2422:
	(11,79) 95
	[0,1] 2
1671:
	(13,439) 4
	[2,58] 1
1374:
	(6,138) 332
	[1,10] 48
2018:
	(4,154) 22
	[0,2] 1
970:
	(85,5) 91
	[2,1] 1
1583:
	(6,122) 332
	[1,8] 48
924:
	(333,5) 22
	[53,1] 4
2495:
	(11,79) 95
	[0,1] 2
1578:
	(6,123) 330
	[1,8] 48
1386:
	(6,461) 16
	[1,61] 2
2603:
	(2,2) 161
	[0,0] 4
1865:
	(3,292) 305
	[0,46] 49
2130:
	(4,79) 103
	[0,1] 2
504:
	(4,83) 91
	[1,2] 1
1298:
	(6,138) 330
	[1,10] 48
2060:
	(9,153) 17
	[0,2] 1
313:
	(2,2) 0
	[0,0] 0
2263:
	(6,97) 101
	[0,3] 2
2433:
	(11,79) 95
	[0,1] 2
1039:
	(1104,5) 8649
	[180,1] 1402
2328:
	(6,95) 109
	[0,3] 3
2436:
	(11,79) 95
	[0,1] 2
2294:
	(6,96) 100
	[0,3] 2
634:
	(6,753) 142
	[1,126] 20
1493:
	(288,3) 309
	[46,0] 49
2112:
	(9,153) 17
	[0,2] 1
2231:
	(6,96) 100
	[0,3] 2
595:
	(8846,5) 9456
	[1440,1] 1534
511:
	(4,83) 91
	[1,2] 1
1187:
	(259,11) 18
	[42,2] 3
1433:
	(6,456) 11
	[1,60] 2
264:
	(5,442) 0
	[1,59] 0
1214:
	(10,441) 11
	[1,59] 2
1613:
	(6,123) 332
	[1,8] 48
1454:
	(6,344) 11
	[1,55] 2
669:
	(129,5) 318
	[9,1] 49
2197:
	(4,78) 102
	[0,1] 2
2463:
	(11,80) 96
	[0,1] 2
695:
	(84,5) 89
	[2,1] 1
810:
	(85,5) 91
	[2,1] 1
2258:
	(6,97) 101
	[0,3] 2
1621:
	(6,123) 332
	[1,8] 50
2323:
	(3,77) 112
	[0,1] 3
489:
	(4,82) 90
	[1,2] 1
1943:
	(4,152) 22
	[0,2] 1
646:
	(306,8) 14
	[49,1] 2
1261:
	(53,21) 382
	[8,4] 47
1400:
	(6,344) 11
	[1,55] 2
1718:
	(13,124) 323
	[2,8] 47
1842:
	(17,2205) 7523
	[2,359] 1220
1847:
	(13,355) 4
	[2,56] 1
779:
	(442,5) 21
	[59,1] 3
2343:
	(6,94) 109
	[0,3] 3
2055:
	(4,151) 22
	[0,2] 1
1772:
	(13,328) 4
	[2,52] 1
1557:
	(6,438) 11
	[1,58] 2
1768:
	(17,443) 4
	[2,59] 1
1707:
	(13,124) 323
	[2,8] 47
1323:
	(6,438) 11
	[1,58] 2
1005:
	(441,5) 21
	[59,1] 3
1590:
	(6,123) 332
	[1,8] 48
1935:
	(4,152) 22
	[0,2] 1
1682:
	(13,437) 4
	[2,58] 1
583:
	(8846,5) 872
	[1440,1] 137
2079:
	(9,152) 17
	[0,2] 1
1419:
	(9,3) 171
	[1,0] 2
1585:
	(6,123) 332
	[1,8] 48
1664:
	(14,268) 9460
	[2,44] 1535
1043:
	(84,5) 90
	[2,1] 1
836:
	(8576,13) 1148
	[1396,2] 182
2273:
	(6,97) 101
	[0,3] 2
1793:
	(13,439) 4
	[2,58] 1
1763:
	(17,443) 4
	[2,59] 1
2368:
	(3,77) 112
	[0,1] 3
2520:
	(12,153) 14
	[0,2] 1
1238:
	(10,396) 105
	[1,53] 2
571:
	(4,84) 92
	[1,2] 1
639:
	(15,4) 157
	[0,0] 3
2169:
	(4,78) 102
	[0,1] 2
989:
	(2210,5) 7543
	[360,1] 1222
1197:
	(135,11) 477
	[10,2] 61
2531:
	(12,152) 14
	[0,2] 1
210:
	(4,440) 0
	[1,59] 0
1538:
	(6,438) 11
	[1,58] 2
2474:
	(11,80) 96
	[0,1] 2
1375:
	(10,442) 11
	[1,59] 2
899:
	(84,5) 89
	[2,1] 1
996:
	(443,5) 21
	[59,1] 3
2538:
	(12,153) 14
	[0,2] 1
757:
	(2,2) 178
	[0,0] 3

-----------------------------------
Sum of T(sa0)s: ∞
Sum of T(sa1)s: ∞
Testability index: ∞