0:
	(1,1) ∞
	[0,0] ∞
1:
	(1,1) 9
	[0,0] 2
x:
	(1,1) ∞
	[0,0] ∞
2:
	(1,1) 9
	[0,0] 2
3:
	(1,1) 11
	[0,0] 1
4:
	(1,1) 18
	[0,0] 1
5:
	(1,1) 40
	[0,0] 1
6:
	(1,1) 29
	[0,0] 1
7:
	(1,1) 40
	[0,0] 1
8:
	(1,1) 40
	[0,0] 1
9:
	(1,1) 30
	[0,0] 1
10:
	(1,1) 30
	[0,0] 1
11:
	(1,1) 29
	[0,0] 1
12:
	(1,1) 29
	[0,0] 1
13:
	(1,1) 29
	[0,0] 1
14:
	(1,1) 29
	[0,0] 1
15:
	(1,1) 29
	[0,0] 1
16:
	(1,1) 29
	[0,0] 1
17:
	(1,1) 29
	[0,0] 1
18:
	(1,1) 29
	[0,0] 1
27:
	(4,18) 0
	[1,1] 0
28:
	(4,18) 0
	[1,1] 0
29:
	(4,18) 0
	[1,1] 0
30:
	(4,18) 0
	[1,1] 0
31:
	(4,18) 0
	[1,1] 0
32:
	(4,18) 0
	[1,1] 0
33:
	(4,18) 0
	[1,1] 0
34:
	(4,18) 0
	[1,1] 0
36:
	(3,6) 0
	[1,1] 0
37:
	(3,73) 0
	[1,1] 0
195:
	(9,3) 3
	[0,0] 1
194:
	(3,70) 3
	[0,0] 1
192:
	(6,10) 6
	[0,0] 1
191:
	(67,6) 6
	[0,0] 1
190:
	(3,138) 9
	[0,0] 1
189:
	(3,66) 9
	[0,0] 1
187:
	(135,10) 12
	[0,0] 1
35:
	(3,21) 0
	[1,1] 0
186:
	(63,17) 12
	[0,0] 1
185:
	(101,9) 46
	[0,0] 1
184:
	(14,18) 3
	[0,0] 1
183:
	(47,16) 28
	[0,0] 1
182:
	(8,21) 9
	[0,0] 1
181:
	(84,9) 63
	[0,0] 1
180:
	(39,16) 36
	[0,0] 1
20:
	(3,17) 0
	[1,1] 0
22:
	(3,17) 0
	[1,1] 0
19:
	(3,17) 0
	[1,1] 0
25:
	(3,17) 0
	[1,1] 0
23:
	(3,17) 0
	[1,1] 0
21:
	(3,17) 0
	[1,1] 0
26:
	(3,17) 0
	[1,1] 0
24:
	(3,17) 0
	[1,1] 0
179:
	(67,10) 80
	[0,0] 1
178:
	(4,20) 13
	[0,0] 1
177:
	(5,17) 12
	[0,0] 1
176:
	(8,14) 3
	[0,0] 1
175:
	(8,14) 3
	[0,0] 1
174:
	(31,17) 44
	[0,0] 1
173:
	(8,14) 3
	[0,0] 1
172:
	(8,14) 3
	[0,0] 1
171:
	(8,14) 3
	[0,0] 1
170:
	(8,14) 3
	[0,0] 1
169:
	(8,14) 3
	[0,0] 1
168:
	(8,14) 3
	[0,0] 1
167:
	(33,9) 114
	[0,0] 1
166:
	(14,5) 19
	[0,0] 1
164:
	(14,5) 15
	[0,0] 1
162:
	(33,9) 114
	[0,0] 1
161:
	(33,9) 114
	[0,0] 1
160:
	(4,13) 7
	[0,0] 1
159:
	(4,13) 7
	[0,0] 1
157:
	(15,16) 60
	[0,0] 1
155:
	(15,16) 60
	[0,0] 1
153:
	(15,16) 60
	[0,0] 1
152:
	(4,13) 7
	[0,0] 1
150:
	(4,13) 7
	[0,0] 1
148:
	(4,13) 7
	[0,0] 1
146:
	(4,13) 7
	[0,0] 1
165:
	(4,13) 7
	[0,0] 1
163:
	(4,13) 7
	[0,0] 1
142:
	(16,8) 131
	[0,0] 1
141:
	(16,8) 131
	[0,0] 1
140:
	(16,8) 131
	[0,0] 1
139:
	(16,8) 131
	[0,0] 1
138:
	(16,8) 131
	[0,0] 1
137:
	(16,8) 131
	[0,0] 1
136:
	(16,8) 131
	[0,0] 1
135:
	(16,8) 131
	[0,0] 1
144:
	(7,15) 13
	[0,0] 1
151:
	(7,15) 13
	[0,0] 1
154:
	(7,15) 13
	[0,0] 1
156:
	(7,15) 13
	[0,0] 1
143:
	(7,15) 13
	[0,0] 1
145:
	(7,15) 13
	[0,0] 1
149:
	(7,15) 13
	[0,0] 1
147:
	(7,15) 13
	[0,0] 1
134:
	(7,25) 21
	[0,1] 1
133:
	(7,25) 21
	[0,1] 1
132:
	(7,25) 21
	[0,1] 1
131:
	(7,25) 21
	[0,1] 1
130:
	(7,25) 21
	[0,1] 1
129:
	(7,17) 21
	[0,0] 1
128:
	(7,25) 21
	[0,1] 1
127:
	(7,25) 21
	[0,1] 1
126:
	(7,6) 21
	[0,0] 1
125:
	(7,6) 21
	[0,0] 1
124:
	(7,6) 21
	[0,0] 1
123:
	(7,6) 21
	[0,0] 1
122:
	(7,6) 21
	[0,0] 1
121:
	(7,6) 21
	[0,0] 1
120:
	(7,6) 21
	[0,0] 1
119:
	(7,6) 21
	[0,0] 1
118:
	(3,24) 25
	[0,1] 1
117:
	(3,24) 25
	[0,1] 1
115:
	(3,24) 25
	[0,1] 1
114:
	(3,24) 25
	[0,1] 1
113:
	(3,24) 25
	[0,1] 1
112:
	(3,24) 25
	[0,1] 1
111:
	(3,24) 25
	[0,1] 1
110:
	(3,24) 25
	[0,1] 1
109:
	(3,29) 25
	[0,1] 1
107:
	(3,29) 25
	[0,1] 1
105:
	(3,29) 25
	[0,1] 1
102:
	(3,29) 25
	[0,1] 1
100:
	(3,29) 25
	[0,1] 1
98:
	(3,29) 25
	[0,1] 1
96:
	(3,29) 25
	[0,1] 1
95:
	(3,29) 25
	[0,1] 1
93:
	(3,29) 25
	[0,1] 1
91:
	(3,29) 25
	[0,1] 1
90:
	(3,29) 25
	[0,1] 1
89:
	(3,29) 25
	[0,1] 1
88:
	(3,29) 25
	[0,1] 1
86:
	(3,16) 25
	[0,0] 1
85:
	(3,16) 25
	[0,0] 1
83:
	(3,29) 25
	[0,1] 1
116:
	(5,2) 44
	[0,0] 2
103:
	(10,2) 31
	[0,0] 1
99:
	(10,2) 31
	[0,0] 1
82:
	(3,8) 46
	[0,0] 2
81:
	(8,3) 33
	[0,0] 1
79:
	(8,3) 33
	[0,0] 1
77:
	(3,23) 8
	[0,1] 1
76:
	(3,23) 8
	[0,1] 1
74:
	(3,27) 14
	[0,1] 1
73:
	(3,23) 8
	[0,1] 1
72:
	(3,23) 8
	[0,1] 1
71:
	(3,23) 8
	[0,1] 1
70:
	(3,23) 8
	[0,1] 1
69:
	(3,23) 8
	[0,1] 1
68:
	(3,23) 8
	[0,1] 1
67:
	(5,5) 49
	[0,0] 2
65:
	(5,3) 36
	[0,0] 1
78:
	(5,3) 28
	[0,0] 1
63:
	(3,5) 25
	[0,0] 1
62:
	(3,5) 25
	[0,0] 1
60:
	(3,5) 25
	[0,0] 1
59:
	(3,5) 25
	[0,0] 1
58:
	(3,5) 25
	[0,0] 1
66:
	(2,4) 27
	[0,0] 1
158:
	(5,3) 15
	[0,0] 1
57:
	(3,5) 25
	[0,0] 1
56:
	(3,5) 25
	[0,0] 1
55:
	(3,5) 25
	[0,0] 1
54:
	(2,9) 10
	[0,1] 1
53:
	(2,76) 10
	[0,1] 1
64:
	(2,4) 37
	[0,0] 1
84:
	(5,3) 36
	[0,0] 1
75:
	(4,2) 27
	[0,0] 2
52:
	(2,2) 28
	[0,0] 1
51:
	(2,2) 28
	[0,0] 1
50:
	(2,2) 39
	[0,0] 1
49:
	(2,2) 39
	[0,0] 1
108:
	(18,4) 13
	[1,1] 1
106:
	(18,4) 13
	[1,1] 1
80:
	(2,2) 39
	[0,0] 1
97:
	(18,4) 13
	[1,1] 1
101:
	(18,4) 13
	[1,1] 1
193:
	(2,2) 10
	[0,0] 1
94:
	(18,4) 13
	[1,1] 1
104:
	(18,4) 13
	[1,1] 1
61:
	(2,2) 28
	[0,0] 1
48:
	(2,2) 28
	[0,0] 1
47:
	(2,2) 28
	[0,0] 1
46:
	(2,2) 28
	[0,0] 1
45:
	(2,2) 39
	[0,0] 1
44:
	(22,4) 19
	[1,1] 1
43:
	(2,2) 28
	[0,0] 1
42:
	(2,2) 28
	[0,0] 1
41:
	(2,2) 29
	[0,0] 1
40:
	(74,4) 12
	[1,1] 1
39:
	(2,2) 28
	[0,0] 1
38:
	(7,4) 12
	[1,1] 1
188:
	(2,2) 18
	[0,0] 1
92:
	(18,4) 13
	[1,1] 1
87:
	(18,4) 13
	[1,1] 1
1_1[36]:
	(1,1) 9
	[0,0] 2
1_2[36]:
	(1,1) ∞
	[0,0] ∞
1_3[37]:
	(1,1) 76
	[0,0] 2
1_4[37]:
	(1,1) ∞
	[0,0] ∞
1_5[35]:
	(1,1) 24
	[0,0] 2
1_6[35]:
	(1,1) ∞
	[0,0] ∞
1_7[20]:
	(1,1) 20
	[0,0] 2
1_8[20]:
	(1,1) ∞
	[0,0] ∞
1_9[22]:
	(1,1) 20
	[0,0] 2
1_10[22]:
	(1,1) ∞
	[0,0] ∞
1_11[19]:
	(1,1) 20
	[0,0] 2
1_12[19]:
	(1,1) ∞
	[0,0] ∞
1_13[25]:
	(1,1) 20
	[0,0] 2
1_14[25]:
	(1,1) ∞
	[0,0] ∞
1_15[23]:
	(1,1) 20
	[0,0] 2
1_16[23]:
	(1,1) ∞
	[0,0] ∞
1_17[21]:
	(1,1) 20
	[0,0] 2
1_18[21]:
	(1,1) ∞
	[0,0] ∞
1_19[26]:
	(1,1) 20
	[0,0] 2
1_20[26]:
	(1,1) ∞
	[0,0] ∞
1_21[24]:
	(1,1) 20
	[0,0] 2
1_22[24]:
	(1,1) ∞
	[0,0] ∞
2_1[36]:
	(1,1) 9
	[0,0] 2
2_2[37]:
	(1,1) 76
	[0,0] 2
2_3[35]:
	(1,1) 24
	[0,0] 2
2_4[20]:
	(1,1) 20
	[0,0] 2
2_5[22]:
	(1,1) 20
	[0,0] 2
2_6[19]:
	(1,1) 20
	[0,0] 2
2_7[25]:
	(1,1) 20
	[0,0] 2
2_8[23]:
	(1,1) 20
	[0,0] 2
2_9[21]:
	(1,1) 20
	[0,0] 2
2_10[26]:
	(1,1) 20
	[0,0] 2
2_11[24]:
	(1,1) 20
	[0,0] 2
4_1[54]:
	(1,1) 18
	[0,0] 2
4_2[53]:
	(1,1) 85
	[0,0] 2
4_3[75]:
	(1,1) 30
	[0,0] 2
4_4[188]:
	(1,1) 19
	[0,0] 1
6_1[116]:
	(1,1) 48
	[0,0] 2
6_2[103]:
	(1,1) 40
	[0,0] 1
6_3[99]:
	(1,1) 40
	[0,0] 1
6_4[61]:
	(1,1) 29
	[0,0] 1
9_1[64]:
	(1,1) 40
	[0,0] 1
9_2[41]:
	(1,1) 30
	[0,0] 1
10_1[66]:
	(1,1) 30
	[0,0] 1
10_2[45]:
	(1,1) 40
	[0,0] 1
20_1[28]:
	(3,17) 1
	[1,1] 0
20_2[101]:
	(3,17) 14
	[1,1] 1
22_1[30]:
	(3,17) 1
	[1,1] 0
22_2[97]:
	(3,17) 14
	[1,1] 1
19_1[27]:
	(3,17) 1
	[1,1] 0
19_2[106]:
	(3,17) 14
	[1,1] 1
25_1[33]:
	(3,17) 1
	[1,1] 0
25_2[92]:
	(3,17) 14
	[1,1] 1
23_1[31]:
	(3,17) 1
	[1,1] 0
23_2[87]:
	(3,17) 14
	[1,1] 1
21_1[29]:
	(3,17) 1
	[1,1] 0
21_2[104]:
	(3,17) 14
	[1,1] 1
26_1[34]:
	(3,17) 1
	[1,1] 0
26_2[108]:
	(3,17) 14
	[1,1] 1
24_1[32]:
	(3,17) 1
	[1,1] 0
24_2[94]:
	(3,17) 14
	[1,1] 1
165_1[169]:
	(4,13) 7
	[0,0] 1
165_2[166]:
	(4,13) 20
	[0,0] 1
163_1[172]:
	(4,13) 7
	[0,0] 1
163_2[164]:
	(4,13) 16
	[0,0] 1
144_1[153]:
	(7,15) 68
	[0,0] 1
144_2[165]:
	(7,15) 13
	[0,0] 1
144_3[142]:
	(7,15) 132
	[0,0] 1
151_1[183]:
	(7,15) 68
	[0,0] 1
151_2[152]:
	(7,15) 13
	[0,0] 1
151_3[141]:
	(7,15) 132
	[0,0] 1
154_1[160]:
	(7,15) 13
	[0,0] 1
154_2[155]:
	(7,15) 68
	[0,0] 1
154_3[140]:
	(7,15) 132
	[0,0] 1
156_1[159]:
	(7,15) 13
	[0,0] 1
156_2[157]:
	(7,15) 68
	[0,0] 1
156_3[139]:
	(7,15) 132
	[0,0] 1
143_1[157]:
	(7,15) 68
	[0,0] 1
143_2[163]:
	(7,15) 13
	[0,0] 1
143_3[138]:
	(7,15) 132
	[0,0] 1
145_1[153]:
	(7,15) 68
	[0,0] 1
145_2[146]:
	(7,15) 13
	[0,0] 1
145_3[137]:
	(7,15) 132
	[0,0] 1
149_1[180]:
	(7,15) 68
	[0,0] 1
149_2[150]:
	(7,15) 13
	[0,0] 1
149_3[136]:
	(7,15) 132
	[0,0] 1
147_1[155]:
	(7,15) 68
	[0,0] 1
147_2[148]:
	(7,15) 13
	[0,0] 1
147_3[135]:
	(7,15) 132
	[0,0] 1
116_1[118]:
	(5,2) 44
	[0,0] 2
116_2[117]:
	(5,2) 44
	[0,0] 2
116_3[115]:
	(5,2) 44
	[0,0] 2
116_4[114]:
	(5,2) 44
	[0,0] 2
116_5[113]:
	(5,2) 44
	[0,0] 2
116_6[112]:
	(5,2) 44
	[0,0] 2
116_7[111]:
	(5,2) 44
	[0,0] 2
116_8[110]:
	(5,2) 44
	[0,0] 2
103_1[109]:
	(10,2) 44
	[0,0] 2
103_2[105]:
	(10,2) 44
	[0,0] 2
103_3[102]:
	(10,2) 44
	[0,0] 2
103_4[96]:
	(10,2) 44
	[0,0] 2
103_5[95]:
	(10,2) 44
	[0,0] 2
103_6[93]:
	(10,2) 44
	[0,0] 2
103_7[88]:
	(10,2) 44
	[0,0] 2
103_8[86]:
	(10,2) 31
	[0,0] 1
99_1[107]:
	(10,2) 44
	[0,0] 2
99_2[100]:
	(10,2) 44
	[0,0] 2
99_3[98]:
	(10,2) 44
	[0,0] 2
99_4[91]:
	(10,2) 44
	[0,0] 2
99_5[90]:
	(10,2) 44
	[0,0] 2
99_6[89]:
	(10,2) 44
	[0,0] 2
99_7[85]:
	(10,2) 31
	[0,0] 1
99_8[83]:
	(10,2) 44
	[0,0] 2
78_1[178]:
	(5,3) 28
	[0,0] 1
78_2[79]:
	(5,3) 36
	[0,0] 1
66_1[177]:
	(2,4) 27
	[0,0] 1
66_2[67]:
	(2,4) 52
	[0,0] 2
66_3[78]:
	(2,4) 29
	[0,0] 1
158_1[160]:
	(5,3) 15
	[0,0] 1
158_2[159]:
	(5,3) 15
	[0,0] 1
158_3[152]:
	(5,3) 15
	[0,0] 1
158_4[150]:
	(5,3) 15
	[0,0] 1
158_5[148]:
	(5,3) 15
	[0,0] 1
158_6[146]:
	(5,3) 15
	[0,0] 1
158_7[165]:
	(5,3) 15
	[0,0] 1
158_8[163]:
	(5,3) 15
	[0,0] 1
64_1[67]:
	(2,4) 52
	[0,0] 2
64_2[65]:
	(2,4) 37
	[0,0] 1
84_1[86]:
	(5,3) 36
	[0,0] 1
84_2[85]:
	(5,3) 36
	[0,0] 1
75_1[77]:
	(4,2) 27
	[0,0] 2
75_2[76]:
	(4,2) 27
	[0,0] 2
75_3[74]:
	(4,2) 37
	[0,0] 2
75_4[73]:
	(4,2) 27
	[0,0] 2
75_5[72]:
	(4,2) 27
	[0,0] 2
75_6[71]:
	(4,2) 27
	[0,0] 2
75_7[70]:
	(4,2) 27
	[0,0] 2
75_8[69]:
	(4,2) 27
	[0,0] 2
75_9[68]:
	(4,2) 27
	[0,0] 2
108_1[111]:
	(18,4) 31
	[1,1] 1
108_2[109]:
	(18,4) 36
	[1,1] 1
108_3[76]:
	(18,4) 13
	[1,1] 1
106_1[117]:
	(18,4) 31
	[1,1] 1
106_2[107]:
	(18,4) 36
	[1,1] 1
106_3[77]:
	(18,4) 13
	[1,1] 1
80_1[82]:
	(2,2) 52
	[0,0] 2
80_2[81]:
	(2,2) 39
	[0,0] 1
80_3[79]:
	(2,2) 39
	[0,0] 1
97_1[110]:
	(18,4) 31
	[1,1] 1
97_2[98]:
	(18,4) 36
	[1,1] 1
97_3[96]:
	(18,4) 36
	[1,1] 1
97_4[73]:
	(18,4) 13
	[1,1] 1
101_1[118]:
	(18,4) 31
	[1,1] 1
101_2[102]:
	(18,4) 36
	[1,1] 1
101_3[100]:
	(18,4) 36
	[1,1] 1
101_4[72]:
	(18,4) 13
	[1,1] 1
193_1[195]:
	(2,2) 10
	[0,0] 1
193_2[194]:
	(2,2) 71
	[0,0] 1
193_3[158]:
	(2,2) 18
	[0,0] 1
193_4[75]:
	(2,2) 29
	[0,0] 2
94_1[112]:
	(18,4) 31
	[1,1] 1
94_2[95]:
	(18,4) 36
	[1,1] 1
94_3[91]:
	(18,4) 36
	[1,1] 1
94_4[71]:
	(18,4) 13
	[1,1] 1
104_1[115]:
	(18,4) 31
	[1,1] 1
104_2[105]:
	(18,4) 36
	[1,1] 1
104_3[89]:
	(18,4) 36
	[1,1] 1
104_4[69]:
	(18,4) 13
	[1,1] 1
61_1[63]:
	(2,2) 28
	[0,0] 1
61_2[62]:
	(2,2) 28
	[0,0] 1
61_3[60]:
	(2,2) 28
	[0,0] 1
61_4[59]:
	(2,2) 28
	[0,0] 1
61_5[58]:
	(2,2) 28
	[0,0] 1
61_6[57]:
	(2,2) 28
	[0,0] 1
61_7[56]:
	(2,2) 28
	[0,0] 1
61_8[55]:
	(2,2) 28
	[0,0] 1
188_1[190]:
	(2,2) 145
	[0,0] 1
188_2[189]:
	(2,2) 73
	[0,0] 1
188_3[158]:
	(2,2) 18
	[0,0] 1
92_1[113]:
	(18,4) 31
	[1,1] 1
92_2[93]:
	(18,4) 36
	[1,1] 1
92_3[90]:
	(18,4) 36
	[1,1] 1
92_4[68]:
	(18,4) 13
	[1,1] 1
87_1[114]:
	(18,4) 31
	[1,1] 1
87_2[88]:
	(18,4) 36
	[1,1] 1
87_3[83]:
	(18,4) 36
	[1,1] 1
87_4[70]:
	(18,4) 13
	[1,1] 1

-----------------------------------
Sum of T(sa0)s: ∞
Sum of T(sa1)s: ∞
Testability index: ∞