0:
	(1,1) 1
	[0,0] 0
1:
	(1,1) 32
	[0,0] 6
x:
	(1,1) ∞
	[0,0] ∞
2:
	(1,1) 32
	[0,0] 6
3:
	(1,1) 43
	[0,0] 5
4:
	(1,1) 36
	[0,0] 5
5:
	(1,1) 50
	[0,0] 6
6:
	(1,1) 46
	[0,0] 5
7:
	(1,1) 40
	[0,0] 5
8:
	(1,1) 46
	[0,0] 5
9:
	(1,1) 46
	[0,0] 5
10:
	(1,1) 46
	[0,0] 5
11:
	(1,1) 44
	[0,0] 5
12:
	(1,1) 46
	[0,0] 5
13:
	(1,1) 46
	[0,0] 5
14:
	(1,1) 44
	[0,0] 5
15:
	(1,1) 46
	[0,0] 5
16:
	(1,1) 46
	[0,0] 5
17:
	(1,1) 46
	[0,0] 5
18:
	(1,1) 46
	[0,0] 5
19:
	(1,1) 42
	[0,0] 5
20:
	(1,1) ∞
	[0,0] ∞
21:
	(1,1) ∞
	[0,0] ∞
22:
	(1,1) ∞
	[0,0] ∞
23:
	(1,1) ∞
	[0,0] ∞
24:
	(1,1) ∞
	[0,0] ∞
25:
	(1,1) ∞
	[0,0] ∞
26:
	(1,1) ∞
	[0,0] ∞
27:
	(1,1) ∞
	[0,0] ∞
28:
	(1,1) ∞
	[0,0] ∞
29:
	(1,1) ∞
	[0,0] ∞
30:
	(1,1) ∞
	[0,0] ∞
31:
	(1,1) ∞
	[0,0] ∞
32:
	(1,1) ∞
	[0,0] ∞
33:
	(1,1) ∞
	[0,0] ∞
34:
	(1,1) ∞
	[0,0] ∞
35:
	(1,1) ∞
	[0,0] ∞
36:
	(1,1) ∞
	[0,0] ∞
37:
	(1,1) ∞
	[0,0] ∞
38:
	(1,1) ∞
	[0,0] ∞
39:
	(1,1) ∞
	[0,0] ∞
40:
	(1,1) ∞
	[0,0] ∞
41:
	(1,1) ∞
	[0,0] ∞
42:
	(1,1) ∞
	[0,0] ∞
43:
	(1,1) ∞
	[0,0] ∞
44:
	(1,1) ∞
	[0,0] ∞
45:
	(1,1) ∞
	[0,0] ∞
46:
	(1,1) ∞
	[0,0] ∞
47:
	(1,1) ∞
	[0,0] ∞
48:
	(1,1) ∞
	[0,0] ∞
49:
	(1,1) ∞
	[0,0] ∞
50:
	(1,1) ∞
	[0,0] ∞
51:
	(1,1) ∞
	[0,0] ∞
52:
	(1,1) ∞
	[0,0] ∞
53:
	(1,1) ∞
	[0,0] ∞
54:
	(1,1) ∞
	[0,0] ∞
55:
	(1,1) ∞
	[0,0] ∞
56:
	(1,1) ∞
	[0,0] ∞
57:
	(1,1) ∞
	[0,0] ∞
58:
	(1,1) ∞
	[0,0] ∞
59:
	(1,1) ∞
	[0,0] ∞
60:
	(1,1) ∞
	[0,0] ∞
61:
	(1,1) ∞
	[0,0] ∞
62:
	(1,1) ∞
	[0,0] ∞
63:
	(1,1) ∞
	[0,0] ∞
64:
	(1,1) ∞
	[0,0] ∞
65:
	(1,1) ∞
	[0,0] ∞
66:
	(1,1) ∞
	[0,0] ∞
67:
	(1,1) ∞
	[0,0] ∞
68:
	(1,1) ∞
	[0,0] ∞
69:
	(1,1) ∞
	[0,0] ∞
70:
	(1,1) ∞
	[0,0] ∞
71:
	(1,1) ∞
	[0,0] ∞
72:
	(1,1) ∞
	[0,0] ∞
73:
	(1,1) ∞
	[0,0] ∞
74:
	(1,1) ∞
	[0,0] ∞
75:
	(1,1) ∞
	[0,0] ∞
76:
	(1,1) ∞
	[0,0] ∞
77:
	(1,1) ∞
	[0,0] ∞
78:
	(1,1) ∞
	[0,0] ∞
79:
	(1,1) ∞
	[0,0] ∞
80:
	(1,1) ∞
	[0,0] ∞
81:
	(1,1) ∞
	[0,0] ∞
82:
	(1,1) ∞
	[0,0] ∞
83:
	(1,1) ∞
	[0,0] ∞
84:
	(1,1) ∞
	[0,0] ∞
85:
	(1,1) ∞
	[0,0] ∞
86:
	(1,1) ∞
	[0,0] ∞
87:
	(1,1) ∞
	[0,0] ∞
88:
	(1,1) ∞
	[0,0] ∞
89:
	(1,1) ∞
	[0,0] ∞
90:
	(1,1) ∞
	[0,0] ∞
91:
	(1,1) ∞
	[0,0] ∞
92:
	(1,1) ∞
	[0,0] ∞
93:
	(1,1) ∞
	[0,0] ∞
94:
	(1,1) ∞
	[0,0] ∞
95:
	(1,1) ∞
	[0,0] ∞
96:
	(1,1) ∞
	[0,0] ∞
97:
	(1,1) ∞
	[0,0] ∞
98:
	(1,1) ∞
	[0,0] ∞
99:
	(1,1) ∞
	[0,0] ∞
100:
	(1,1) ∞
	[0,0] ∞
101:
	(1,1) ∞
	[0,0] ∞
102:
	(1,1) ∞
	[0,0] ∞
103:
	(1,1) ∞
	[0,0] ∞
104:
	(1,1) ∞
	[0,0] ∞
105:
	(1,1) ∞
	[0,0] ∞
106:
	(1,1) ∞
	[0,0] ∞
107:
	(1,1) ∞
	[0,0] ∞
108:
	(1,1) ∞
	[0,0] ∞
109:
	(1,1) ∞
	[0,0] ∞
110:
	(1,1) ∞
	[0,0] ∞
111:
	(1,1) ∞
	[0,0] ∞
112:
	(1,1) ∞
	[0,0] ∞
113:
	(1,1) ∞
	[0,0] ∞
114:
	(1,1) ∞
	[0,0] ∞
115:
	(1,1) ∞
	[0,0] ∞
116:
	(1,1) ∞
	[0,0] ∞
117:
	(1,1) ∞
	[0,0] ∞
118:
	(1,1) ∞
	[0,0] ∞
119:
	(1,1) ∞
	[0,0] ∞
120:
	(1,1) ∞
	[0,0] ∞
121:
	(1,1) ∞
	[0,0] ∞
122:
	(1,1) ∞
	[0,0] ∞
123:
	(1,1) ∞
	[0,0] ∞
124:
	(1,1) ∞
	[0,0] ∞
125:
	(1,1) ∞
	[0,0] ∞
126:
	(1,1) ∞
	[0,0] ∞
127:
	(1,1) ∞
	[0,0] ∞
128:
	(1,1) ∞
	[0,0] ∞
129:
	(1,1) ∞
	[0,0] ∞
130:
	(1,1) ∞
	[0,0] ∞
131:
	(1,1) ∞
	[0,0] ∞
276:
	(2,2) 0
	[0,0] 0
277:
	(2,2) 0
	[0,0] 0
278:
	(2,2) 0
	[0,0] 0
279:
	(2,2) 0
	[0,0] 0
280:
	(2,2) 0
	[0,0] 0
281:
	(2,2) 0
	[0,0] 0
282:
	(2,2) 0
	[0,0] 0
283:
	(2,2) 0
	[0,0] 0
284:
	(2,2) 0
	[0,0] 0
285:
	(2,2) 0
	[0,0] 0
286:
	(2,2) 0
	[0,0] 0
287:
	(2,2) 0
	[0,0] 0
288:
	(2,2) 0
	[0,0] 0
289:
	(2,2) 0
	[0,0] 0
290:
	(2,2) 0
	[0,0] 0
291:
	(2,2) 0
	[0,0] 0
292:
	(2,2) 0
	[0,0] 0
293:
	(2,2) 0
	[0,0] 0
294:
	(2,2) 0
	[0,0] 0
295:
	(2,2) 0
	[0,0] 0
296:
	(2,2) 0
	[0,0] 0
297:
	(2,2) 0
	[0,0] 0
298:
	(2,2) 0
	[0,0] 0
299:
	(2,2) 0
	[0,0] 0
300:
	(2,2) 0
	[0,0] 0
301:
	(2,2) 0
	[0,0] 0
302:
	(2,2) 0
	[0,0] 0
303:
	(2,2) 0
	[0,0] 0
304:
	(2,2) 0
	[0,0] 0
305:
	(2,2) 0
	[0,0] 0
306:
	(2,2) 0
	[0,0] 0
307:
	(2,2) 0
	[0,0] 0
308:
	(2,2) 0
	[0,0] 0
309:
	(2,2) 0
	[0,0] 0
310:
	(2,2) 0
	[0,0] 0
311:
	(2,2) 0
	[0,0] 0
312:
	(2,2) 0
	[0,0] 0
313:
	(2,2) 0
	[0,0] 0
314:
	(2,2) 0
	[0,0] 0
315:
	(2,2) 0
	[0,0] 0
316:
	(2,2) 0
	[0,0] 0
317:
	(2,2) 0
	[0,0] 0
318:
	(2,2) 0
	[0,0] 0
319:
	(2,2) 0
	[0,0] 0
320:
	(2,2) 0
	[0,0] 0
321:
	(2,2) 0
	[0,0] 0
322:
	(2,2) 0
	[0,0] 0
323:
	(2,2) 0
	[0,0] 0
260:
	(3,57) 0
	[1,9] 0
261:
	(3,62) 0
	[1,9] 0
262:
	(3,62) 0
	[1,9] 0
263:
	(3,61) 0
	[1,9] 0
264:
	(3,62) 0
	[1,9] 0
265:
	(3,62) 0
	[1,9] 0
266:
	(3,62) 0
	[1,9] 0
267:
	(3,62) 0
	[1,9] 0
268:
	(3,62) 0
	[1,9] 0
269:
	(3,62) 0
	[1,9] 0
270:
	(3,62) 0
	[1,9] 0
271:
	(3,62) 0
	[1,9] 0
272:
	(3,62) 0
	[1,9] 0
273:
	(3,62) 0
	[1,9] 0
274:
	(3,62) 0
	[1,9] 0
275:
	(3,61) 0
	[1,9] 0
132:
	(3,29) 0
	[1,5] 0
133:
	(3,34) 0
	[1,5] 0
134:
	(3,34) 0
	[1,5] 0
135:
	(3,33) 0
	[1,5] 0
136:
	(3,34) 0
	[1,5] 0
137:
	(3,34) 0
	[1,5] 0
138:
	(3,34) 0
	[1,5] 0
139:
	(3,34) 0
	[1,5] 0
140:
	(3,34) 0
	[1,5] 0
141:
	(3,34) 0
	[1,5] 0
142:
	(3,34) 0
	[1,5] 0
143:
	(3,34) 0
	[1,5] 0
144:
	(3,34) 0
	[1,5] 0
145:
	(3,34) 0
	[1,5] 0
146:
	(3,34) 0
	[1,5] 0
147:
	(3,33) 0
	[1,5] 0
148:
	(3,129) 0
	[1,20] 0
149:
	(3,263) 0
	[1,40] 0
150:
	(3,529) 0
	[1,80] 0
151:
	(3,1061) 0
	[1,160] 0
152:
	(3,2125) 0
	[1,320] 0
153:
	(3,4253) 0
	[1,640] 0
154:
	(3,8509) 0
	[1,1280] 0
155:
	(3,17021) 0
	[1,2560] 0
156:
	(3,34045) 0
	[1,5120] 0
157:
	(3,68093) 0
	[1,10240] 0
158:
	(3,136189) 0
	[1,20480] 0
159:
	(3,272381) 0
	[1,40960] 0
160:
	(3,544765) 0
	[1,81920] 0
161:
	(3,1089533) 0
	[1,163840] 0
162:
	(3,2179069) 0
	[1,327680] 0
163:
	(3,4358141) 0
	[1,655360] 0
164:
	(3,8716285) 0
	[1,1310720] 0
165:
	(3,17432571) 0
	[1,2621440] 0
166:
	(3,34865145) 0
	[1,5242880] 0
167:
	(3,69730293) 0
	[1,10485760] 0
168:
	(3,139460589) 0
	[1,20971520] 0
169:
	(3,278921183) 0
	[1,41943040] 0
170:
	(3,557842369) 0
	[1,83886080] 0
171:
	(3,1115684741) 0
	[1,167772160] 0
172:
	(3,2231369485) 0
	[1,335544320] 0
173:
	(3,4462738973) 0
	[1,671088640] 0
174:
	(3,8925477947) 0
	[1,1342177280] 0
175:
	(3,17850955899) 0
	[1,2684354560] 0
176:
	(3,35701911801) 0
	[1,5368709120] 0
177:
	(3,71403823603) 0
	[1,10737418240] 0
178:
	(3,142807647209) 0
	[1,21474836480] 0
179:
	(3,285615294423) 0
	[1,42949672960] 0
180:
	(3,571230588849) 0
	[1,85899345920] 0
181:
	(3,1142461177699) 0
	[1,171798691840] 0
182:
	(3,2284922355401) 0
	[1,343597383680] 0
183:
	(3,4569844710805) 0
	[1,687194767360] 0
184:
	(3,9139689421613) 0
	[1,1374389534720] 0
185:
	(3,18279378843231) 0
	[1,2748779069440] 0
186:
	(3,36558757686463) 0
	[1,5497558138880] 0
187:
	(3,73117515372929) 0
	[1,10995116277760] 0
188:
	(3,146235030745863) 0
	[1,21990232555520] 0
189:
	(3,292470061491727) 0
	[1,43980465111040] 0
190:
	(3,584940122983457) 0
	[1,87960930222080] 0
191:
	(3,1169880245966917) 0
	[1,175921860444160] 0
192:
	(3,2339760491933839) 0
	[1,351843720888320] 0
193:
	(3,4679520983867681) 0
	[1,703687441776640] 0
194:
	(3,9359041967735363) 0
	[1,1407374883553280] 0
195:
	(3,18718083935470726) 0
	[1,2814749767106560] 0
324:
	(3,14) 41
	[1,3] 3
325:
	(3,33) 27
	[1,6] 3
326:
	(3,57) 33
	[1,10] 4
196:
	(3,42) 0
	[1,5] 0
197:
	(3,47) 0
	[1,5] 0
198:
	(3,47) 0
	[1,5] 0
199:
	(3,46) 0
	[1,5] 0
200:
	(3,47) 0
	[1,5] 0
201:
	(3,47) 0
	[1,5] 0
202:
	(3,47) 0
	[1,5] 0
203:
	(3,47) 0
	[1,5] 0
204:
	(3,47) 0
	[1,5] 0
205:
	(3,47) 0
	[1,5] 0
206:
	(3,47) 0
	[1,5] 0
207:
	(3,47) 0
	[1,5] 0
208:
	(3,47) 0
	[1,5] 0
209:
	(3,47) 0
	[1,5] 0
210:
	(3,47) 0
	[1,5] 0
211:
	(3,46) 0
	[1,5] 0
212:
	(3,96) 0
	[1,16] 0
213:
	(3,100) 0
	[1,17] 0
214:
	(3,107) 0
	[1,18] 0
215:
	(3,112) 0
	[1,19] 0
216:
	(3,115) 0
	[1,20] 0
217:
	(3,122) 0
	[1,21] 0
218:
	(3,127) 0
	[1,22] 0
219:
	(3,130) 0
	[1,23] 0
220:
	(3,135) 0
	[1,24] 0
221:
	(3,142) 0
	[1,25] 0
222:
	(3,147) 0
	[1,26] 0
223:
	(3,152) 0
	[1,27] 0
224:
	(3,157) 0
	[1,28] 0
225:
	(3,160) 0
	[1,29] 0
226:
	(3,165) 0
	[1,30] 0
227:
	(3,172) 0
	[1,31] 0
228:
	(3,177) 0
	[1,32] 0
229:
	(3,182) 0
	[1,33] 0
230:
	(3,187) 0
	[1,34] 0
231:
	(3,190) 0
	[1,35] 0
232:
	(3,197) 0
	[1,36] 0
233:
	(3,202) 0
	[1,37] 0
234:
	(3,207) 0
	[1,38] 0
235:
	(3,210) 0
	[1,39] 0
236:
	(3,217) 0
	[1,40] 0
237:
	(3,222) 0
	[1,41] 0
238:
	(3,225) 0
	[1,42] 0
239:
	(3,230) 0
	[1,43] 0
240:
	(3,235) 0
	[1,44] 0
241:
	(3,240) 0
	[1,45] 0
242:
	(3,247) 0
	[1,46] 0
243:
	(3,252) 0
	[1,47] 0
244:
	(3,255) 0
	[1,48] 0
245:
	(3,260) 0
	[1,49] 0
246:
	(3,265) 0
	[1,50] 0
247:
	(3,272) 0
	[1,51] 0
248:
	(3,277) 0
	[1,52] 0
249:
	(3,282) 0
	[1,53] 0
250:
	(3,287) 0
	[1,54] 0
251:
	(3,292) 0
	[1,55] 0
252:
	(3,297) 0
	[1,56] 0
253:
	(3,302) 0
	[1,57] 0
254:
	(3,307) 0
	[1,58] 0
255:
	(3,310) 0
	[1,59] 0
256:
	(3,315) 0
	[1,60] 0
257:
	(3,320) 0
	[1,61] 0
258:
	(3,327) 0
	[1,62] 0
259:
	(3,330) 0
	[1,63] 0
1773:
	(18,43) 3
	[0,4] 1
1772:
	(18,44) 3
	[0,4] 1
1771:
	(18,44) 3
	[0,4] 1
1770:
	(18,43) 3
	[0,4] 1
1769:
	(16,44) 3
	[0,4] 1
1768:
	(18,44) 3
	[0,4] 1
1767:
	(18,44) 3
	[0,4] 1
1766:
	(18,44) 3
	[0,4] 1
1765:
	(18,44) 3
	[0,4] 1
1764:
	(16,44) 3
	[0,4] 1
1763:
	(18,44) 3
	[0,4] 1
1762:
	(16,44) 3
	[0,4] 1
1761:
	(16,44) 3
	[0,4] 1
1760:
	(16,44) 3
	[0,4] 1
1759:
	(16,44) 3
	[0,4] 1
1758:
	(17,39) 3
	[0,4] 1
1757:
	(11,38) 9
	[0,4] 1
1756:
	(18,31) 3
	[0,4] 1
1755:
	(18,31) 3
	[0,4] 1
1754:
	(18,31) 3
	[0,4] 1
1753:
	(18,30) 3
	[0,4] 1
1752:
	(15,26) 3
	[0,4] 1
1751:
	(18,31) 3
	[0,4] 1
1750:
	(18,31) 3
	[0,4] 1
1749:
	(16,30) 3
	[0,4] 1
1748:
	(18,31) 3
	[0,4] 1
1747:
	(18,31) 3
	[0,4] 1
1746:
	(16,31) 3
	[0,4] 1
1745:
	(18,31) 3
	[0,4] 1
1744:
	(18,31) 3
	[0,4] 1
1743:
	(18,31) 3
	[0,4] 1
1742:
	(16,31) 3
	[0,4] 1
1741:
	(18,31) 3
	[0,4] 1
1740:
	(12,43) 9
	[0,4] 1
1739:
	(12,43) 9
	[0,4] 1
1738:
	(12,42) 9
	[0,4] 1
1737:
	(12,43) 7
	[0,4] 1
1736:
	(12,43) 9
	[0,4] 1
1735:
	(12,43) 9
	[0,4] 1
1734:
	(12,43) 9
	[0,4] 1
1733:
	(12,43) 9
	[0,4] 1
1732:
	(12,43) 7
	[0,4] 1
1731:
	(12,43) 9
	[0,4] 1
1730:
	(12,43) 7
	[0,4] 1
1729:
	(12,43) 7
	[0,4] 1
1728:
	(12,43) 7
	[0,4] 1
1727:
	(12,43) 7
	[0,4] 1
1726:
	(12,42) 9
	[0,4] 1
1725:
	(5,37) 15
	[0,4] 1
1724:
	(6,42) 15
	[0,4] 1
1723:
	(6,42) 15
	[0,4] 1
1722:
	(6,41) 15
	[0,4] 1
1721:
	(6,42) 13
	[0,4] 1
1720:
	(6,42) 15
	[0,4] 1
1719:
	(6,42) 15
	[0,4] 1
1718:
	(6,42) 15
	[0,4] 1
1717:
	(6,42) 15
	[0,4] 1
1716:
	(6,42) 13
	[0,4] 1
1715:
	(6,42) 15
	[0,4] 1
1714:
	(6,42) 13
	[0,4] 1
1713:
	(6,42) 13
	[0,4] 1
1712:
	(6,42) 13
	[0,4] 1
1711:
	(6,42) 13
	[0,4] 1
1710:
	(6,41) 15
	[0,4] 1
1709:
	(9,222) 3
	[0,41] 1
1708:
	(9,227) 3
	[0,42] 1
1707:
	(9,232) 3
	[0,43] 1
1706:
	(9,237) 3
	[0,44] 1
1705:
	(11,244) 3
	[0,45] 1
1704:
	(12,30) 9
	[0,4] 1
1703:
	(11,249) 3
	[0,46] 1
1702:
	(12,30) 9
	[0,4] 1
1701:
	(9,252) 3
	[0,47] 1
1700:
	(9,257) 3
	[0,48] 1
1699:
	(9,262) 3
	[0,49] 1
1698:
	(11,269) 3
	[0,50] 1
1697:
	(11,274) 3
	[0,51] 1
1696:
	(11,279) 3
	[0,52] 1
1695:
	(11,284) 3
	[0,53] 1
1694:
	(11,289) 3
	[0,54] 1
1693:
	(12,30) 9
	[0,4] 1
1692:
	(11,294) 3
	[0,55] 1
1691:
	(11,299) 3
	[0,56] 1
1690:
	(11,304) 3
	[0,57] 1
1689:
	(9,307) 3
	[0,58] 1
1688:
	(9,312) 3
	[0,59] 1
1687:
	(9,317) 3
	[0,60] 1
1686:
	(12,30) 9
	[0,4] 1
1685:
	(11,324) 3
	[0,61] 1
1684:
	(9,327) 3
	[0,62] 1
1683:
	(12,29) 9
	[0,4] 1
1682:
	(11,25) 7
	[0,4] 1
1681:
	(12,30) 9
	[0,4] 1
1680:
	(12,30) 9
	[0,4] 1
1679:
	(10,29) 9
	[0,4] 1
1678:
	(12,30) 9
	[0,4] 1
1677:
	(12,30) 9
	[0,4] 1
1676:
	(9,93) 3
	[0,15] 1
1675:
	(9,97) 3
	[0,16] 1
1674:
	(11,104) 3
	[0,17] 1
1673:
	(12,30) 9
	[0,4] 1
1672:
	(11,109) 3
	[0,18] 1
1671:
	(9,112) 3
	[0,19] 1
1670:
	(11,119) 3
	[0,20] 1
1669:
	(11,124) 3
	[0,21] 1
1668:
	(9,127) 3
	[0,22] 1
1667:
	(10,30) 9
	[0,4] 1
1666:
	(9,132) 3
	[0,23] 1
1665:
	(11,139) 3
	[0,24] 1
1664:
	(11,144) 3
	[0,25] 1
1663:
	(11,149) 3
	[0,26] 1
1662:
	(11,154) 3
	[0,27] 1
1661:
	(9,157) 3
	[0,28] 1
1660:
	(9,162) 3
	[0,29] 1
1659:
	(11,169) 3
	[0,30] 1
1658:
	(11,174) 3
	[0,31] 1
1657:
	(12,30) 9
	[0,4] 1
1656:
	(11,179) 3
	[0,32] 1
1655:
	(11,184) 3
	[0,33] 1
1654:
	(12,30) 9
	[0,4] 1
1653:
	(9,187) 3
	[0,34] 1
1652:
	(11,194) 3
	[0,35] 1
1651:
	(11,199) 3
	[0,36] 1
1650:
	(12,30) 7
	[0,4] 1
1649:
	(11,204) 3
	[0,37] 1
1648:
	(9,207) 3
	[0,38] 1
1647:
	(11,214) 3
	[0,39] 1
1646:
	(11,219) 3
	[0,40] 1
1645:
	(9,54) 3
	[0,8] 1
1644:
	(10,59) 3
	[0,8] 1
1643:
	(10,59) 3
	[0,8] 1
1642:
	(10,58) 3
	[0,8] 1
1641:
	(10,59) 3
	[0,8] 1
1640:
	(10,59) 3
	[0,8] 1
1639:
	(10,59) 3
	[0,8] 1
1638:
	(10,59) 3
	[0,8] 1
1637:
	(10,59) 3
	[0,8] 1
1636:
	(10,59) 3
	[0,8] 1
1635:
	(10,59) 3
	[0,8] 1
1634:
	(10,59) 3
	[0,8] 1
1633:
	(10,59) 3
	[0,8] 1
1632:
	(10,59) 3
	[0,8] 1
1631:
	(10,59) 3
	[0,8] 1
1630:
	(10,58) 3
	[0,8] 1
1629:
	(5,334) 7
	[0,63] 1
1628:
	(6,28) 15
	[0,4] 1
1627:
	(5,341) 9
	[0,64] 1
1626:
	(5,269) 7
	[0,50] 1
1625:
	(5,60) 16
	[0,8] 1
1624:
	(5,236) 9
	[0,43] 1
1623:
	(5,239) 7
	[0,44] 1
1622:
	(5,244) 7
	[0,45] 1
1621:
	(5,249) 7
	[0,46] 1
1620:
	(5,254) 7
	[0,47] 1
1619:
	(6,29) 15
	[0,4] 1
1618:
	(5,261) 9
	[0,48] 1
1617:
	(5,266) 9
	[0,49] 1
1616:
	(6,29) 15
	[0,4] 1
1615:
	(5,274) 7
	[0,51] 1
1614:
	(5,279) 7
	[0,52] 1
1613:
	(5,286) 9
	[0,53] 1
1612:
	(5,60) 16
	[0,8] 1
1611:
	(5,60) 16
	[0,8] 1
1610:
	(5,296) 9
	[0,55] 1
1609:
	(5,301) 9
	[0,56] 1
1608:
	(5,306) 9
	[0,57] 1
1607:
	(6,29) 15
	[0,4] 1
1606:
	(6,29) 15
	[0,4] 1
1605:
	(5,316) 9
	[0,59] 1
1604:
	(5,321) 9
	[0,60] 1
1603:
	(5,324) 7
	[0,61] 1
1602:
	(5,60) 16
	[0,8] 1
1601:
	(5,329) 7
	[0,62] 1
1600:
	(5,59) 16
	[0,8] 1
1599:
	(5,149) 7
	[0,26] 1
1598:
	(5,60) 16
	[0,7] 1
1597:
	(5,60) 16
	[0,7] 1
1596:
	(5,24) 13
	[0,4] 1
1595:
	(5,59) 16
	[0,7] 1
1594:
	(5,60) 14
	[0,7] 1
1593:
	(5,60) 16
	[0,7] 1
1592:
	(5,344) 7
	[0,65] 1
1591:
	(5,55) 13
	[0,8] 1
1590:
	(5,60) 16
	[0,7] 1
1589:
	(6,29) 15
	[0,4] 1
1588:
	(5,60) 16
	[0,8] 1
1587:
	(5,60) 16
	[0,7] 1
1586:
	(5,60) 16
	[0,8] 1
1585:
	(5,60) 16
	[0,7] 1
1584:
	(6,29) 15
	[0,4] 1
1583:
	(5,60) 14
	[0,7] 1
1582:
	(5,59) 14
	[0,8] 1
1581:
	(5,60) 16
	[0,7] 1
1580:
	(5,60) 14
	[0,7] 1
1579:
	(6,28) 13
	[0,4] 1
1578:
	(5,60) 14
	[0,7] 1
1577:
	(5,60) 16
	[0,8] 1
1576:
	(6,29) 15
	[0,4] 1
1575:
	(5,60) 14
	[0,7] 1
1574:
	(5,291) 9
	[0,54] 1
1573:
	(5,60) 16
	[0,8] 1
1572:
	(5,60) 14
	[0,7] 1
1571:
	(5,59) 16
	[0,7] 1
1570:
	(5,110) 7
	[0,18] 1
1569:
	(6,29) 15
	[0,4] 1
1568:
	(5,114) 7
	[0,19] 1
1567:
	(6,29) 15
	[0,4] 1
1566:
	(5,121) 9
	[0,20] 1
1565:
	(5,126) 9
	[0,21] 1
1564:
	(5,60) 16
	[0,8] 1
1563:
	(5,129) 7
	[0,22] 1
1562:
	(5,136) 9
	[0,23] 1
1561:
	(5,60) 14
	[0,8] 1
1560:
	(5,141) 9
	[0,24] 1
1559:
	(5,144) 7
	[0,25] 1
1558:
	(5,55) 15
	[0,7] 1
1557:
	(6,29) 13
	[0,4] 1
1556:
	(5,156) 9
	[0,27] 1
1555:
	(5,161) 9
	[0,28] 1
1554:
	(5,166) 9
	[0,29] 1
1553:
	(5,60) 16
	[0,8] 1
1552:
	(5,171) 9
	[0,30] 1
1551:
	(5,311) 9
	[0,58] 1
1550:
	(5,174) 7
	[0,31] 1
1549:
	(6,29) 15
	[0,4] 1
1548:
	(5,179) 7
	[0,32] 1
1547:
	(5,186) 9
	[0,33] 1
1546:
	(5,191) 9
	[0,34] 1
1545:
	(5,196) 9
	[0,35] 1
1544:
	(5,60) 16
	[0,8] 1
1543:
	(5,201) 9
	[0,36] 1
1542:
	(5,204) 7
	[0,37] 1
1541:
	(6,29) 15
	[0,4] 1
1540:
	(5,211) 9
	[0,38] 1
1539:
	(5,221) 9
	[0,40] 1
1538:
	(5,216) 9
	[0,39] 1
1537:
	(6,29) 13
	[0,4] 1
1536:
	(5,224) 7
	[0,41] 1
1535:
	(5,60) 14
	[0,8] 1
1534:
	(5,231) 9
	[0,42] 1
1533:
	(28,13) 24
	[3,0] 2
1532:
	(28,13) 29
	[3,0] 2
1531:
	(28,13) 29
	[3,0] 2
1530:
	(28,13) 28
	[3,0] 2
1529:
	(28,13) 27
	[3,0] 2
1528:
	(28,13) 29
	[3,0] 2
1527:
	(28,13) 29
	[3,0] 2
1526:
	(28,13) 29
	[3,0] 2
1525:
	(28,13) 29
	[3,0] 2
1524:
	(28,13) 27
	[3,0] 2
1523:
	(28,13) 29
	[3,0] 2
1522:
	(28,13) 27
	[3,0] 2
1521:
	(28,13) 27
	[3,0] 2
1520:
	(28,13) 27
	[3,0] 2
1519:
	(28,13) 27
	[3,0] 2
1518:
	(28,13) 28
	[3,0] 2
1516:
	(7,142807647206) 3
	[0,21474836479] 1
1515:
	(7,71403823600) 3
	[0,10737418239] 1
1514:
	(9,35701911798) 3
	[0,5368709119] 1
1513:
	(9,17850955896) 3
	[0,2684354559] 1
1512:
	(7,8925477944) 3
	[0,1342177279] 1
1511:
	(9,4462738970) 3
	[0,671088639] 1
1510:
	(11,10) 65
	[2,0] 6
1509:
	(9,2231369482) 3
	[0,335544319] 1
1508:
	(9,1115684738) 3
	[0,167772159] 1
1507:
	(9,557842366) 3
	[0,83886079] 1
1506:
	(9,278921180) 3
	[0,41943039] 1
1505:
	(7,139460586) 3
	[0,20971519] 1
1504:
	(7,69730290) 3
	[0,10485759] 1
1503:
	(7,34865142) 3
	[0,5242879] 1
1502:
	(7,17432568) 3
	[0,2621439] 1
1501:
	(9,8716282) 3
	[0,1310719] 1
1500:
	(9,4358138) 3
	[0,655359] 1
1499:
	(24,11) 52
	[3,0] 6
1498:
	(24,11) 52
	[3,0] 6
1497:
	(24,11) 52
	[3,0] 6
1496:
	(15,11) 29
	[3,0] 2
1495:
	(15,11) 29
	[3,0] 2
1494:
	(11,10) 65
	[2,0] 6
1493:
	(15,11) 28
	[3,0] 2
1492:
	(24,11) 51
	[3,0] 6
1491:
	(9,126) 3
	[0,19] 1
1490:
	(9,260) 3
	[0,39] 1
1489:
	(9,526) 3
	[0,79] 1
1488:
	(9,1058) 3
	[0,159] 1
1487:
	(9,2122) 3
	[0,319] 1
1486:
	(9,4250) 3
	[0,639] 1
1485:
	(9,8506) 3
	[0,1279] 1
1484:
	(9,17018) 3
	[0,2559] 1
1483:
	(9,34042) 3
	[0,5119] 1
1482:
	(9,68090) 3
	[0,10239] 1
1481:
	(9,136186) 3
	[0,20479] 1
1480:
	(9,272378) 3
	[0,40959] 1
1479:
	(9,544762) 3
	[0,81919] 1
1478:
	(9,1089530) 3
	[0,163839] 1
1477:
	(9,2179066) 3
	[0,327679] 1
1476:
	(15,11) 29
	[3,0] 2
1475:
	(6,55) 7
	[0,8] 1
1474:
	(6,55) 7
	[0,8] 1
1473:
	(6,55) 7
	[0,8] 1
1472:
	(6,55) 7
	[0,8] 1
1471:
	(6,55) 7
	[0,8] 1
1470:
	(6,55) 7
	[0,8] 1
1469:
	(6,55) 7
	[0,8] 1
1468:
	(6,55) 7
	[0,8] 1
1467:
	(6,55) 7
	[0,8] 1
1466:
	(6,55) 7
	[0,8] 1
1465:
	(6,55) 7
	[0,8] 1
1464:
	(6,55) 7
	[0,8] 1
1463:
	(6,54) 7
	[0,8] 1
1462:
	(6,55) 7
	[0,8] 1
1461:
	(5,50) 7
	[0,8] 1
1460:
	(6,54) 7
	[0,8] 1
1517:
	(5,27) 32
	[0,3] 2
837:
	(12,9) 105
	[2,0] 17
1458:
	(9,285615294420) 3
	[0,42949672959] 1
1457:
	(9,571230588846) 3
	[0,85899345919] 1
1456:
	(7,1142461177696) 3
	[0,171798691839] 1
1455:
	(7,2284922355398) 3
	[0,343597383679] 1
1454:
	(11,10) 65
	[2,0] 6
1453:
	(7,4569844710802) 3
	[0,687194767359] 1
1452:
	(7,9139689421610) 3
	[0,1374389534719] 1
1451:
	(9,18279378843228) 3
	[0,2748779069439] 1
1450:
	(7,36558757686460) 3
	[0,5497558138879] 1
1449:
	(7,73117515372926) 3
	[0,10995116277759] 1
1448:
	(9,146235030745860) 3
	[0,21990232555519] 1
1447:
	(7,292470061491724) 3
	[0,43980465111039] 1
1446:
	(7,584940122983454) 3
	[0,87960930222079] 1
1445:
	(7,1169880245966914) 3
	[0,175921860444159] 1
1444:
	(9,2339760491933836) 3
	[0,351843720888319] 1
1443:
	(9,4679520983867678) 3
	[0,703687441776639] 1
1442:
	(7,9359041967735360) 3
	[0,1407374883553279] 1
1441:
	(7,18718083935470723) 3
	[0,2814749767106559] 1
1440:
	(2,11) 44
	[0,2] 4
1439:
	(15,11) 29
	[3,0] 2
1438:
	(2,30) 30
	[0,5] 4
1437:
	(2,54) 36
	[0,9] 5
1436:
	(15,11) 29
	[3,0] 2
1435:
	(11,10) 59
	[2,0] 6
1434:
	(11,10) 65
	[2,0] 6
1433:
	(11,10) 64
	[2,0] 6
1432:
	(15,11) 22
	[3,0] 2
1431:
	(11,10) 63
	[2,0] 6
1430:
	(24,11) 44
	[3,0] 6
1429:
	(15,11) 29
	[3,0] 2
1428:
	(11,10) 65
	[2,0] 6
1427:
	(11,10) 65
	[2,0] 6
1426:
	(24,11) 52
	[3,0] 6
1425:
	(15,11) 29
	[3,0] 2
1424:
	(15,11) 29
	[3,0] 2
1423:
	(24,11) 52
	[3,0] 6
1422:
	(11,10) 63
	[2,0] 6
1421:
	(11,10) 65
	[2,0] 6
1420:
	(24,11) 49
	[3,0] 6
1419:
	(11,10) 63
	[2,0] 6
1418:
	(15,11) 26
	[3,0] 2
1417:
	(11,10) 63
	[2,0] 6
1416:
	(24,11) 52
	[3,0] 6
1415:
	(11,10) 63
	[2,0] 6
1414:
	(11,10) 63
	[2,0] 6
1413:
	(15,11) 27
	[3,0] 2
1412:
	(24,11) 52
	[3,0] 6
1411:
	(24,11) 52
	[3,0] 6
1410:
	(11,10) 64
	[2,0] 6
1409:
	(15,11) 29
	[3,0] 2
1408:
	(24,11) 50
	[3,0] 6
1407:
	(15,11) 29
	[3,0] 2
1406:
	(24,11) 52
	[3,0] 6
1405:
	(24,11) 50
	[3,0] 6
1404:
	(15,11) 27
	[3,0] 2
1403:
	(24,11) 52
	[3,0] 6
1402:
	(15,11) 29
	[3,0] 2
1401:
	(24,11) 52
	[3,0] 6
1459:
	(8,11) 106
	[0,2] 17
1400:
	(5,2179065) 7
	[0,327679] 1
1399:
	(5,293) 9
	[0,55] 1
1398:
	(3,97) 16
	[0,16] 1
1397:
	(3,311) 9
	[0,59] 1
1396:
	(5,288) 9
	[0,54] 1
1395:
	(5,100) 16
	[0,16] 1
1394:
	(3,85) 15
	[0,14] 1
1393:
	(5,153) 9
	[0,27] 1
1392:
	(5,148) 9
	[0,26] 1
1391:
	(5,193) 9
	[0,35] 1
1390:
	(3,326) 9
	[0,62] 1
1389:
	(5,168) 9
	[0,30] 1
1388:
	(5,94) 16
	[0,15] 1
1387:
	(5,138) 9
	[0,24] 1
1386:
	(5,143) 9
	[0,25] 1
1385:
	(3,156) 9
	[0,28] 1
1384:
	(3,111) 9
	[0,19] 1
1383:
	(3,186) 9
	[0,34] 1
1382:
	(5,268) 9
	[0,50] 1
1381:
	(3,226) 9
	[0,42] 1
1380:
	(3,306) 9
	[0,58] 1
1379:
	(3,236) 9
	[0,44] 1
1378:
	(5,248) 9
	[0,46] 1
1377:
	(3,251) 9
	[0,47] 1
1376:
	(3,126) 9
	[0,22] 1
1375:
	(3,261) 9
	[0,49] 1
1374:
	(3,256) 9
	[0,48] 1
1373:
	(5,118) 9
	[0,20] 1
1372:
	(5,105) 16
	[0,17] 1
1371:
	(5,100) 16
	[0,16] 1
1370:
	(5,108) 9
	[0,18] 1
1369:
	(5,105) 16
	[0,17] 1
1368:
	(5,278) 9
	[0,52] 1
1367:
	(5,125) 7
	[0,19] 1
1366:
	(5,259) 7
	[0,39] 1
1365:
	(5,103) 9
	[0,17] 1
1364:
	(5,525) 7
	[0,79] 1
1363:
	(5,1057) 7
	[0,159] 1
1362:
	(5,2121) 7
	[0,319] 1
1361:
	(5,4249) 7
	[0,639] 1
1360:
	(5,8505) 7
	[0,1279] 1
1359:
	(5,17017) 7
	[0,2559] 1
1358:
	(5,34041) 7
	[0,5119] 1
1357:
	(5,68089) 7
	[0,10239] 1
1356:
	(5,136185) 7
	[0,20479] 1
1355:
	(5,272377) 7
	[0,40959] 1
1354:
	(5,146235030745859) 7
	[0,21990232555519] 1
1353:
	(5,544761) 7
	[0,81919] 1
1352:
	(5,1089529) 7
	[0,163839] 1
1351:
	(5,243) 9
	[0,45] 1
1350:
	(5,4358137) 7
	[0,655359] 1
1349:
	(5,8716281) 7
	[0,1310719] 1
1348:
	(3,17432567) 7
	[0,2621439] 1
1347:
	(3,34865141) 7
	[0,5242879] 1
1346:
	(5,303) 9
	[0,57] 1
1345:
	(3,2284922355397) 7
	[0,343597383679] 1
1344:
	(3,69730289) 7
	[0,10485759] 1
1343:
	(3,139460585) 7
	[0,20971519] 1
1342:
	(5,278921179) 7
	[0,41943039] 1
1341:
	(5,100) 16
	[0,16] 1
1340:
	(5,557842365) 7
	[0,83886079] 1
1339:
	(5,1115684737) 7
	[0,167772159] 1
1338:
	(5,2231369481) 7
	[0,335544319] 1
1337:
	(5,4462738969) 7
	[0,671088639] 1
1336:
	(3,8925477943) 7
	[0,1342177279] 1
1335:
	(5,17850955895) 7
	[0,2684354559] 1
1334:
	(5,35701911797) 7
	[0,5368709119] 1
1333:
	(3,71403823599) 7
	[0,10737418239] 1
1332:
	(5,285615294419) 7
	[0,42949672959] 1
1331:
	(5,571230588845) 7
	[0,85899345919] 1
1330:
	(3,1142461177695) 7
	[0,171798691839] 1
1329:
	(3,4569844710801) 7
	[0,687194767359] 1
1328:
	(3,9139689421609) 7
	[0,1374389534719] 1
1327:
	(5,18279378843227) 7
	[0,2748779069439] 1
1326:
	(3,36558757686459) 7
	[0,5497558138879] 1
1325:
	(3,73117515372925) 7
	[0,10995116277759] 1
1324:
	(3,292470061491723) 7
	[0,43980465111039] 1
1323:
	(3,1169880245966913) 7
	[0,175921860444159] 1
1322:
	(3,231) 9
	[0,43] 1
1321:
	(5,105) 16
	[0,17] 1
1320:
	(3,9359041967735359) 7
	[0,1407374883553279] 1
1319:
	(3,18718083935470722) 7
	[0,2814749767106559] 1
1318:
	(5,95) 16
	[0,15] 1
1317:
	(3,71) 10
	[0,10] 1
1316:
	(3,70) 10
	[0,10] 1
1315:
	(3,71) 10
	[0,10] 1
1314:
	(3,71) 10
	[0,10] 1
1313:
	(3,71) 10
	[0,10] 1
1312:
	(3,71) 10
	[0,10] 1
1311:
	(3,71) 10
	[0,10] 1
1310:
	(3,71) 10
	[0,10] 1
1309:
	(3,71) 10
	[0,10] 1
1308:
	(3,71) 10
	[0,10] 1
1307:
	(3,71) 10
	[0,10] 1
1306:
	(3,71) 10
	[0,10] 1
1305:
	(3,71) 10
	[0,10] 1
1304:
	(3,70) 10
	[0,10] 1
1303:
	(3,71) 10
	[0,10] 1
1302:
	(3,66) 9
	[0,10] 1
1283:
	(24,4) 35
	[3,0] 2
1281:
	(5,100) 16
	[0,16] 1
1280:
	(5,273) 9
	[0,51] 1
1279:
	(5,100) 16
	[0,16] 1
1278:
	(5,100) 16
	[0,16] 1
1277:
	(5,104) 16
	[0,17] 1
1276:
	(5,105) 16
	[0,17] 1
1275:
	(5,103) 16
	[0,16] 1
1274:
	(3,98) 16
	[0,16] 1
1273:
	(3,96) 9
	[0,16] 1
1272:
	(5,283) 9
	[0,53] 1
1271:
	(5,100) 16
	[0,16] 1
1270:
	(3,142807647205) 7
	[0,21474836479] 1
1269:
	(3,161) 9
	[0,29] 1
1268:
	(3,98) 16
	[0,16] 1
1267:
	(3,102) 16
	[0,17] 1
1266:
	(5,84) 15
	[0,14] 1
1265:
	(3,98) 16
	[0,16] 1
1264:
	(5,323) 9
	[0,61] 1
1263:
	(3,98) 16
	[0,16] 1
1262:
	(5,100) 16
	[0,16] 1
1261:
	(5,105) 16
	[0,17] 1
1260:
	(3,92) 9
	[0,15] 1
1259:
	(5,105) 16
	[0,17] 1
1258:
	(3,221) 9
	[0,41] 1
1257:
	(5,123) 9
	[0,21] 1
1256:
	(5,218) 9
	[0,40] 1
1255:
	(3,131) 9
	[0,23] 1
1254:
	(3,103) 16
	[0,17] 1
1253:
	(5,178) 9
	[0,32] 1
1252:
	(5,213) 9
	[0,39] 1
1251:
	(5,298) 9
	[0,56] 1
1250:
	(5,2339760491933835) 7
	[0,351843720888319] 1
1249:
	(5,105) 16
	[0,17] 1
1248:
	(5,4679520983867677) 7
	[0,703687441776639] 1
1247:
	(3,206) 9
	[0,38] 1
1246:
	(5,105) 16
	[0,17] 1
1245:
	(3,103) 16
	[0,17] 1
1244:
	(5,173) 9
	[0,31] 1
1243:
	(5,105) 16
	[0,17] 1
1242:
	(5,183) 9
	[0,33] 1
1241:
	(5,203) 9
	[0,37] 1
1240:
	(5,198) 9
	[0,36] 1
1239:
	(3,98) 16
	[0,16] 1
1238:
	(3,584940122983453) 7
	[0,87960930222079] 1
1237:
	(9,22) 46
	[2,4] 4
1236:
	(7,62) 33
	[0,11] 2
1235:
	(7,62) 33
	[0,11] 2
1234:
	(3,316) 9
	[0,60] 1
1233:
	(7,62) 33
	[0,11] 2
1232:
	(7,62) 34
	[0,11] 2
1231:
	(7,62) 33
	[0,11] 2
1230:
	(7,62) 32
	[0,11] 2
1229:
	(7,62) 33
	[0,11] 2
1228:
	(7,62) 33
	[0,11] 2
1227:
	(7,62) 30
	[0,11] 2
1226:
	(7,62) 33
	[0,11] 2
1225:
	(7,62) 33
	[0,11] 2
1224:
	(7,62) 35
	[0,11] 2
1223:
	(7,62) 35
	[0,11] 2
1222:
	(7,62) 35
	[0,11] 2
1221:
	(7,62) 26
	[0,11] 2
1220:
	(7,62) 35
	[0,11] 2
1219:
	(7,62) 33
	[0,11] 2
1218:
	(7,62) 35
	[0,11] 2
1217:
	(7,62) 35
	[0,11] 2
1216:
	(7,62) 30
	[0,11] 2
1215:
	(7,62) 33
	[0,11] 2
1214:
	(7,62) 35
	[0,11] 2
1213:
	(7,62) 33
	[0,11] 2
1212:
	(7,62) 33
	[0,11] 2
1211:
	(7,62) 31
	[0,11] 2
1210:
	(7,62) 33
	[0,11] 2
1209:
	(7,62) 34
	[0,11] 2
1208:
	(7,62) 33
	[0,11] 2
1207:
	(7,62) 31
	[0,11] 2
1206:
	(7,62) 33
	[0,11] 2
1205:
	(7,62) 33
	[0,11] 2
1204:
	(7,62) 33
	[0,11] 2
1203:
	(28,15) 32
	[5,3] 4
1202:
	(52,13) 38
	[9,2] 5
1301:
	(7,63) 53
	[0,11] 6
1300:
	(7,63) 56
	[0,11] 6
1299:
	(7,63) 56
	[0,11] 6
1298:
	(7,63) 56
	[0,11] 6
1297:
	(7,63) 56
	[0,11] 6
1296:
	(7,63) 56
	[0,11] 6
1295:
	(7,63) 54
	[0,11] 6
1294:
	(7,63) 55
	[0,11] 6
1293:
	(7,63) 56
	[0,11] 6
1292:
	(7,63) 54
	[0,11] 6
1291:
	(7,63) 56
	[0,11] 6
1290:
	(7,63) 56
	[0,11] 6
1289:
	(7,63) 56
	[0,11] 6
1288:
	(7,63) 56
	[0,11] 6
1287:
	(7,62) 48
	[0,11] 6
1286:
	(7,63) 56
	[0,11] 6
1285:
	(41,7) 16
	[7,0] 2
1284:
	(3,23) 36
	[0,3] 2
1282:
	(2,10) 57
	[0,2] 5
1201:
	(3,1089552) 9
	[0,163843] 1
1200:
	(3,282) 9
	[0,43] 1
1199:
	(3,548) 9
	[0,83] 1
1198:
	(3,1080) 9
	[0,163] 1
1197:
	(3,2144) 9
	[0,323] 1
1196:
	(3,4272) 9
	[0,643] 1
1195:
	(3,8528) 9
	[0,1283] 1
1194:
	(3,17040) 9
	[0,2563] 1
1193:
	(3,34064) 9
	[0,5123] 1
1192:
	(3,68112) 9
	[0,10243] 1
1191:
	(3,136208) 9
	[0,20483] 1
1190:
	(3,2284922355420) 7
	[0,343597383683] 1
1189:
	(3,272400) 9
	[0,40963] 1
1188:
	(3,544784) 9
	[0,81923] 1
1187:
	(3,148) 9
	[0,23] 1
1186:
	(3,2179088) 9
	[0,327683] 1
1185:
	(3,4358160) 9
	[0,655363] 1
1184:
	(3,8716304) 9
	[0,1310723] 1
1183:
	(3,17432590) 7
	[0,2621443] 1
1182:
	(3,34865164) 7
	[0,5242883] 1
1181:
	(3,69730312) 7
	[0,10485763] 1
1180:
	(3,139460608) 7
	[0,20971523] 1
1179:
	(3,278921202) 9
	[0,41943043] 1
1178:
	(3,557842388) 9
	[0,83886083] 1
1177:
	(3,1115684760) 9
	[0,167772163] 1
1176:
	(3,2231369504) 9
	[0,335544323] 1
1175:
	(3,4462738992) 9
	[0,671088643] 1
1174:
	(3,8925477966) 7
	[0,1342177283] 1
1173:
	(3,17850955918) 9
	[0,2684354563] 1
1170:
	(58,6) 30
	[10,0] 3
833:
	(71,4) 45
	[12,0] 5
834:
	(71,4) 28
	[12,0] 3
835:
	(3,70) 20
	[0,12] 2
1169:
	(3,1169880245966936) 7
	[0,175921860444163] 1
1168:
	(3,71403823622) 7
	[0,10737418243] 1
1167:
	(3,142807647228) 7
	[0,21474836483] 1
1166:
	(3,285615294442) 9
	[0,42949672963] 1
1165:
	(3,571230588868) 9
	[0,85899345923] 1
1164:
	(3,1142461177718) 7
	[0,171798691843] 1
1163:
	(3,36558757686482) 7
	[0,5497558138883] 1
1162:
	(3,4569844710824) 7
	[0,687194767363] 1
1161:
	(3,9139689421632) 7
	[0,1374389534723] 1
1160:
	(3,18279378843250) 9
	[0,2748779069443] 1
1159:
	(3,4679520983867700) 9
	[0,703687441776643] 1
1158:
	(3,73117515372948) 7
	[0,10995116277763] 1
1157:
	(3,146235030745882) 9
	[0,21990232555523] 1
1156:
	(3,292470061491746) 7
	[0,43980465111043] 1
1155:
	(3,35701911820) 9
	[0,5368709123] 1
1154:
	(3,2339760491933858) 9
	[0,351843720888323] 1
1153:
	(3,18718083935470745) 7
	[0,2814749767106563] 1
1152:
	(3,9359041967735382) 7
	[0,1407374883553283] 1
1151:
	(3,584940122983476) 7
	[0,87960930222083] 1
1150:
	(8,21) 59
	[2,4] 5
1149:
	(5,91) 63
	[1,16] 7
1148:
	(5,110) 42
	[1,19] 6
1146:
	(9,27) 38
	[2,5] 5
1172:
	(7,2) 68
	[1,0] 10
1171:
	(5,57) 31
	[0,10] 3
836:
	(69,2) 21
	[12,0] 2
1143:
	(41,4) 47
	[7,0] 6
1141:
	(5,43) 70
	[1,8] 10
1140:
	(67,5) 23
	[12,1] 2
1142:
	(3,40) 20
	[0,7] 2
1138:
	(75,6) 77
	[13,1] 10
1135:
	(21,8) 44
	[4,2] 6
1139:
	(5,74) 46
	[1,13] 6
1137:
	(3,14) 30
	[0,3] 2
1136:
	(17,2) 42
	[3,0] 2
1134:
	(5,50) 46
	[1,9] 6
1133:
	(5,2) 39
	[1,0] 4
1132:
	(8,16) 105
	[2,3] 16
1130:
	(8,16) 36
	[2,3] 3
1131:
	(15,7) 53
	[3,2] 5
1129:
	(15,7) 37
	[3,2] 2
1128:
	(236,4) 20
	[44,1] 3
1127:
	(146235030745864,4) 27
	[21990232555520,1] 4
1126:
	(113,4) 22
	[19,1] 3
1125:
	(101,4) 20
	[17,1] 3
1124:
	(143,4) 22
	[25,1] 3
1123:
	(63,4) 18
	[9,1] 2
1122:
	(153,4) 22
	[27,1] 3
1121:
	(285615294424,4) 27
	[42949672960,1] 4
1120:
	(328,4) 22
	[62,1] 3
1119:
	(571230588850,4) 27
	[85899345920,1] 4
1118:
	(17022,4) 27
	[2560,1] 4
1117:
	(303,4) 22
	[57,1] 3
1116:
	(530,4) 27
	[80,1] 4
1115:
	(63,4) 18
	[9,1] 2
1114:
	(331,4) 20
	[63,1] 3
1113:
	(211,4) 20
	[39,1] 3
1112:
	(63,4) 18
	[9,1] 2
1111:
	(17850955900,4) 27
	[2684354560,1] 4
1110:
	(62,4) 18
	[9,1] 2
1109:
	(63,4) 18
	[9,1] 2
1108:
	(2126,4) 27
	[320,1] 4
1107:
	(203,4) 22
	[37,1] 3
1106:
	(8716286,4) 27
	[1310720,1] 4
1105:
	(1115684742,4) 27
	[167772160,1] 4
1104:
	(278921184,4) 27
	[41943040,1] 4
1103:
	(128,4) 22
	[22,1] 3
1102:
	(321,4) 20
	[61,1] 3
1101:
	(69730294,4) 25
	[10485760,1] 4
1100:
	(308,4) 22
	[58,1] 3
1099:
	(1089534,4) 27
	[163840,1] 4
1098:
	(311,4) 20
	[59,1] 3
1097:
	(261,4) 20
	[49,1] 3
1096:
	(4358142,4) 27
	[655360,1] 4
1095:
	(130,4) 27
	[20,1] 4
1094:
	(544766,4) 27
	[81920,1] 4
1093:
	(18718083935470727,4) 25
	[2814749767106560,1] 4
1092:
	(298,4) 22
	[56,1] 3
1091:
	(2179070,4) 27
	[327680,1] 4
1090:
	(8510,4) 27
	[1280,1] 4
1089:
	(9359041967735364,4) 25
	[1407374883553280,1] 4
1088:
	(73117515372930,4) 25
	[10995116277760,1] 4
1087:
	(272382,4) 27
	[40960,1] 4
1086:
	(248,4) 22
	[46,1] 3
1085:
	(231,4) 20
	[43,1] 3
1084:
	(139460590,4) 25
	[20971520,1] 4
1083:
	(198,4) 22
	[36,1] 3
1082:
	(17432572,4) 25
	[2621440,1] 4
1081:
	(148,4) 22
	[26,1] 3
1080:
	(63,4) 18
	[9,1] 2
1079:
	(34046,4) 27
	[5120,1] 4
1078:
	(188,4) 22
	[34,1] 3
1077:
	(34865146,4) 25
	[5242880,1] 4
1076:
	(36558757686464,4) 25
	[5497558138880,1] 4
1075:
	(68094,4) 27
	[10240,1] 4
1074:
	(266,4) 20
	[50,1] 3
1073:
	(123,4) 22
	[21,1] 3
1072:
	(293,4) 22
	[55,1] 3
1071:
	(116,4) 20
	[20,1] 3
1070:
	(161,4) 20
	[29,1] 3
1069:
	(63,4) 18
	[9,1] 2
1068:
	(63,4) 18
	[9,1] 2
1067:
	(108,4) 22
	[18,1] 3
1066:
	(1169880245966918,4) 25
	[175921860444160,1] 4
1065:
	(283,4) 22
	[53,1] 3
1064:
	(35701911802,4) 27
	[5368709120,1] 4
1063:
	(253,4) 22
	[47,1] 3
1062:
	(97,4) 20
	[16,1] 3
1061:
	(1062,4) 27
	[160,1] 4
1060:
	(63,4) 18
	[9,1] 2
1059:
	(191,4) 20
	[35,1] 3
1058:
	(226,4) 20
	[42,1] 3
1057:
	(218,4) 22
	[40,1] 3
1056:
	(4462738974,4) 27
	[671088640,1] 4
1055:
	(63,4) 18
	[9,1] 2
1054:
	(178,4) 22
	[32,1] 3
1053:
	(273,4) 22
	[51,1] 3
1052:
	(2231369486,4) 27
	[335544320,1] 4
1051:
	(8925477948,4) 25
	[1342177280,1] 4
1050:
	(2284922355402,4) 25
	[343597383680,1] 4
1049:
	(158,4) 22
	[28,1] 3
1048:
	(62,4) 18
	[9,1] 2
1047:
	(63,4) 18
	[9,1] 2
1046:
	(71403823604,4) 25
	[10737418240,1] 4
1045:
	(136,4) 20
	[24,1] 3
1044:
	(166,4) 20
	[30,1] 3
1043:
	(131,4) 20
	[23,1] 3
1042:
	(136190,4) 27
	[20480,1] 4
1041:
	(278,4) 22
	[52,1] 3
1040:
	(63,4) 18
	[9,1] 2
1039:
	(63,4) 18
	[9,1] 2
1038:
	(292470061491728,4) 25
	[43980465111040,1] 4
1037:
	(63,4) 18
	[9,1] 2
1036:
	(183,4) 22
	[33,1] 3
1035:
	(256,4) 20
	[48,1] 3
1034:
	(264,4) 27
	[40,1] 4
1033:
	(173,4) 22
	[31,1] 3
1032:
	(4254,4) 27
	[640,1] 4
1031:
	(2339760491933840,4) 27
	[351843720888320,1] 4
1030:
	(288,4) 22
	[54,1] 3
1029:
	(584940122983458,4) 25
	[87960930222080,1] 4
1028:
	(241,4) 20
	[45,1] 3
1027:
	(4679520983867682,4) 27
	[703687441776640,1] 4
1026:
	(208,4) 22
	[38,1] 3
1025:
	(1142461177700,4) 25
	[171798691840,1] 4
1024:
	(223,4) 22
	[41,1] 3
1023:
	(58,4) 17
	[9,1] 2
1022:
	(142807647210,4) 25
	[21474836480,1] 4
1021:
	(557842370,4) 27
	[83886080,1] 4
1020:
	(316,4) 20
	[60,1] 3
1019:
	(4569844710806,4) 25
	[687194767360,1] 4
1018:
	(9139689421614,4) 25
	[1374389534720,1] 4
1017:
	(48,4) 26
	[5,1] 3
1016:
	(35,4) 39
	[5,1] 4
1015:
	(48,4) 26
	[5,1] 3
1014:
	(34,4) 41
	[5,1] 4
1013:
	(48,4) 26
	[5,1] 3
1012:
	(48,4) 26
	[5,1] 3
1011:
	(48,4) 28
	[5,1] 3
1010:
	(48,4) 28
	[5,1] 3
1009:
	(35,4) 41
	[5,1] 4
1008:
	(35,4) 41
	[5,1] 4
1007:
	(30,4) 38
	[5,1] 4
1006:
	(48,4) 28
	[5,1] 3
1005:
	(47,4) 28
	[5,1] 3
1004:
	(35,4) 41
	[5,1] 4
1003:
	(35,4) 39
	[5,1] 4
1002:
	(35,4) 41
	[5,1] 4
1001:
	(48,4) 28
	[5,1] 3
1000:
	(35,4) 41
	[5,1] 4
999:
	(48,4) 26
	[5,1] 3
998:
	(35,4) 41
	[5,1] 4
997:
	(35,4) 41
	[5,1] 4
996:
	(35,4) 41
	[5,1] 4
995:
	(35,4) 41
	[5,1] 4
994:
	(48,4) 28
	[5,1] 3
993:
	(48,4) 26
	[5,1] 3
992:
	(48,4) 28
	[5,1] 3
991:
	(35,4) 41
	[5,1] 4
990:
	(47,4) 28
	[5,1] 3
989:
	(48,4) 28
	[5,1] 3
988:
	(34,4) 39
	[5,1] 4
987:
	(35,4) 41
	[5,1] 4
986:
	(43,4) 27
	[5,1] 3
985:
	(15,4) 73
	[3,1] 10
984:
	(58,4) 32
	[10,1] 4
983:
	(34,4) 26
	[6,1] 3
982:
	(2339760491933763,11) 79
	[351843720888307,2] 13
981:
	(106,62) 81
	[20,4] 13
980:
	(33,25) 88
	[5,5] 13
979:
	(1089457,11) 79
	[163827,2] 13
978:
	(61,44) 79
	[11,4] 13
977:
	(8716209,11) 79
	[1310707,2] 13
976:
	(28,35) 86
	[4,4] 13
975:
	(51,40) 81
	[9,4] 13
974:
	(136113,11) 79
	[20467,2] 13
973:
	(17850955823,11) 79
	[2684354547,2] 13
972:
	(56,42) 79
	[10,4] 13
971:
	(571230588773,11) 79
	[85899345907,2] 13
970:
	(73117515372855,11) 77
	[10995116277747,2] 13
969:
	(544689,11) 79
	[81907,2] 13
968:
	(36558757686389,11) 77
	[5497558138867,2] 13
967:
	(68017,11) 79
	[10227,2] 13
966:
	(41,36) 79
	[7,4] 13
965:
	(28,24) 88
	[4,4] 13
964:
	(46,38) 81
	[8,4] 13
963:
	(136,74) 79
	[26,4] 13
962:
	(278921107,11) 79
	[41943027,2] 13
961:
	(231,112) 81
	[45,4] 13
960:
	(22,29) 79
	[3,4] 13
959:
	(32,25) 86
	[5,5] 13
958:
	(181,92) 79
	[35,4] 13
957:
	(22,15) 88
	[3,3] 13
956:
	(2178993,11) 79
	[327667,2] 13
955:
	(186,94) 79
	[36,4] 13
954:
	(28,35) 88
	[4,4] 13
953:
	(28,35) 88
	[4,4] 13
952:
	(33,25) 88
	[5,5] 13
951:
	(272305,11) 79
	[40947,2] 13
950:
	(33,25) 86
	[5,5] 13
949:
	(33,25) 88
	[5,5] 13
948:
	(96,58) 81
	[18,4] 13
947:
	(4177,11) 79
	[627,2] 13
946:
	(171,88) 81
	[33,4] 13
945:
	(453,11) 79
	[67,2] 13
944:
	(4462738897,11) 79
	[671088627,2] 13
943:
	(28,35) 86
	[4,4] 13
942:
	(557842293,11) 79
	[83886067,2] 13
941:
	(141,76) 81
	[27,4] 13
940:
	(8433,11) 79
	[1267,2] 13
939:
	(2231369409,11) 79
	[335544307,2] 13
938:
	(126,70) 81
	[24,4] 13
937:
	(31,32) 81
	[5,4] 13
936:
	(8925477873,11) 77
	[1342177267,2] 13
935:
	(71,48) 81
	[13,4] 13
934:
	(12,8) 87
	[2,2] 13
933:
	(121,68) 81
	[23,4] 13
932:
	(81,52) 81
	[15,4] 13
931:
	(1169880245966843,11) 77
	[175921860444147,2] 13
930:
	(17432497,11) 77
	[2621427,2] 13
929:
	(9359041967735289,11) 77
	[1407374883553267,2] 13
928:
	(236,114) 79
	[46,4] 13
927:
	(4569844710731,11) 77
	[687194767347,2] 13
926:
	(1142461177625,11) 77
	[171798691827,2] 13
925:
	(28,32) 88
	[4,4] 13
924:
	(156,82) 79
	[30,4] 13
923:
	(66,46) 81
	[12,4] 13
922:
	(28,35) 86
	[4,4] 13
921:
	(139460515,11) 77
	[20971507,2] 13
920:
	(33,25) 88
	[5,5] 13
919:
	(33,25) 86
	[5,5] 13
918:
	(28,35) 86
	[4,4] 13
917:
	(28,35) 88
	[4,4] 13
916:
	(191,96) 79
	[37,4] 13
915:
	(28,35) 88
	[4,4] 13
914:
	(35701911725,11) 79
	[5368709107,2] 13
913:
	(28,35) 88
	[4,4] 13
912:
	(4358065,11) 79
	[655347,2] 13
911:
	(256,122) 79
	[50,4] 13
910:
	(1115684665,11) 79
	[167772147,2] 13
909:
	(31,23) 88
	[4,4] 13
908:
	(32,25) 88
	[5,5] 13
907:
	(142807647135,11) 77
	[21474836467,2] 13
906:
	(246,118) 79
	[48,4] 13
905:
	(15,9) 85
	[2,2] 13
904:
	(16945,11) 79
	[2547,2] 13
903:
	(151,80) 79
	[29,4] 13
902:
	(196,98) 81
	[38,4] 13
901:
	(251,120) 81
	[49,4] 13
900:
	(86,54) 79
	[16,4] 13
899:
	(9139689421539,11) 77
	[1374389534707,2] 13
898:
	(201,100) 81
	[39,4] 13
897:
	(33,25) 88
	[5,5] 13
896:
	(187,11) 79
	[27,2] 13
895:
	(33,25) 88
	[5,5] 13
894:
	(26,30) 79
	[4,4] 13
893:
	(36,34) 81
	[6,4] 13
892:
	(146,78) 81
	[28,4] 13
891:
	(18718083935470652,10) 77
	[2814749767106547,2] 13
890:
	(33,25) 88
	[5,5] 13
889:
	(18279378843155,11) 79
	[2748779069427,2] 13
888:
	(101,60) 81
	[19,4] 13
887:
	(206,102) 81
	[40,4] 13
886:
	(985,11) 79
	[147,2] 13
885:
	(241,116) 79
	[47,4] 13
884:
	(2049,11) 79
	[307,2] 13
883:
	(4679520983867605,11) 79
	[703687441776627,2] 13
882:
	(292470061491653,11) 77
	[43980465111027,2] 13
881:
	(221,108) 81
	[43,4] 13
880:
	(176,90) 81
	[34,4] 13
879:
	(216,106) 81
	[42,4] 13
878:
	(211,104) 81
	[41,4] 13
877:
	(23,15) 88
	[3,3] 13
876:
	(33,25) 88
	[5,5] 13
875:
	(146235030745787,11) 79
	[21990232555507,2] 13
874:
	(27,34) 86
	[4,4] 13
873:
	(111,64) 81
	[21,4] 13
872:
	(91,56) 79
	[17,4] 13
871:
	(34865071,11) 77
	[5242867,2] 13
870:
	(69730219,11) 77
	[10485747,2] 13
869:
	(28,35) 88
	[4,4] 13
868:
	(33,25) 88
	[5,5] 13
867:
	(116,66) 79
	[22,4] 13
866:
	(33969,11) 79
	[5107,2] 13
865:
	(226,110) 81
	[44,4] 13
864:
	(71403823529,11) 77
	[10737418227,2] 13
863:
	(285615294347,11) 79
	[42949672947,2] 13
862:
	(166,86) 79
	[32,4] 13
861:
	(76,50) 81
	[14,4] 13
860:
	(53,20) 79
	[7,4] 13
859:
	(131,72) 81
	[25,4] 13
858:
	(584940122983383,11) 77
	[87960930222067,2] 13
857:
	(161,84) 79
	[31,4] 13
856:
	(2284922355327,11) 77
	[343597383667,2] 13
855:
	(28,35) 86
	[4,4] 13
854:
	(18279378843232,4) 27
	[2748779069440,1] 4
853:
	(13,5) 31
	[1,1] 4
852:
	(12,5) 29
	[1,1] 4
851:
	(13,5) 31
	[1,1] 4
850:
	(13,5) 31
	[1,1] 4
849:
	(13,5) 29
	[1,1] 4
848:
	(13,5) 31
	[1,1] 4
847:
	(8,4) 29
	[1,1] 4
846:
	(13,5) 31
	[1,1] 4
845:
	(13,5) 31
	[1,1] 4
844:
	(12,5) 31
	[1,1] 4
843:
	(13,5) 31
	[1,1] 4
842:
	(13,5) 31
	[1,1] 4
841:
	(13,5) 31
	[1,1] 4
840:
	(13,5) 31
	[1,1] 4
839:
	(13,5) 31
	[1,1] 4
838:
	(13,5) 29
	[1,1] 4
1901:
	(9,18718083935470651) 78
	[2,2814749767106547] 13
1900:
	(10,9359041967735288) 78
	[2,1407374883553267] 13
646:
	(5,18718083935470647) 82
	[1,2814749767106546] 14
645:
	(9359041967735282,9) 84
	[1407374883553266,2] 14
1899:
	(10,4679520983867604) 80
	[2,703687441776627] 13
644:
	(9359041967735282,6) 9359041967735447
	[1407374883553266,1] 1407374883553294
643:
	(5,9359041967735281) 88
	[1,1407374883553266] 15
642:
	(4679520983867598,9) 86
	[703687441776626,2] 14
1898:
	(10,2339760491933762) 80
	[2,351843720888307] 13
641:
	(4679520983867598,6) 4679520983867771
	[703687441776626,1] 703687441776655
640:
	(5,4679520983867597) 90
	[1,703687441776626] 15
639:
	(2339760491933756,9) 86
	[351843720888306,2] 14
1897:
	(10,1169880245966842) 78
	[2,175921860444147] 13
638:
	(2339760491933756,6) 2339760491933931
	[351843720888306,1] 351843720888335
637:
	(5,2339760491933755) 90
	[1,351843720888306] 15
636:
	(1169880245966836,9) 84
	[175921860444146,2] 14
1896:
	(10,584940122983382) 78
	[2,87960930222067] 13
635:
	(1169880245966836,6) 1169880245967009
	[175921860444146,1] 175921860444175
634:
	(5,1169880245966835) 88
	[1,175921860444146] 15
633:
	(584940122983376,9) 84
	[87960930222066,2] 14
1895:
	(10,292470061491652) 78
	[2,43980465111027] 13
632:
	(584940122983376,6) 584940122983547
	[87960930222066,1] 87960930222095
631:
	(5,584940122983375) 88
	[1,87960930222066] 15
630:
	(292470061491646,9) 84
	[43980465111026,2] 14
1894:
	(10,146235030745786) 80
	[2,21990232555507] 13
629:
	(292470061491646,6) 292470061491817
	[43980465111026,1] 43980465111055
628:
	(5,292470061491645) 88
	[1,43980465111026] 15
627:
	(146235030745780,9) 86
	[21990232555506,2] 14
1893:
	(10,73117515372854) 78
	[2,10995116277747] 13
626:
	(146235030745780,6) 146235030745953
	[21990232555506,1] 21990232555535
625:
	(5,146235030745779) 90
	[1,21990232555506] 15
624:
	(73117515372848,9) 84
	[10995116277746,2] 14
1892:
	(10,36558757686388) 78
	[2,5497558138867] 13
623:
	(73117515372848,6) 73117515373021
	[10995116277746,1] 10995116277775
622:
	(5,73117515372847) 88
	[1,10995116277746] 15
621:
	(36558757686382,9) 84
	[5497558138866,2] 14
1891:
	(10,18279378843154) 80
	[2,2748779069427] 13
620:
	(36558757686382,6) 36558757686553
	[5497558138866,1] 5497558138895
619:
	(5,36558757686381) 88
	[1,5497558138866] 15
618:
	(18279378843148,9) 86
	[2748779069426,2] 14
1890:
	(10,9139689421538) 78
	[2,1374389534707] 13
617:
	(18279378843148,6) 18279378843321
	[2748779069426,1] 2748779069455
616:
	(5,18279378843147) 90
	[1,2748779069426] 15
615:
	(9139689421532,9) 84
	[1374389534706,2] 14
1889:
	(10,4569844710730) 78
	[2,687194767347] 13
614:
	(9139689421532,6) 9139689421705
	[1374389534706,1] 1374389534735
613:
	(5,9139689421531) 88
	[1,1374389534706] 15
612:
	(4569844710724,9) 84
	[687194767346,2] 14
1888:
	(10,2284922355326) 78
	[2,343597383667] 13
611:
	(4569844710724,6) 4569844710895
	[687194767346,1] 687194767375
610:
	(5,4569844710723) 88
	[1,687194767346] 15
609:
	(2284922355320,9) 84
	[343597383666,2] 14
1887:
	(10,1142461177624) 78
	[2,171798691827] 13
608:
	(2284922355320,6) 2284922355491
	[343597383666,1] 343597383695
607:
	(5,2284922355319) 88
	[1,343597383666] 15
606:
	(1142461177618,9) 84
	[171798691826,2] 14
1886:
	(10,571230588772) 80
	[2,85899345907] 13
605:
	(1142461177618,6) 1142461177789
	[171798691826,1] 171798691855
604:
	(5,1142461177617) 88
	[1,171798691826] 15
603:
	(571230588766,9) 86
	[85899345906,2] 14
1885:
	(10,285615294346) 80
	[2,42949672947] 13
602:
	(571230588766,6) 571230588939
	[85899345906,1] 85899345935
601:
	(5,571230588765) 90
	[1,85899345906] 15
600:
	(285615294340,9) 86
	[42949672946,2] 14
1884:
	(10,142807647134) 78
	[2,21474836467] 13
599:
	(285615294340,6) 285615294515
	[42949672946,1] 42949672975
598:
	(5,285615294339) 90
	[1,42949672946] 15
597:
	(142807647128,9) 84
	[21474836466,2] 14
1883:
	(10,71403823528) 78
	[2,10737418227] 13
596:
	(142807647128,6) 142807647301
	[21474836466,1] 21474836495
595:
	(5,142807647127) 88
	[1,21474836466] 15
594:
	(71403823522,9) 84
	[10737418226,2] 14
1882:
	(10,35701911724) 80
	[2,5368709107] 13
593:
	(71403823522,6) 71403823693
	[10737418226,1] 10737418255
592:
	(5,71403823521) 88
	[1,10737418226] 15
591:
	(35701911718,9) 86
	[5368709106,2] 14
1881:
	(10,17850955822) 80
	[2,2684354547] 13
590:
	(35701911718,6) 35701911891
	[5368709106,1] 5368709135
589:
	(5,35701911717) 90
	[1,5368709106] 15
588:
	(17850955816,9) 86
	[2684354546,2] 14
1880:
	(10,8925477872) 78
	[2,1342177267] 13
587:
	(17850955816,6) 17850955991
	[2684354546,1] 2684354575
586:
	(5,17850955815) 90
	[1,2684354546] 15
585:
	(8925477866,9) 84
	[1342177266,2] 14
1879:
	(10,4462738896) 80
	[2,671088627] 13
584:
	(8925477866,6) 8925478039
	[1342177266,1] 1342177295
583:
	(5,8925477865) 88
	[1,1342177266] 15
582:
	(4462738890,9) 86
	[671088626,2] 14
1878:
	(10,2231369408) 80
	[2,335544307] 13
581:
	(4462738890,6) 4462739063
	[671088626,1] 671088655
580:
	(5,4462738889) 90
	[1,671088626] 15
579:
	(2231369402,9) 86
	[335544306,2] 14
1877:
	(10,1115684664) 80
	[2,167772147] 13
578:
	(2231369402,6) 2231369577
	[335544306,1] 335544335
577:
	(5,2231369401) 90
	[1,335544306] 15
576:
	(1115684658,9) 86
	[167772146,2] 14
1876:
	(10,557842292) 80
	[2,83886067] 13
575:
	(1115684658,6) 1115684833
	[167772146,1] 167772175
574:
	(5,1115684657) 90
	[1,167772146] 15
573:
	(557842286,9) 86
	[83886066,2] 14
1875:
	(10,278921106) 80
	[2,41943027] 13
572:
	(557842286,6) 557842461
	[83886066,1] 83886095
571:
	(5,557842285) 90
	[1,83886066] 15
570:
	(278921100,9) 86
	[41943026,2] 14
1874:
	(10,139460514) 78
	[2,20971507] 13
569:
	(278921100,6) 278921275
	[41943026,1] 41943055
568:
	(5,278921099) 90
	[1,41943026] 15
567:
	(139460508,9) 84
	[20971506,2] 14
1873:
	(10,69730218) 78
	[2,10485747] 13
566:
	(139460508,6) 139460681
	[20971506,1] 20971535
565:
	(5,139460507) 88
	[1,20971506] 15
564:
	(69730212,9) 84
	[10485746,2] 14
1872:
	(10,34865070) 78
	[2,5242867] 13
563:
	(69730212,6) 69730383
	[10485746,1] 10485775
562:
	(5,69730211) 88
	[1,10485746] 15
561:
	(34865064,9) 84
	[5242866,2] 14
1871:
	(10,17432496) 78
	[2,2621427] 13
560:
	(34865064,6) 34865235
	[5242866,1] 5242895
559:
	(5,34865063) 88
	[1,5242866] 15
558:
	(17432490,9) 84
	[2621426,2] 14
1870:
	(10,8716208) 80
	[2,1310707] 13
557:
	(17432490,6) 17432661
	[2621426,1] 2621455
556:
	(5,17432489) 88
	[1,2621426] 15
555:
	(8716202,9) 86
	[1310706,2] 14
1869:
	(10,4358064) 80
	[2,655347] 13
554:
	(8716202,6) 8716375
	[1310706,1] 1310735
553:
	(5,8716201) 90
	[1,1310706] 15
552:
	(4358058,9) 86
	[655346,2] 14
1868:
	(10,2178992) 80
	[2,327667] 13
551:
	(4358058,6) 4358233
	[655346,1] 655375
550:
	(5,4358057) 90
	[1,655346] 15
549:
	(2178986,9) 86
	[327666,2] 14
1867:
	(10,1089456) 80
	[2,163827] 13
548:
	(2178986,6) 2179161
	[327666,1] 327695
547:
	(5,2178985) 90
	[1,327666] 15
546:
	(1089450,9) 86
	[163826,2] 14
1866:
	(10,544688) 80
	[2,81907] 13
545:
	(1089450,6) 1089625
	[163826,1] 163855
544:
	(5,1089449) 90
	[1,163826] 15
543:
	(544682,9) 86
	[81906,2] 14
1865:
	(10,272304) 80
	[2,40947] 13
542:
	(544682,6) 544857
	[81906,1] 81935
541:
	(5,544681) 90
	[1,81906] 15
540:
	(272298,9) 86
	[40946,2] 14
1864:
	(10,136112) 80
	[2,20467] 13
539:
	(272298,6) 272473
	[40946,1] 40975
538:
	(5,272297) 90
	[1,40946] 15
537:
	(136106,9) 86
	[20466,2] 14
1863:
	(10,68016) 80
	[2,10227] 13
536:
	(136106,6) 136281
	[20466,1] 20495
535:
	(5,136105) 90
	[1,20466] 15
534:
	(68010,9) 86
	[10226,2] 14
1862:
	(10,33968) 80
	[2,5107] 13
533:
	(68010,6) 68185
	[10226,1] 10255
532:
	(5,68009) 90
	[1,10226] 15
531:
	(33962,9) 86
	[5106,2] 14
1861:
	(10,16944) 80
	[2,2547] 13
530:
	(33962,6) 34137
	[5106,1] 5135
529:
	(5,33961) 90
	[1,5106] 15
528:
	(16938,9) 86
	[2546,2] 14
1860:
	(10,8432) 80
	[2,1267] 13
527:
	(16938,6) 17113
	[2546,1] 2575
526:
	(5,16937) 90
	[1,2546] 15
525:
	(8426,9) 86
	[1266,2] 14
1859:
	(10,4176) 80
	[2,627] 13
524:
	(8426,6) 8601
	[1266,1] 1295
523:
	(5,8425) 90
	[1,1266] 15
522:
	(4170,9) 86
	[626,2] 14
1858:
	(10,2048) 80
	[2,307] 13
521:
	(4170,6) 4345
	[626,1] 655
520:
	(5,4169) 90
	[1,626] 15
519:
	(2042,9) 86
	[306,2] 14
1857:
	(10,984) 80
	[2,147] 13
518:
	(2042,6) 2217
	[306,1] 335
517:
	(5,2041) 90
	[1,306] 15
516:
	(978,9) 86
	[146,2] 14
1856:
	(10,452) 80
	[2,67] 13
515:
	(978,6) 1153
	[146,1] 175
514:
	(5,977) 90
	[1,146] 15
513:
	(446,9) 86
	[66,2] 14
1855:
	(10,186) 80
	[2,27] 13
512:
	(446,6) 621
	[66,1] 95
511:
	(5,445) 90
	[1,66] 15
510:
	(180,9) 86
	[26,2] 14
1854:
	(19,52) 80
	[4,7] 13
509:
	(180,6) 355
	[26,1] 55
508:
	(5,179) 90
	[1,26] 15
507:
	(48,15) 84
	[6,3] 14
1853:
	(24,31) 89
	[5,5] 13
506:
	(9,63) 90
	[2,7] 15
505:
	(50,15) 98
	[6,3] 15
1852:
	(24,32) 89
	[5,5] 13
504:
	(9,64) 104
	[2,7] 16
503:
	(50,15) 98
	[6,3] 15
1851:
	(24,32) 89
	[5,5] 13
502:
	(9,64) 104
	[2,7] 16
501:
	(50,15) 98
	[6,3] 15
1850:
	(24,32) 89
	[5,5] 13
500:
	(9,64) 104
	[2,7] 16
499:
	(50,15) 98
	[6,3] 15
1849:
	(24,32) 89
	[5,5] 13
498:
	(9,64) 104
	[2,7] 16
497:
	(50,15) 98
	[6,3] 15
1848:
	(24,32) 87
	[5,5] 13
496:
	(9,64) 104
	[2,7] 16
495:
	(50,15) 96
	[6,3] 15
1847:
	(24,32) 89
	[5,5] 13
494:
	(9,64) 102
	[2,7] 16
493:
	(50,15) 98
	[6,3] 15
1846:
	(24,32) 89
	[5,5] 13
492:
	(9,64) 104
	[2,7] 16
491:
	(50,15) 98
	[6,3] 15
1845:
	(24,32) 87
	[5,5] 13
490:
	(9,64) 104
	[2,7] 16
489:
	(50,15) 96
	[6,3] 15
1844:
	(24,32) 89
	[5,5] 13
488:
	(9,64) 102
	[2,7] 16
487:
	(50,15) 98
	[6,3] 15
1843:
	(24,32) 89
	[5,5] 13
486:
	(9,64) 104
	[2,7] 16
485:
	(50,15) 98
	[6,3] 15
1842:
	(24,32) 89
	[5,5] 13
484:
	(9,62) 104
	[2,7] 16
483:
	(48,15) 98
	[6,3] 15
1841:
	(24,31) 87
	[5,5] 13
482:
	(9,63) 104
	[2,7] 16
481:
	(50,15) 96
	[6,3] 15
1840:
	(22,30) 89
	[4,4] 13
480:
	(9,64) 102
	[2,7] 16
1839:
	(14,22) 89
	[3,3] 13
479:
	(50,13) 98
	[6,2] 15
1838:
	(8,14) 86
	[2,2] 13
478:
	(7,54) 104
	[1,7] 16
477:
	(15,8) 105
	[2,2] 16
476:
	(16,8) 105
	[2,2] 16
475:
	(16,8) 105
	[2,2] 16
474:
	(16,8) 105
	[2,2] 16
473:
	(16,8) 105
	[2,2] 16
472:
	(16,8) 103
	[2,2] 16
471:
	(15,8) 103
	[2,2] 16
470:
	(16,8) 105
	[2,2] 16
469:
	(16,8) 105
	[2,2] 16
468:
	(16,8) 103
	[2,2] 16
467:
	(16,8) 105
	[2,2] 16
466:
	(16,8) 105
	[2,2] 16
465:
	(16,8) 105
	[2,2] 16
464:
	(16,8) 103
	[2,2] 15
463:
	(16,8) 95
	[2,2] 14
462:
	(40,6) 118
	[6,1] 17
460:
	(5,49) 108
	[1,6] 17
459:
	(5,49) 108
	[1,6] 17
458:
	(5,49) 108
	[1,6] 17
457:
	(5,49) 106
	[1,6] 17
456:
	(5,49) 106
	[1,6] 16
455:
	(5,49) 108
	[1,6] 17
454:
	(5,47) 94
	[1,6] 16
453:
	(5,49) 106
	[1,6] 17
452:
	(5,49) 108
	[1,6] 17
451:
	(5,47) 108
	[1,6] 17
450:
	(5,49) 108
	[1,6] 17
449:
	(5,49) 108
	[1,6] 17
448:
	(5,49) 108
	[1,6] 17
447:
	(5,49) 108
	[1,6] 17
446:
	(5,49) 106
	[1,6] 17
461:
	(5,39) 95
	[1,6] 14
445:
	(13,8) 155
	[1,2] 22
444:
	(13,8) 153
	[1,2] 22
443:
	(13,8) 155
	[1,2] 22
442:
	(13,8) 155
	[1,2] 22
441:
	(13,8) 153
	[1,2] 22
440:
	(13,8) 153
	[1,2] 22
439:
	(13,8) 155
	[1,2] 22
438:
	(13,8) 155
	[1,2] 22
437:
	(13,8) 153
	[1,2] 22
436:
	(8,7) 92
	[1,2] 14
435:
	(13,8) 145
	[1,2] 22
434:
	(12,8) 141
	[1,2] 21
433:
	(12,8) 155
	[1,2] 22
432:
	(13,8) 155
	[1,2] 22
431:
	(13,8) 155
	[1,2] 22
430:
	(13,8) 155
	[1,2] 22
429:
	(8716286,4) 8716291
	[1310720,1] 1310721
428:
	(69730294,4) 69730301
	[10485760,1] 10485761
427:
	(17850955900,4) 17850955907
	[2684354560,1] 2684354561
426:
	(278921184,4) 278921191
	[41943040,1] 41943041
425:
	(136190,4) 136197
	[20480,1] 20481
424:
	(142807647210,4) 142807647219
	[21474836480,1] 21474836481
423:
	(584940122983458,4) 584940122983465
	[87960930222080,1] 87960930222081
422:
	(272382,4) 272389
	[40960,1] 40961
421:
	(30,4) 104
	[5,1] 15
420:
	(285615294424,4) 285615294431
	[42949672960,1] 42949672961
419:
	(8510,4) 8517
	[1280,1] 1281
418:
	(292470061491728,4) 292470061491735
	[43980465111040,1] 43980465111041
417:
	(73117515372930,4) 73117515372939
	[10995116277760,1] 10995116277761
416:
	(71403823604,4) 71403823611
	[10737418240,1] 10737418241
415:
	(4254,4) 4261
	[640,1] 641
414:
	(4462738974,4) 4462738979
	[671088640,1] 671088641
413:
	(4358142,4) 4358149
	[655360,1] 655361
412:
	(2126,4) 2133
	[320,1] 321
411:
	(4679520983867682,4) 4679520983867687
	[703687441776640,1] 703687441776641
410:
	(1142461177700,4) 1142461177707
	[171798691840,1] 171798691841
409:
	(130,4) 139
	[20,1] 21
408:
	(12,5) 143
	[1,1] 22
407:
	(34,4) 121
	[5,1] 18
406:
	(12,5) 129
	[1,1] 21
405:
	(35,4) 122
	[5,1] 18
404:
	(13,5) 144
	[1,1] 22
403:
	(13,5) 144
	[1,1] 22
402:
	(35,4) 122
	[5,1] 18
401:
	(35,4) 122
	[5,1] 18
400:
	(13,5) 142
	[1,1] 22
399:
	(35,4) 122
	[5,1] 18
398:
	(13,5) 144
	[1,1] 22
397:
	(35,4) 122
	[5,1] 18
396:
	(35,4) 120
	[5,1] 17
395:
	(13,5) 144
	[1,1] 22
394:
	(35,4) 120
	[5,1] 18
393:
	(13,5) 142
	[1,1] 22
392:
	(35,4) 120
	[5,1] 18
391:
	(35,4) 120
	[5,1] 18
390:
	(571230588850,4) 571230588855
	[85899345920,1] 85899345921
389:
	(139460590,4) 139460599
	[20971520,1] 20971521
388:
	(17022,4) 17029
	[2560,1] 2561
387:
	(2339760491933840,4) 2339760491933847
	[351843720888320,1] 351843720888321
386:
	(8,4) 126
	[1,1] 19
385:
	(544766,4) 544773
	[81920,1] 81921
384:
	(8925477948,4) 8925477957
	[1342177280,1] 1342177281
383:
	(17432572,4) 17432579
	[2621440,1] 2621441
382:
	(9139689421614,4) 9139689421623
	[1374389534720,1] 1374389534721
381:
	(530,4) 537
	[80,1] 81
380:
	(264,4) 271
	[40,1] 41
379:
	(34046,4) 34053
	[5120,1] 5121
378:
	(1169880245966918,4) 1169880245966927
	[175921860444160,1] 175921860444161
377:
	(9359041967735364,4) 9359041967735365
	[1407374883553280,1] 1407374883553280
376:
	(146235030745864,4) 146235030745869
	[21990232555520,1] 21990232555521
375:
	(36558757686464,4) 36558757686471
	[5497558138880,1] 5497558138881
374:
	(18279378843232,4) 18279378843237
	[2748779069440,1] 2748779069441
373:
	(4569844710806,4) 4569844710813
	[687194767360,1] 687194767361
372:
	(34865146,4) 34865153
	[5242880,1] 5242881
371:
	(557842370,4) 557842377
	[83886080,1] 83886081
370:
	(2179070,4) 2179077
	[327680,1] 327681
369:
	(1115684742,4) 1115684749
	[167772160,1] 167772161
368:
	(2284922355402,4) 2284922355409
	[343597383680,1] 343597383681
367:
	(2231369486,4) 2231369493
	[335544320,1] 335544321
366:
	(68094,4) 68101
	[10240,1] 10241
365:
	(1089534,4) 1089541
	[163840,1] 163841
364:
	(35701911802,4) 35701911807
	[5368709120,1] 5368709121
363:
	(1062,4) 1069
	[160,1] 161
362:
	(35,4) 122
	[5,1] 18
361:
	(13,5) 144
	[1,1] 22
360:
	(13,5) 144
	[1,1] 22
359:
	(13,5) 144
	[1,1] 22
358:
	(13,5) 142
	[1,1] 21
357:
	(35,4) 122
	[5,1] 18
356:
	(13,5) 144
	[1,1] 22
355:
	(35,4) 122
	[5,1] 18
354:
	(13,5) 142
	[1,1] 22
353:
	(35,4) 122
	[5,1] 18
352:
	(34,4) 107
	[5,1] 17
351:
	(13,5) 144
	[1,1] 22
1837:
	(121,255) 80
	[4,50] 13
1836:
	(119,250) 82
	[4,49] 13
832:
	(117,251) 84
	[3,49] 14
1835:
	(117,245) 80
	[4,48] 13
831:
	(247,116) 88
	[48,3] 15
830:
	(115,246) 86
	[3,48] 14
1834:
	(115,240) 80
	[4,47] 13
829:
	(242,114) 90
	[47,3] 15
828:
	(113,241) 84
	[3,47] 14
1833:
	(113,235) 80
	[4,46] 13
827:
	(237,112) 88
	[46,3] 15
826:
	(111,236) 84
	[3,46] 14
1832:
	(111,230) 82
	[4,45] 13
825:
	(232,110) 88
	[45,3] 15
824:
	(109,231) 84
	[3,45] 14
1831:
	(109,225) 82
	[4,44] 13
823:
	(227,108) 88
	[44,3] 15
822:
	(107,226) 86
	[3,44] 14
1830:
	(107,220) 82
	[4,43] 13
821:
	(222,106) 90
	[43,3] 15
820:
	(105,221) 86
	[3,43] 14
1829:
	(105,215) 82
	[4,42] 13
819:
	(217,104) 90
	[42,3] 15
818:
	(103,216) 86
	[3,42] 14
1828:
	(103,210) 82
	[4,41] 13
817:
	(212,102) 90
	[41,3] 15
816:
	(101,211) 86
	[3,41] 14
1827:
	(101,205) 82
	[4,40] 13
815:
	(207,100) 90
	[40,3] 15
814:
	(99,206) 86
	[3,40] 14
1826:
	(99,200) 82
	[4,39] 13
813:
	(202,98) 90
	[39,3] 15
812:
	(97,201) 86
	[3,39] 14
1825:
	(97,195) 82
	[4,38] 13
811:
	(197,96) 90
	[38,3] 15
810:
	(95,196) 86
	[3,38] 14
1824:
	(95,190) 80
	[4,37] 13
809:
	(192,94) 90
	[37,3] 15
808:
	(93,191) 86
	[3,37] 14
1823:
	(93,185) 80
	[4,36] 13
807:
	(187,92) 90
	[36,3] 15
806:
	(91,186) 84
	[3,36] 14
1822:
	(91,180) 80
	[4,35] 13
805:
	(182,90) 88
	[35,3] 15
804:
	(89,181) 84
	[3,35] 14
1821:
	(89,175) 82
	[4,34] 13
803:
	(177,88) 88
	[34,3] 15
802:
	(87,176) 84
	[3,34] 14
1820:
	(87,170) 82
	[4,33] 13
801:
	(172,86) 88
	[33,3] 15
800:
	(85,171) 86
	[3,33] 14
1819:
	(85,165) 80
	[4,32] 13
799:
	(167,84) 90
	[32,3] 15
798:
	(83,166) 86
	[3,32] 14
1818:
	(83,160) 80
	[4,31] 13
797:
	(162,82) 90
	[31,3] 15
796:
	(81,161) 84
	[3,31] 14
1817:
	(81,155) 80
	[4,30] 13
795:
	(157,80) 88
	[30,3] 15
794:
	(79,156) 84
	[3,30] 14
1816:
	(79,150) 80
	[4,29] 13
793:
	(152,78) 88
	[29,3] 15
792:
	(77,151) 84
	[3,29] 14
1815:
	(77,145) 82
	[4,28] 13
791:
	(147,76) 88
	[28,3] 15
790:
	(75,146) 84
	[3,28] 14
1814:
	(75,140) 82
	[4,27] 13
789:
	(142,74) 88
	[27,3] 15
788:
	(73,141) 86
	[3,27] 14
1813:
	(73,135) 80
	[4,26] 13
787:
	(137,72) 90
	[26,3] 15
786:
	(71,136) 86
	[3,26] 14
1812:
	(71,130) 82
	[4,25] 13
785:
	(132,70) 90
	[25,3] 15
784:
	(69,131) 84
	[3,25] 14
1811:
	(69,125) 82
	[4,24] 13
783:
	(127,68) 88
	[24,3] 15
782:
	(67,126) 86
	[3,24] 14
1810:
	(67,120) 82
	[4,23] 13
781:
	(122,66) 90
	[23,3] 15
780:
	(65,121) 86
	[3,23] 14
1809:
	(65,115) 80
	[4,22] 13
779:
	(117,64) 90
	[22,3] 15
778:
	(63,116) 86
	[3,22] 14
1808:
	(63,110) 82
	[4,21] 13
777:
	(112,62) 90
	[21,3] 15
776:
	(61,111) 84
	[3,21] 14
1807:
	(61,105) 82
	[4,20] 13
775:
	(107,60) 88
	[20,3] 15
774:
	(59,106) 86
	[3,20] 14
1806:
	(59,100) 82
	[4,19] 13
773:
	(102,58) 90
	[19,3] 15
772:
	(57,101) 86
	[3,19] 14
1805:
	(57,95) 82
	[4,18] 13
771:
	(97,56) 90
	[18,3] 15
770:
	(55,96) 86
	[3,18] 14
1804:
	(55,90) 80
	[4,17] 13
769:
	(92,54) 90
	[17,3] 15
768:
	(53,91) 86
	[3,17] 14
1803:
	(53,85) 80
	[4,16] 13
767:
	(87,52) 90
	[16,3] 15
766:
	(51,86) 84
	[3,16] 14
1802:
	(51,80) 82
	[4,15] 13
765:
	(82,50) 88
	[15,3] 15
764:
	(49,81) 84
	[3,15] 14
1801:
	(49,75) 82
	[4,14] 13
763:
	(77,48) 88
	[14,3] 15
762:
	(47,76) 86
	[3,14] 14
1800:
	(47,70) 82
	[4,13] 13
761:
	(72,46) 90
	[13,3] 15
760:
	(45,71) 86
	[3,13] 14
1799:
	(45,65) 82
	[4,12] 13
759:
	(67,44) 90
	[12,3] 15
758:
	(43,66) 86
	[3,12] 14
1798:
	(43,60) 80
	[4,11] 13
757:
	(62,42) 90
	[11,3] 15
756:
	(41,61) 86
	[3,11] 14
1797:
	(41,55) 80
	[4,10] 13
755:
	(57,40) 90
	[10,3] 15
754:
	(39,56) 84
	[3,10] 14
1796:
	(39,50) 82
	[4,9] 13
753:
	(52,38) 88
	[9,3] 15
752:
	(37,51) 84
	[3,9] 14
1795:
	(37,45) 82
	[4,8] 13
751:
	(47,36) 88
	[8,3] 15
750:
	(35,46) 86
	[3,8] 14
1794:
	(35,40) 80
	[4,7] 13
749:
	(42,34) 90
	[7,3] 15
748:
	(33,41) 86
	[3,7] 14
1793:
	(33,35) 82
	[4,6] 13
747:
	(37,32) 90
	[6,3] 15
746:
	(31,36) 84
	[3,6] 14
1792:
	(31,30) 82
	[4,5] 13
745:
	(32,30) 88
	[5,3] 15
744:
	(29,31) 86
	[3,5] 14
1791:
	(29,25) 80
	[4,4] 13
743:
	(27,28) 90
	[4,3] 15
742:
	(27,26) 86
	[3,4] 14
1790:
	(28,21) 80
	[4,3] 13
741:
	(22,26) 90
	[3,3] 15
740:
	(25,21) 84
	[3,3] 14
739:
	(17,24) 84
	[2,3] 14
1789:
	(34,27) 89
	[4,4] 13
738:
	(17,28) 91
	[2,4] 15
737:
	(18,25) 98
	[2,3] 15
1788:
	(34,27) 87
	[4,4] 13
736:
	(18,28) 105
	[2,4] 16
735:
	(18,25) 96
	[2,3] 15
1787:
	(34,27) 87
	[4,4] 13
734:
	(18,28) 103
	[2,4] 16
733:
	(18,25) 96
	[2,3] 15
1786:
	(34,27) 87
	[4,4] 13
732:
	(18,28) 103
	[2,4] 16
731:
	(18,25) 96
	[2,3] 15
1785:
	(34,27) 87
	[4,4] 13
730:
	(18,28) 103
	[2,4] 16
729:
	(18,25) 96
	[2,3] 15
1784:
	(34,27) 89
	[4,4] 13
728:
	(18,28) 103
	[2,4] 16
727:
	(18,25) 98
	[2,3] 15
1783:
	(34,27) 87
	[4,4] 13
726:
	(18,28) 105
	[2,4] 16
725:
	(18,25) 96
	[2,3] 15
1782:
	(34,27) 89
	[4,4] 13
724:
	(18,28) 103
	[2,4] 16
723:
	(18,25) 98
	[2,3] 15
1781:
	(34,27) 89
	[4,4] 13
722:
	(18,28) 105
	[2,4] 16
721:
	(18,25) 98
	[2,3] 15
1780:
	(34,27) 89
	[4,4] 13
720:
	(18,28) 105
	[2,4] 16
719:
	(18,25) 98
	[2,3] 15
1779:
	(34,27) 89
	[4,4] 13
718:
	(18,28) 105
	[2,4] 16
717:
	(18,25) 98
	[2,3] 15
1778:
	(33,26) 87
	[4,4] 13
716:
	(18,27) 105
	[2,4] 16
715:
	(17,24) 96
	[2,3] 15
1777:
	(31,27) 89
	[4,4] 13
714:
	(17,28) 103
	[2,4] 16
713:
	(18,22) 98
	[2,3] 15
1776:
	(23,27) 89
	[4,4] 13
712:
	(15,28) 105
	[2,4] 16
711:
	(18,14) 98
	[2,2] 15
1775:
	(14,21) 89
	[3,3] 13
710:
	(7,23) 105
	[1,4] 16
709:
	(9,17) 123
	[2,2] 18
707:
	(9,17) 124
	[2,2] 18
705:
	(9,17) 122
	[2,2] 18
703:
	(9,17) 124
	[2,2] 18
701:
	(9,17) 122
	[2,2] 18
699:
	(9,16) 122
	[2,2] 18
697:
	(9,17) 124
	[2,2] 18
695:
	(9,17) 119
	[2,2] 18
708:
	(16,8) 105
	[2,2] 15
706:
	(16,8) 108
	[2,2] 15
704:
	(16,8) 108
	[2,2] 15
702:
	(16,8) 108
	[2,2] 15
700:
	(16,8) 106
	[2,2] 15
698:
	(15,8) 108
	[2,2] 15
696:
	(16,8) 104
	[2,2] 15
694:
	(16,8) 95
	[2,2] 14
693:
	(9,17) 122
	[2,2] 18
691:
	(9,17) 124
	[2,2] 18
689:
	(9,17) 124
	[2,2] 18
687:
	(9,16) 110
	[2,2] 17
685:
	(9,17) 124
	[2,2] 18
683:
	(9,17) 122
	[2,2] 18
681:
	(9,17) 122
	[2,2] 18
1774:
	(7,11) 88
	[2,2] 13
692:
	(16,8) 106
	[2,2] 15
690:
	(16,8) 108
	[2,2] 15
688:
	(16,8) 106
	[2,2] 15
686:
	(15,8) 108
	[2,2] 15
684:
	(16,8) 106
	[2,2] 15
682:
	(16,8) 108
	[2,2] 15
680:
	(16,8) 106
	[2,2] 15
679:
	(6,17) 117
	[1,2] 17
678:
	(6,17) 115
	[1,2] 17
677:
	(6,17) 117
	[1,2] 17
676:
	(6,17) 117
	[1,2] 17
675:
	(6,17) 115
	[1,2] 17
674:
	(6,17) 115
	[1,2] 17
673:
	(6,17) 114
	[1,2] 17
672:
	(6,17) 106
	[1,2] 16
671:
	(13,6) 115
	[2,1] 18
669:
	(6,16) 114
	[1,2] 17
668:
	(6,17) 117
	[1,2] 17
667:
	(6,17) 117
	[1,2] 17
666:
	(6,17) 117
	[1,2] 17
665:
	(6,16) 102
	[1,2] 16
664:
	(6,17) 115
	[1,2] 17
663:
	(6,17) 115
	[1,2] 17
670:
	(5,12) 98
	[1,2] 15
662:
	(12,5) 118
	[1,1] 18
661:
	(13,5) 121
	[1,1] 18
660:
	(13,5) 121
	[1,1] 18
659:
	(13,5) 121
	[1,1] 18
658:
	(13,5) 119
	[1,1] 18
657:
	(13,5) 118
	[1,1] 18
656:
	(13,5) 121
	[1,1] 18
655:
	(13,5) 119
	[1,1] 18
654:
	(13,5) 119
	[1,1] 18
653:
	(12,5) 106
	[1,1] 17
652:
	(13,5) 110
	[1,1] 17
651:
	(8,4) 102
	[1,1] 16
650:
	(13,5) 121
	[1,1] 18
649:
	(13,5) 121
	[1,1] 18
648:
	(13,5) 119
	[1,1] 18
647:
	(13,5) 119
	[1,1] 18
1145:
	(16,8) 52
	[3,2] 5
1147:
	(6,75) 45
	[1,13] 6
1144:
	(6,51) 45
	[1,9] 6
2044:
	(2,2) 43
	[0,0] 6
2045:
	(7,3048) 44
	[1,510] 5
2043:
	(1898,6) 1194
	[318,1] 197
2042:
	(1707,6) 1385
	[286,1] 229
2041:
	(175,7) 2917
	[30,1] 485
2040:
	(1149,6) 1943
	[192,1] 323
2039:
	(141,6) 2951
	[24,1] 491
2038:
	(33,6) 3059
	[6,1] 509
2037:
	(1531,5) 1561
	[256,1] 259
2036:
	(382,5) 2710
	[64,1] 451
2035:
	(22,5) 3070
	[4,1] 511
2034:
	(766,5) 2326
	[128,1] 387
2033:
	(94,5) 2998
	[16,1] 499
2032:
	(190,5) 2902
	[32,1] 483
2031:
	(10,5) 3082
	[2,1] 513
2030:
	(46,5) 3046
	[8,1] 507
331:
	(4,12) 32
	[1,1] 4
328:
	(4,12) 32
	[1,1] 4
329:
	(4,12) 32
	[1,1] 4
330:
	(4,11) 30
	[1,1] 4
327:
	(3,7) 30
	[1,1] 4
332:
	(4,12) 32
	[1,1] 4
333:
	(4,12) 32
	[1,1] 4
334:
	(4,12) 30
	[1,1] 4
339:
	(4,12) 32
	[1,1] 4
336:
	(4,12) 32
	[1,1] 4
337:
	(4,12) 30
	[1,1] 4
338:
	(4,12) 32
	[1,1] 4
335:
	(4,12) 32
	[1,1] 4
340:
	(4,12) 32
	[1,1] 4
341:
	(4,12) 32
	[1,1] 4
342:
	(4,11) 32
	[1,1] 4
2029:
	(5,3) ∞
	[0,0] ∞
347:
	(4,189) 2903
	[1,32] 483
348:
	(4,381) 2711
	[1,64] 451
344:
	(4,21) 3071
	[1,4] 511
350:
	(4,1530) 1562
	[1,256] 259
345:
	(4,45) 3047
	[1,8] 507
349:
	(4,765) 2327
	[1,128] 387
2028:
	(5,3) ∞
	[0,0] ∞
2027:
	(5,3) ∞
	[0,0] ∞
346:
	(4,93) 2999
	[1,16] 499
2026:
	(5,3) ∞
	[0,0] ∞
2025:
	(5,3) ∞
	[0,0] ∞
2024:
	(5,3) ∞
	[0,0] ∞
2023:
	(5,3) ∞
	[0,0] ∞
2022:
	(5,3) ∞
	[0,0] ∞
2021:
	(5,3) ∞
	[0,0] ∞
2020:
	(5,3) ∞
	[0,0] ∞
2019:
	(5,3) ∞
	[0,0] ∞
2018:
	(5,3) ∞
	[0,0] ∞
343:
	(4,9) 3083
	[1,2] 513
2017:
	(5,3) ∞
	[0,0] ∞
2016:
	(5,3) ∞
	[0,0] ∞
2015:
	(5,3) ∞
	[0,0] ∞
2014:
	(5,3) ∞
	[0,0] ∞
2013:
	(4,2) 41
	[0,0] 6
2012:
	(4,2) 48
	[0,0] 6
2011:
	(4,2) 48
	[0,0] 6
2010:
	(4,2) 45
	[0,0] 6
2009:
	(4,2) 48
	[0,0] 6
2008:
	(4,2) 48
	[0,0] 6
2007:
	(4,2) 46
	[0,0] 6
2006:
	(4,2) 48
	[0,0] 6
2005:
	(4,2) 47
	[0,0] 6
2004:
	(4,2) 48
	[0,0] 6
2003:
	(4,2) 48
	[0,0] 6
2002:
	(4,2) 46
	[0,0] 6
2001:
	(4,2) 48
	[0,0] 6
2000:
	(4,2) 48
	[0,0] 6
1999:
	(4,2) 48
	[0,0] 6
1998:
	(4,2) 48
	[0,0] 6
1997:
	(2,2) ∞
	[0,0] ∞
1996:
	(2,2) ∞
	[0,0] ∞
1995:
	(10,5) 3087
	[2,1] 514
1994:
	(2,2) ∞
	[0,0] ∞
1993:
	(2,2) ∞
	[0,0] ∞
1992:
	(2,2) ∞
	[0,0] ∞
1991:
	(2,2) ∞
	[0,0] ∞
1990:
	(2,2) ∞
	[0,0] ∞
1989:
	(2,2) ∞
	[0,0] ∞
1988:
	(2,2) ∞
	[0,0] ∞
1987:
	(2,2) ∞
	[0,0] ∞
1986:
	(2,2) ∞
	[0,0] ∞
1985:
	(2,2) ∞
	[0,0] ∞
1984:
	(2,2) ∞
	[0,0] ∞
1983:
	(2,2) ∞
	[0,0] ∞
1982:
	(2,2) ∞
	[0,0] ∞
1981:
	(2,2) ∞
	[0,0] ∞
2046:
	(5,5) 38
	[0,0] 5
2047:
	(6,6) 38
	[0,0] 5
1956:
	(3,3104) 40
	[0,510] 5
1955:
	(2,5) 42
	[0,0] 5
2048:
	(6,6) 38
	[0,0] 5
1954:
	(3101,4) 43
	[510,0] 5
1953:
	(3,3100) 41
	[0,510] 5
1952:
	(2,5) 42
	[0,0] 5
2049:
	(6,6) 38
	[0,0] 5
1951:
	(3097,4) 44
	[510,0] 5
1950:
	(3,3096) 41
	[0,510] 5
1949:
	(2,5) 42
	[0,0] 5
2050:
	(6,6) 38
	[0,0] 5
1948:
	(3093,4) 44
	[510,0] 5
1947:
	(3,3092) 41
	[0,510] 5
1946:
	(2,5) 42
	[0,0] 5
2051:
	(6,6) 36
	[0,0] 5
1945:
	(3089,4) 44
	[510,0] 5
1944:
	(3,3088) 39
	[0,510] 5
1943:
	(2,5) 40
	[0,0] 5
2052:
	(6,6) 38
	[0,0] 5
1942:
	(3085,4) 42
	[510,0] 5
1941:
	(3,3084) 41
	[0,510] 5
1940:
	(2,5) 42
	[0,0] 5
2053:
	(6,6) 38
	[0,0] 5
1939:
	(3081,4) 44
	[510,0] 5
1938:
	(3,3080) 41
	[0,510] 5
1937:
	(2,5) 42
	[0,0] 5
2054:
	(6,6) 36
	[0,0] 5
1936:
	(3077,4) 44
	[510,0] 5
1935:
	(3,3076) 39
	[0,510] 5
1934:
	(2,5) 40
	[0,0] 5
2055:
	(6,6) 38
	[0,0] 5
1933:
	(3073,4) 42
	[510,0] 5
1932:
	(3,3072) 41
	[0,510] 5
1931:
	(2,5) 42
	[0,0] 5
2056:
	(6,6) 38
	[0,0] 5
1930:
	(3069,4) 44
	[510,0] 5
1929:
	(3,3068) 41
	[0,510] 5
1928:
	(2,5) 42
	[0,0] 5
2057:
	(6,6) 38
	[0,0] 5
1927:
	(3065,4) 44
	[510,0] 5
1926:
	(3,3064) 41
	[0,510] 5
1925:
	(2,5) 42
	[0,0] 5
2058:
	(5,5) 36
	[0,0] 5
1924:
	(3061,4) 44
	[510,0] 5
1923:
	(3,3060) 44
	[0,510] 5
2059:
	(6,6) 38
	[0,0] 5
1922:
	(3057,4) 47
	[510,0] 5
1921:
	(3,3056) 38
	[0,510] 5
1920:
	(2,5) 42
	[0,0] 5
2060:
	(10,6) 38
	[1,0] 5
1919:
	(3053,4) 41
	[510,0] 5
1918:
	(3,3052) 41
	[0,510] 5
1917:
	(2,9) 42
	[0,1] 5
1916:
	(2,2) 3091
	[0,0] 515
1915:
	(2,2) 3135
	[0,0] 515
1914:
	(2,2) 3113
	[0,0] 515
1913:
	(2,2) 3125
	[0,0] 515
1912:
	(2,2) 3119
	[0,0] 515
1911:
	(3049,8) 44
	[510,1] 5
1910:
	(2,2) 3102
	[0,0] 515
1909:
	(2,2) 3142
	[0,0] 515
1908:
	(2,2) 3123
	[0,0] 515
1907:
	(2,2) 3107
	[0,0] 515
1906:
	(2,2) 3131
	[0,0] 515
1905:
	(2,2) 3139
	[0,0] 515
1904:
	(2,2) 3111
	[0,0] 515
1903:
	(2,2) 3103
	[0,0] 515
1902:
	(2,2) 3092
	[0,0] 515
2061:
	(11,1526) 1566
	[2,255] 260
2062:
	(12,761) 2331
	[2,127] 388
1980:
	(6,1521) 1571
	[1,254] 261
1979:
	(754,11) 2338
	[126,2] 389
2063:
	(12,377) 2715
	[2,63] 452
1978:
	(754,7) 2338
	[126,1] 389
1977:
	(6,753) 2339
	[1,126] 389
1976:
	(370,11) 2722
	[62,2] 453
2064:
	(12,185) 2907
	[2,31] 484
1975:
	(370,7) 2722
	[62,1] 453
1974:
	(6,369) 2723
	[1,62] 453
1973:
	(178,11) 2914
	[30,2] 485
2065:
	(12,89) 3003
	[2,15] 500
1972:
	(178,7) 2914
	[30,1] 485
1971:
	(6,177) 2915
	[1,30] 485
1970:
	(82,11) 3010
	[14,2] 501
2066:
	(12,41) 3051
	[2,7] 508
1969:
	(82,7) 3010
	[14,1] 501
1968:
	(6,81) 3011
	[1,14] 501
1967:
	(34,11) 3058
	[6,2] 509
2067:
	(10,17) 3075
	[2,3] 512
1966:
	(34,7) 3058
	[6,1] 509
1965:
	(6,33) 3059
	[1,6] 509
1964:
	(10,9) 3082
	[2,2] 513
1963:
	(46,5) 3046
	[8,1] 507
1962:
	(382,5) 2710
	[64,1] 451
1961:
	(22,5) 3070
	[4,1] 511
1960:
	(94,5) 2998
	[16,1] 499
1959:
	(190,5) 2902
	[32,1] 483
1958:
	(10,5) 3082
	[2,1] 513
1957:
	(766,5) 2326
	[128,1] 387

-----------------------------------
Sum of T(sa0)s: ∞
Sum of T(sa1)s: ∞
Testability index: ∞