0:
	(1,1) ∞
	[0,0] ∞
1:
	(1,1) 38
	[0,0] 8
x:
	(1,1) ∞
	[0,0] ∞
2:
	(1,1) 38
	[0,0] 8
3:
	(1,1) 34
	[0,0] 7
4:
	(1,1) 34
	[0,0] 7
5:
	(1,1) 76
	[0,0] 9
6:
	(1,1) 76
	[0,0] 8
7:
	(1,1) 68
	[0,0] 8
8:
	(1,1) 76
	[0,0] 8
9:
	(1,1) 76
	[0,0] 8
10:
	(1,1) 76
	[0,0] 8
11:
	(1,1) 76
	[0,0] 8
12:
	(1,1) 70
	[0,0] 8
13:
	(1,1) 68
	[0,0] 8
14:
	(1,1) 68
	[0,0] 8
15:
	(1,1) 68
	[0,0] 8
16:
	(1,1) 68
	[0,0] 8
17:
	(1,1) 68
	[0,0] 8
18:
	(1,1) 68
	[0,0] 8
19:
	(1,1) 62
	[0,0] 8
20:
	(1,1) 60
	[0,0] 8
21:
	(1,1) 76
	[0,0] 9
22:
	(1,1) 76
	[0,0] 8
23:
	(1,1) 68
	[0,0] 8
24:
	(1,1) 76
	[0,0] 8
25:
	(1,1) 76
	[0,0] 8
26:
	(1,1) 76
	[0,0] 8
27:
	(1,1) 76
	[0,0] 8
28:
	(1,1) 70
	[0,0] 8
29:
	(1,1) 68
	[0,0] 8
30:
	(1,1) 68
	[0,0] 8
31:
	(1,1) 68
	[0,0] 8
32:
	(1,1) 68
	[0,0] 8
33:
	(1,1) 68
	[0,0] 8
34:
	(1,1) 68
	[0,0] 8
35:
	(1,1) 62
	[0,0] 8
36:
	(1,1) ∞
	[0,0] ∞
37:
	(1,1) ∞
	[0,0] ∞
38:
	(1,1) ∞
	[0,0] ∞
39:
	(1,1) ∞
	[0,0] ∞
40:
	(1,1) ∞
	[0,0] ∞
41:
	(1,1) ∞
	[0,0] ∞
42:
	(1,1) ∞
	[0,0] ∞
43:
	(1,1) ∞
	[0,0] ∞
44:
	(1,1) ∞
	[0,0] ∞
45:
	(1,1) ∞
	[0,0] ∞
46:
	(1,1) ∞
	[0,0] ∞
47:
	(1,1) ∞
	[0,0] ∞
48:
	(1,1) ∞
	[0,0] ∞
49:
	(1,1) ∞
	[0,0] ∞
50:
	(1,1) ∞
	[0,0] ∞
51:
	(1,1) ∞
	[0,0] ∞
52:
	(1,1) ∞
	[0,0] ∞
53:
	(1,1) ∞
	[0,0] ∞
54:
	(1,1) ∞
	[0,0] ∞
55:
	(1,1) ∞
	[0,0] ∞
56:
	(1,1) ∞
	[0,0] ∞
57:
	(1,1) ∞
	[0,0] ∞
58:
	(1,1) ∞
	[0,0] ∞
59:
	(1,1) ∞
	[0,0] ∞
60:
	(1,1) ∞
	[0,0] ∞
61:
	(1,1) ∞
	[0,0] ∞
62:
	(1,1) ∞
	[0,0] ∞
63:
	(1,1) ∞
	[0,0] ∞
64:
	(1,1) ∞
	[0,0] ∞
65:
	(1,1) ∞
	[0,0] ∞
66:
	(1,1) ∞
	[0,0] ∞
67:
	(1,1) ∞
	[0,0] ∞
68:
	(1,1) 34
	[0,0] 7
69:
	(1,1) 76
	[0,0] 9
70:
	(1,1) 76
	[0,0] 8
71:
	(1,1) 68
	[0,0] 8
72:
	(1,1) 76
	[0,0] 8
73:
	(1,1) 76
	[0,0] 8
74:
	(1,1) 76
	[0,0] 8
75:
	(1,1) 76
	[0,0] 8
519:
	(3,19703) 270
	[0,3455] 39
130:
	(3,18) 27
	[1,2] 6
696:
	(766,5) 2352
	[128,1] 390
577:
	(5,14) 37
	[0,1] 7
157:
	(3,3) 66
	[0,0] 8
476:
	(4,16378) 49363
	[0,2047] 6182
738:
	(6,3) 69
	[0,0] 9
377:
	(2,2) 33
	[0,0] 7
701:
	(382,5) 2736
	[64,1] 454
764:
	(9,3) ∞
	[0,0] ∞
610:
	(44,4) 1897
	[5,1] 326
200:
	(3,65533) 205
	[1,8192] 36
615:
	(1693,22) 248
	[297,5] 34
326:
	(8173,6) 57568
	[1022,1] 7207
94:
	(31,36) 0
	[7,7] 0
550:
	(6,45) 36
	[0,4] 7
424:
	(62,5) 215
	[9,1] 35
472:
	(4,506) 65235
	[0,63] 8166
798:
	(14,14) 56
	[0,0] 8
395:
	(20,9) 65721
	[3,2] 8226
494:
	(5,1236) 739
	[1,217] 121
491:
	(5,165) 75
	[1,29] 13
195:
	(3,2045) 63696
	[1,256] 7973
450:
	(3,40) 1901
	[0,4] 327
164:
	(3,149) 27
	[1,27] 6
380:
	(9705,11) 420
	[1702,2] 65
263:
	(13,1691) 257
	[3,297] 36
169:
	(3,4925) 267
	[1,864] 38
276:
	(1074,6) 1662
	[189,1] 283
339:
	(131053,9) 206
	[16382,2] 36
589:
	(12,15) 30
	[0,1] 7
222:
	(5,24) 46
	[1,1] 7
306:
	(45,9) 65696
	[6,2] 8223
170:
	(3,9853) 267
	[1,1728] 38
298:
	(32766,4) 32975
	[4096,1] 4133
660:
	(7,3064) 62
	[0,510] 8
698:
	(190,5) 2928
	[32,1] 486
237:
	(4,381) 2737
	[1,64] 454
595:
	(3,63) 77
	[0,11] 14
665:
	(7,3080) 63
	[0,510] 8
769:
	(46,5) 3072
	[8,1] 510
652:
	(4,4) 3177
	[0,0] 518
651:
	(4,4) 3165
	[0,0] 518
603:
	(12,7) 23
	[2,2] 5
445:
	(3,5) 30
	[0,0] 7
349:
	(3,3) 74
	[0,0] 8
311:
	(237,6) 65504
	[30,1] 8199
760:
	(7,3) ∞
	[0,0] ∞
111:
	(3,43) 1898
	[1,5] 326
636:
	(10,1080) 879
	[2,190] 146
659:
	(6,13) 64
	[0,0] 8
189:
	(3,29) 65712
	[1,4] 8225
529:
	(18,3) 39
	[2,0] 8
159:
	(3,3) 66
	[0,0] 8
345:
	(3,3) 74
	[0,0] 9
207:
	(3,29) 201
	[1,4] 33
623:
	(10,4083) 61658
	[2,511] 7718
514:
	(1223,13) 731
	[215,2] 120
596:
	(12,15) 30
	[0,1] 7
203:
	(3,524282) 190
	[1,65536] 34
716:
	(6,753) 2365
	[1,126] 392
635:
	(10,2312) 421
	[2,406] 65
293:
	(510,4) 65231
	[64,1] 8165
316:
	(5,1004) 64737
	[1,126] 8103
478:
	(4,32762) 32979
	[0,4095] 4134
643:
	(6,6) 3153
	[0,0] 518
338:
	(131053,6) 131281
	[16382,1] 16421
277:
	(1074,9) 885
	[189,2] 147
641:
	(6,6) 3120
	[0,0] 518
657:
	(7,3056) 63
	[0,510] 8
516:
	(299,13) 1658
	[53,2] 283
154:
	(5,5) 72
	[0,0] 8
527:
	(11,15) 69
	[1,3] 13
175:
	(3,29) 248
	[1,4] 40
370:
	(7,1918) 100
	[1,325] 18
255:
	(306,4) 1651
	[54,1] 282
559:
	(60,16) 80
	[11,3] 14
329:
	(16365,6) 49376
	[2046,1] 6183
178:
	(3,50) 227
	[1,7] 37
348:
	(3,3) 74
	[0,0] 8
190:
	(3,61) 65680
	[1,8] 8221
744:
	(6,3) 68
	[0,0] 9
548:
	(6,45) 36
	[0,4] 7
787:
	(10,10) 54
	[0,0] 8
532:
	(25,5) 53
	[3,0] 8
262:
	(9,1690) 261
	[2,297] 37
401:
	(9,4) 268
	[1,1] 43
229:
	(5,18) 46
	[1,1] 7
637:
	(10,464) 1503
	[2,82] 256
89:
	(30,35) 0
	[7,7] 0
727:
	(4,4) ∞
	[0,0] ∞
506:
	(7,606) 1361
	[1,107] 231
423:
	(34,5) 243
	[5,1] 39
784:
	(7,3048) 70
	[1,510] 8
201:
	(3,131069) 190
	[1,16384] 34
365:
	(19,6) 62
	[1,1] 10
726:
	(4,4) ∞
	[0,0] ∞
299:
	(262142,4) 262330
	[32768,1] 32802
234:
	(4,45) 3073
	[1,8] 510
448:
	(3,12) 265
	[0,1] 43
489:
	(92,6) 185
	[15,1] 29
165:
	(3,305) 1652
	[1,54] 282
225:
	(5,18) 46
	[1,1] 7
601:
	(3,3) 58
	[0,0] 8
607:
	(1868,5) 73
	[319,1] 12
112:
	(3,50) 1891
	[1,6] 325
768:
	(9,3) ∞
	[0,0] ∞
386:
	(32756,11) 32985
	[4095,2] 4134
731:
	(4,4) ∞
	[0,0] ∞
590:
	(12,15) 30
	[0,1] 7
108:
	(3,22) 1919
	[1,2] 329
336:
	(65517,9) 221
	[8190,2] 38
670:
	(6,13) 64
	[0,0] 8
156:
	(3,3) 68
	[0,0] 8
86:
	(30,35) 0
	[7,7] 0
132:
	(3,10) 27
	[1,1] 6
307:
	(5,108) 65633
	[1,14] 8215
789:
	(10,10) 54
	[0,0] 8
721:
	(4,4) ∞
	[0,0] ∞
681:
	(3117,6) 64
	[510,0] 8
783:
	(2,2) 72
	[0,0] 9
518:
	(13,166) 67
	[2,29] 12
620:
	(10,499) 65242
	[2,63] 8166
243:
	(7,1022) 65763
	[2,128] 8236
280:
	(2306,9) 427
	[405,2] 66
312:
	(237,9) 65504
	[30,2] 8199
292:
	(62,4) 65679
	[8,1] 8221
179:
	(3,57) 220
	[1,8] 36
273:
	(458,6) 1504
	[81,1] 256
163:
	(3,3) 60
	[0,0] 8
691:
	(4,9) 60
	[0,0] 8
320:
	(2029,6) 63712
	[254,1] 7975
413:
	(23,4) 254
	[3,1] 41
540:
	(5,67) 67
	[1,10] 11
509:
	(7,10) 77
	[1,1] 15
747:
	(8,3) 75
	[0,0] 9
412:
	(51,4) 1890
	[6,1] 325
714:
	(370,7) 2748
	[62,1] 456
81:
	(30,35) 0
	[7,7] 0
517:
	(607,13) 1355
	[107,2] 230
666:
	(3081,8) 70
	[510,0] 8
87:
	(30,35) 0
	[7,7] 0
204:
	(3,8) 27
	[1,1] 6
487:
	(8,13) 61
	[1,2] 11
325:
	(5,8172) 57569
	[1,1022] 7207
566:
	(5,14) 37
	[0,1] 7
442:
	(40,5) 190
	[5,1] 32
563:
	(5,14) 37
	[0,1] 7
104:
	(31,36) 0
	[7,7] 0
249:
	(15,4095) 65755
	[4,512] 8234
587:
	(12,15) 30
	[0,1] 7
732:
	(6,6) ∞
	[0,0] ∞
363:
	(25,6) 62
	[1,1] 10
704:
	(6,33) 3085
	[1,6] 512
347:
	(3,3) 74
	[0,0] 8
565:
	(5,14) 37
	[0,1] 7
533:
	(34,17) 100
	[4,3] 17
535:
	(10,59) 86
	[2,11] 15
521:
	(3,4922) 270
	[0,863] 39
802:
	(12,377) 2741
	[2,63] 455
695:
	(5,3146) 58
	[0,510] 8
799:
	(14,14) 56
	[1,0] 8
278:
	(5,2305) 431
	[1,405] 67
356:
	(19,6) 62
	[1,1] 10
284:
	(5,9697) 431
	[1,1701] 67
752:
	(8,3) 66
	[0,0] 9
261:
	(5,1689) 265
	[1,297] 38
711:
	(178,7) 2940
	[30,1] 488
426:
	(3,26) 1915
	[0,2] 329
575:
	(5,14) 37
	[0,1] 7
265:
	(150,4) 1812
	[27,1] 310
770:
	(10,5) 3108
	[2,1] 516
149:
	(5,5) 72
	[0,0] 9
572:
	(5,14) 37
	[0,1] 7
174:
	(3,22) 255
	[1,3] 41
375:
	(52,11) 65689
	[7,2] 8222
161:
	(3,3) 66
	[0,0] 8
218:
	(5,24) 46
	[1,1] 7
436:
	(101,6) 66
	[18,1] 12
340:
	(5,262124) 210
	[1,32766] 37
397:
	(67,4) 83
	[12,1] 14
511:
	(9847,13) 273
	[1727,2] 39
168:
	(3,2461) 267
	[1,432] 38
205:
	(3,15) 215
	[1,2] 35
259:
	(5,457) 1500
	[1,81] 255
110:
	(3,36) 1905
	[1,4] 327
552:
	(6,51) 36
	[0,4] 7
100:
	(31,36) 0
	[7,7] 0
485:
	(34,16) 206
	[6,3] 36
549:
	(6,45) 36
	[0,4] 7
194:
	(3,1021) 64720
	[1,128] 8101
653:
	(6,6) 3161
	[0,0] 518
530:
	(21,167) 59
	[3,29] 11
441:
	(3,6) 71
	[0,1] 13
508:
	(12,14) 57
	[2,2] 10
238:
	(4,765) 2353
	[1,128] 390
221:
	(5,24) 46
	[1,1] 7
766:
	(9,3) ∞
	[0,0] ∞
710:
	(6,177) 2941
	[1,30] 488
585:
	(12,15) 30
	[0,1] 7
127:
	(3,18) 27
	[1,2] 6
555:
	(6,50) 36
	[0,4] 7
396:
	(4084,11) 61657
	[511,2] 7718
503:
	(7,2454) 279
	[1,431] 40
464:
	(7,7) 67
	[1,1] 12
608:
	(23,18) 12
	[4,4] 3
480:
	(6,44) 63
	[1,8] 11
586:
	(12,15) 30
	[0,1] 7
774:
	(22,5) 3096
	[4,1] 514
84:
	(30,35) 0
	[7,7] 0
706:
	(34,11) 3084
	[6,2] 512
647:
	(4,4) 3171
	[0,0] 518
343:
	(5,524268) 204
	[1,65534] 36
275:
	(5,1073) 889
	[1,189] 148
628:
	(10,131059) 200
	[2,16383] 35
650:
	(3049,8) 70
	[510,1] 8
148:
	(5,5) 56
	[0,0] 8
612:
	(72,4) 1869
	[9,1] 322
671:
	(7,3096) 63
	[0,510] 8
712:
	(178,11) 2940
	[30,2] 488
99:
	(31,36) 0
	[7,7] 0
505:
	(7,298) 1664
	[1,53] 284
446:
	(3,12) 218
	[0,1] 36
295:
	(2046,4) 63695
	[256,1] 7973
91:
	(30,35) 0
	[7,7] 0
497:
	(5,620) 1363
	[1,109] 231
95:
	(31,36) 0
	[7,7] 0
490:
	(6,149) 81
	[1,22] 15
685:
	(4,9) 60
	[0,0] 8
285:
	(9698,6) 10280
	[1701,1] 1794
78:
	(30,35) 0
	[7,7] 0
782:
	(1898,6) 1220
	[318,1] 200
122:
	(3,18) 27
	[1,2] 6
231:
	(5,17) 46
	[1,1] 7
645:
	(4,4) 3183
	[0,0] 518
260:
	(458,9) 1496
	[81,2] 254
688:
	(4,9) 60
	[0,0] 8
736:
	(4,4) ∞
	[0,0] ∞
805:
	(12,41) 3077
	[2,7] 511
403:
	(44,4) 1897
	[5,1] 326
785:
	(9,9) 54
	[0,0] 8
567:
	(5,14) 37
	[0,1] 7
366:
	(19,6) 62
	[1,1] 10
735:
	(6,6) ∞
	[0,0] ∞
609:
	(31,26) 4
	[6,6] 1
404:
	(16,4) 261
	[2,1] 42
128:
	(3,18) 27
	[1,2] 6
406:
	(51,4) 226
	[7,1] 37
682:
	(4,9) 60
	[0,0] 8
606:
	(11,16) 19
	[3,3] 4
468:
	(4,122) 65619
	[0,15] 8214
352:
	(16,6) 62
	[1,1] 10
524:
	(3,610) 1352
	[0,107] 230
432:
	(3,40) 237
	[0,5] 39
725:
	(6,6) ∞
	[0,0] ∞
541:
	(6,42) 36
	[0,4] 7
355:
	(24,6) 62
	[1,1] 10
754:
	(7,3) ∞
	[0,0] ∞
246:
	(7,262142) 186
	[2,32768] 33
479:
	(4,524279) 193
	[0,65535] 35
223:
	(5,24) 46
	[1,1] 7
778:
	(141,6) 2977
	[24,1] 494
361:
	(25,6) 62
	[1,1] 10
368:
	(1230,4) 745
	[216,1] 122
101:
	(31,36) 0
	[7,7] 0
734:
	(10,5) 3113
	[2,1] 517
254:
	(9,65551) 184
	[2,8194] 33
627:
	(10,65523) 215
	[2,8191] 37
199:
	(3,32765) 32976
	[1,4096] 4133
790:
	(10,10) 54
	[0,0] 8
317:
	(1005,6) 64736
	[126,1] 8103
537:
	(8,122) 59
	[1,22] 12
282:
	(4770,6) 5358
	[837,1] 931
85:
	(30,35) 0
	[7,7] 0
796:
	(14,14) 56
	[0,0] 8
465:
	(4,262138) 193
	[0,32767] 35
602:
	(12,7) 23
	[2,2] 5
331:
	(5,32748) 32993
	[1,4094] 4135
762:
	(9,3) ∞
	[0,0] ∞
697:
	(10,5) 3108
	[2,1] 516
226:
	(5,18) 46
	[1,1] 7
420:
	(23,4) 207
	[3,1] 34
271:
	(150,7) 1812
	[27,2] 310
806:
	(10,17) 3101
	[2,3] 515
793:
	(14,14) 56
	[0,0] 8
654:
	(4,4) 3189
	[0,0] 518
232:
	(4,9) 3109
	[1,2] 516
467:
	(4,65530) 208
	[0,8191] 37
795:
	(14,14) 56
	[0,0] 8
545:
	(5,165) 62
	[1,27] 12
613:
	(30,4) 1911
	[3,1] 328
794:
	(14,14) 56
	[0,0] 8
719:
	(6,1521) 1597
	[1,254] 264
689:
	(5,3134) 59
	[0,510] 8
421:
	(58,4) 1883
	[7,1] 324
528:
	(3,146) 30
	[0,26] 7
668:
	(7,3088) 63
	[0,510] 8
562:
	(5,14) 37
	[0,1] 7
239:
	(4,1530) 1588
	[1,256] 262
90:
	(30,35) 0
	[7,7] 0
214:
	(3,129) 47
	[1,23] 10
718:
	(754,11) 2364
	[126,2] 392
79:
	(30,35) 0
	[7,7] 0
531:
	(4,24) 33
	[0,3] 7
684:
	(3123,6) 64
	[510,0] 8
291:
	(254,4) 65487
	[32,1] 8197
679:
	(4,9) 60
	[0,0] 8
357:
	(65,4) 1876
	[8,1] 323
642:
	(6,6) 3137
	[0,0] 518
667:
	(6,13) 64
	[0,0] 8
287:
	(5,19553) 425
	[1,3429] 66
717:
	(754,7) 2364
	[126,1] 392
720:
	(6,6) ∞
	[0,0] ∞
619:
	(10,243) 65498
	[2,31] 8198
584:
	(12,15) 30
	[0,1] 7
580:
	(12,15) 30
	[0,1] 7
481:
	(140,6) 62
	[25,1] 10
374:
	(1012,11) 64729
	[127,2] 8102
289:
	(131070,4) 131264
	[16384,1] 16419
634:
	(10,4776) 421
	[2,838] 65
624:
	(10,8179) 57562
	[2,1023] 7206
551:
	(6,51) 36
	[0,4] 7
499:
	(5,150) 52
	[1,26] 9
126:
	(3,18) 27
	[1,2] 6
314:
	(493,6) 65248
	[62,1] 8167
198:
	(3,16381) 49360
	[1,2048] 6181
444:
	(3,19) 258
	[0,2] 42
470:
	(4,2042) 63699
	[0,255] 7974
105:
	(31,36) 0
	[7,7] 0
272:
	(5,457) 1505
	[1,81] 256
422:
	(58,4) 219
	[8,1] 36
335:
	(65517,6) 65745
	[8190,1] 8229
392:
	(465,11) 1502
	[82,2] 256
781:
	(1707,6) 1411
	[286,1] 232
780:
	(175,7) 2943
	[30,1] 488
771:
	(190,5) 2928
	[32,1] 486
258:
	(7,4926) 263
	[2,864] 37
332:
	(32749,6) 32992
	[4094,1] 4135
792:
	(12,10) 54
	[0,0] 8
751:
	(8,3) 75
	[0,0] 9
483:
	(7,65655) 73
	[1,8212] 13
614:
	(65553,18) 175
	[8194,4] 31
417:
	(4926,4) 287
	[864,1] 41
777:
	(33,6) 3085
	[6,1] 512
309:
	(109,9) 65632
	[14,2] 8215
523:
	(3,1226) 728
	[0,215] 120
632:
	(9,19557) 421
	[2,3430] 65
250:
	(31,256) 65739
	[8,32] 8230
459:
	(4,9) 30
	[0,1] 7
193:
	(3,509) 65232
	[1,64] 8165
715:
	(370,11) 2748
	[62,2] 456
759:
	(7,3) ∞
	[0,0] ∞
554:
	(6,51) 36
	[0,4] 7
729:
	(6,6) ∞
	[0,0] ∞
433:
	(3,33) 244
	[0,4] 40
633:
	(10,9704) 421
	[2,1702] 65
409:
	(306,4) 1672
	[54,1] 285
399:
	(130,4) 46
	[23,1] 10
216:
	(5,15) 46
	[1,1] 7
723:
	(4,4) ∞
	[0,0] ∞
640:
	(1917,6) 24
	[325,1] 6
129:
	(3,18) 27
	[1,2] 6
407:
	(9854,4) 287
	[1728,1] 41
728:
	(6,6) ∞
	[0,0] ∞
217:
	(5,24) 46
	[1,1] 7
393:
	(1081,11) 878
	[190,2] 146
300:
	(16382,4) 49359
	[2048,1] 6181
775:
	(382,5) 2736
	[64,1] 454
546:
	(3,7) 30
	[0,0] 7
387:
	(4777,11) 420
	[838,2] 65
664:
	(6,13) 64
	[0,0] 8
233:
	(4,21) 3097
	[1,4] 514
341:
	(262125,6) 262347
	[32766,1] 32804
308:
	(109,6) 65632
	[14,1] 8215
334:
	(5,65516) 225
	[1,8190] 39
244:
	(7,4094) 65763
	[2,512] 8236
669:
	(3089,8) 70
	[510,0] 8
408:
	(30,4) 1911
	[3,1] 328
219:
	(5,23) 46
	[1,1] 7
788:
	(10,10) 54
	[0,0] 8
737:
	(6,3) 69
	[0,0] 9
692:
	(5,3140) 59
	[0,510] 8
92:
	(31,36) 0
	[7,7] 0
576:
	(5,14) 37
	[0,1] 7
418:
	(44,4) 233
	[6,1] 38
674:
	(7,3104) 63
	[0,510] 8
460:
	(7,105) 62
	[1,19] 11
622:
	(10,2035) 63706
	[2,255] 7974
600:
	(76,5) 1865
	[10,1] 321
324:
	(4077,9) 61664
	[510,2] 7719
526:
	(15,27) 42
	[2,4] 8
270:
	(614,4) 1348
	[108,1] 229
544:
	(6,45) 36
	[0,4] 7
638:
	(8,156) 1806
	[2,28] 309
150:
	(5,5) 72
	[0,0] 8
626:
	(10,32755) 32986
	[2,4095] 4134
252:
	(15,47) 65723
	[2,12] 8226
474:
	(4,58) 65683
	[0,7] 8222
171:
	(3,19706) 267
	[1,3456] 38
678:
	(3111,6) 64
	[510,0] 8
98:
	(31,36) 0
	[7,7] 0
742:
	(6,3) 69
	[0,0] 9
266:
	(2462,4) 2738
	[432,1] 472
236:
	(4,189) 2929
	[1,32] 486
327:
	(8173,9) 57568
	[1022,2] 7207
592:
	(12,15) 30
	[0,1] 7
256:
	(150,4) 1807
	[27,1] 309
416:
	(614,4) 1369
	[108,1] 232
429:
	(3,54) 223
	[0,7] 37
449:
	(3,54) 1887
	[0,6] 325
385:
	(19558,10) 420
	[3430,2] 65
502:
	(7,4918) 279
	[1,863] 40
765:
	(9,3) ∞
	[0,0] ∞
425:
	(20,5) 257
	[3,1] 41
496:
	(5,2468) 281
	[1,433] 40
242:
	(7,13) 65763
	[2,2] 8236
322:
	(5,4076) 61665
	[1,510] 7719
191:
	(3,125) 65616
	[1,16] 8213
510:
	(19700,13) 273
	[3455,2] 39
353:
	(2,2) 33
	[0,0] 7
224:
	(5,18) 46
	[1,1] 7
539:
	(6,45) 36
	[0,4] 7
656:
	(6,13) 64
	[0,1] 8
593:
	(12,15) 30
	[0,1] 7
482:
	(5,139) 37
	[1,25] 8
439:
	(36,5) 71
	[7,1] 12
88:
	(30,35) 0
	[7,7] 0
690:
	(3135,6) 64
	[510,0] 8
564:
	(5,14) 37
	[0,1] 7
739:
	(6,3) 69
	[0,0] 9
315:
	(493,9) 65248
	[62,2] 8167
390:
	(131060,11) 199
	[16383,2] 35
683:
	(5,3122) 59
	[0,510] 8
461:
	(105,7) 76
	[19,1] 15
556:
	(6,51) 36
	[0,4] 7
346:
	(3,3) 74
	[0,0] 8
568:
	(5,14) 37
	[0,1] 7
400:
	(9,4) 193
	[1,1] 34
427:
	(48,5) 229
	[7,1] 37
663:
	(3073,8) 70
	[510,0] 8
162:
	(3,3) 66
	[0,0] 8
571:
	(5,14) 37
	[0,1] 7
391:
	(2036,11) 63705
	[255,2] 7974
804:
	(12,89) 3029
	[2,15] 503
121:
	(3,18) 27
	[1,2] 6
639:
	(17,65552) 176
	[4,8194] 31
570:
	(5,14) 37
	[0,1] 7
264:
	(9854,4) 10124
	[1728,1] 1767
212:
	(3,31) 27
	[1,6] 6
515:
	(7,204) 73
	[1,31] 13
463:
	(111,6) 166
	[16,1] 28
536:
	(33,24) 39
	[4,5] 8
437:
	(32,7) 113
	[6,2] 20
167:
	(3,1229) 725
	[1,216] 119
705:
	(34,7) 3084
	[6,1] 512
500:
	(7,19699) 279
	[1,3455] 40
359:
	(25,6) 62
	[1,1] 10
153:
	(5,5) 72
	[0,0] 8
658:
	(3057,8) 69
	[510,0] 8
767:
	(9,3) ∞
	[0,0] ∞
741:
	(6,3) 69
	[0,0] 9
318:
	(1005,9) 64736
	[126,2] 8103
290:
	(126,4) 65615
	[16,1] 8213
93:
	(31,36) 0
	[7,7] 0
630:
	(9,524272) 200
	[2,65535] 35
410:
	(23,4) 1918
	[2,1] 329
350:
	(3,3) 74
	[0,0] 8
594:
	(3,126) 50
	[0,22] 11
588:
	(3,28) 30
	[0,5] 7
451:
	(3,19) 1922
	[0,1] 330
713:
	(6,369) 2749
	[1,62] 456
435:
	(5,100) 67
	[1,18] 12
279:
	(2306,6) 2894
	[405,1] 499
617:
	(10,51) 65690
	[2,7] 8222
398:
	(32,4) 75
	[6,1] 13
452:
	(3,68) 1873
	[0,8] 323
454:
	(3,47) 1894
	[0,5] 326
676:
	(4,11) 60
	[0,0] 8
473:
	(4,250) 65491
	[0,31] 8198
97:
	(31,36) 0
	[7,7] 0
746:
	(8,3) 75
	[0,0] 9
598:
	(1697,23) 244
	[298,2] 33
779:
	(1149,6) 1969
	[192,1] 326
574:
	(5,14) 37
	[0,1] 7
493:
	(5,9860) 281
	[1,1729] 40
547:
	(8,4) 43
	[0,0] 8
152:
	(5,5) 72
	[0,0] 8
381:
	(16372,11) 49369
	[2047,2] 6182
618:
	(10,115) 65626
	[2,15] 8214
321:
	(2029,9) 63712
	[254,2] 7975
76:
	(30,35) 0
	[7,7] 0
376:
	(262132,11) 199
	[32767,2] 35
605:
	(1837,6) 104
	[316,1] 15
475:
	(4,26) 65715
	[0,3] 8226
801:
	(12,761) 2357
	[2,127] 391
438:
	(8,33) 168
	[2,6] 31
268:
	(306,4) 1656
	[54,1] 283
173:
	(3,15) 262
	[1,2] 42
687:
	(3129,6) 64
	[510,0] 8
281:
	(5,4769) 431
	[1,837] 67
389:
	(500,11) 65241
	[63,2] 8166
364:
	(25,6) 62
	[1,1] 10
80:
	(30,35) 0
	[7,7] 0
520:
	(3,9850) 270
	[0,1727] 39
434:
	(5,3) 34
	[0,0] 8
351:
	(2,2) 33
	[0,0] 7
96:
	(31,36) 0
	[7,7] 0
294:
	(4094,4) 61647
	[512,1] 7717
188:
	(3,12) 27
	[1,2] 6
772:
	(94,5) 3024
	[16,1] 502
342:
	(262125,9) 206
	[32766,2] 36
477:
	(4,8186) 57555
	[0,1023] 7206
675:
	(3105,8) 64
	[510,0] 8
384:
	(524273,10) 199
	[65535,2] 35
304:
	(5,44) 65697
	[1,6] 8223
455:
	(91,5) 139
	[15,1] 22
677:
	(5,3110) 59
	[0,510] 8
192:
	(3,253) 65488
	[1,32] 8197
611:
	(58,4) 1883
	[7,1] 324
753:
	(7,3) ∞
	[0,0] ∞
604:
	(1760,6) 181
	[306,1] 25
241:
	(7,254) 65763
	[2,32] 8236
245:
	(7,62) 65763
	[2,8] 8236
699:
	(94,5) 3024
	[16,1] 502
414:
	(37,4) 1904
	[4,1] 327
344:
	(3,3) 66
	[0,0] 8
102:
	(31,36) 0
	[7,7] 0
176:
	(3,36) 241
	[1,5] 39
131:
	(3,18) 27
	[1,2] 6
202:
	(3,262141) 190
	[1,32768] 34
661:
	(3065,8) 77
	[510,0] 8
492:
	(5,4932) 281
	[1,865] 40
197:
	(3,8189) 57552
	[1,1024] 7205
297:
	(8190,4) 57551
	[1024,1] 7205
504:
	(5,19713) 281
	[1,3457] 40
230:
	(5,18) 46
	[1,1] 7
693:
	(3141,6) 63
	[510,0] 8
303:
	(13,7) 65728
	[2,2] 8227
743:
	(6,3) 69
	[0,0] 9
583:
	(12,15) 30
	[0,1] 7
405:
	(16,4) 214
	[2,1] 35
694:
	(4,9) 60
	[0,0] 8
235:
	(4,93) 3025
	[1,16] 502
791:
	(10,10) 54
	[0,0] 8
534:
	(16,33) 47
	[3,4] 10
82:
	(30,35) 0
	[7,7] 0
702:
	(46,5) 3072
	[8,1] 510
621:
	(10,1011) 64730
	[2,127] 8102
383:
	(116,11) 65625
	[15,2] 8214
430:
	(3,47) 230
	[0,6] 38
106:
	(31,36) 0
	[7,7] 0
378:
	(157,9) 1805
	[28,2] 309
803:
	(12,185) 2933
	[2,31] 487
740:
	(6,3) 69
	[0,0] 9
354:
	(19,6) 62
	[1,1] 10
115:
	(3,71) 1870
	[1,9] 322
569:
	(5,14) 37
	[0,1] 7
120:
	(3,18) 27
	[1,2] 6
560:
	(123,14) 53
	[22,2] 11
360:
	(25,6) 62
	[1,1] 10
561:
	(25,39) 33
	[5,5] 7
114:
	(3,64) 1877
	[1,8] 323
253:
	(5,65550) 188
	[1,8194] 34
123:
	(3,18) 27
	[1,2] 6
512:
	(4919,13) 273
	[863,2] 39
722:
	(4,4) ∞
	[0,0] ∞
750:
	(8,3) 75
	[0,0] 9
761:
	(9,3) ∞
	[0,0] ∞
773:
	(766,5) 2352
	[128,1] 390
757:
	(7,3) ∞
	[0,0] ∞
305:
	(45,6) 65696
	[6,1] 8223
703:
	(10,9) 3108
	[2,2] 516
103:
	(31,36) 0
	[7,7] 0
257:
	(1230,4) 724
	[216,1] 119
649:
	(6,6) 3136
	[0,0] 518
745:
	(8,3) 75
	[0,0] 9
227:
	(5,18) 46
	[1,1] 7
119:
	(3,18) 27
	[1,2] 6
733:
	(4,4) ∞
	[0,0] ∞
248:
	(15,255) 65755
	[4,32] 8234
440:
	(7,32) 56
	[2,6] 11
151:
	(5,5) 64
	[0,0] 8
337:
	(5,131052) 210
	[1,16382] 37
488:
	(42,9) 103
	[8,2] 18
466:
	(4,131066) 193
	[0,16383] 35
431:
	(3,5) 30
	[0,0] 7
591:
	(12,15) 30
	[0,1] 7
158:
	(3,3) 66
	[0,0] 8
313:
	(5,492) 65249
	[1,62] 8167
486:
	(14,45) 55
	[2,8] 10
708:
	(82,7) 3036
	[14,1] 504
109:
	(3,29) 1912
	[1,3] 328
756:
	(7,3) ∞
	[0,0] ∞
177:
	(3,43) 234
	[1,6] 38
283:
	(4770,9) 427
	[837,2] 66
83:
	(30,35) 0
	[7,7] 0
116:
	(3,18) 27
	[1,2] 6
286:
	(9698,9) 427
	[1701,2] 66
288:
	(1022,4) 64719
	[128,1] 8101
117:
	(3,18) 27
	[1,2] 6
458:
	(36,8) 109
	[7,2] 19
371:
	(19,6) 62
	[1,1] 10
507:
	(143,9) 33
	[26,2] 7
579:
	(12,15) 30
	[0,1] 7
251:
	(39,14) 65731
	[10,2] 8228
206:
	(3,22) 208
	[1,3] 34
369:
	(37,4) 240
	[5,1] 39
730:
	(6,6) ∞
	[0,0] ∞
247:
	(7,16382) 65763
	[2,2048] 8236
213:
	(3,66) 74
	[1,12] 13
118:
	(3,18) 27
	[1,2] 6
160:
	(3,3) 66
	[0,0] 8
196:
	(3,4093) 61648
	[1,512] 7717
471:
	(4,1018) 64723
	[0,127] 8102
800:
	(11,1526) 1592
	[2,255] 263
655:
	(6,6) 3113
	[0,0] 518
700:
	(22,5) 3096
	[4,1] 514
124:
	(3,18) 27
	[1,2] 6
166:
	(3,613) 1349
	[1,108] 229
330:
	(16365,9) 49376
	[2046,2] 6183
443:
	(3,19) 211
	[0,2] 35
274:
	(458,9) 1509
	[81,2] 257
707:
	(6,81) 3037
	[1,14] 504
323:
	(4077,6) 61664
	[510,1] 7719
269:
	(4926,4) 5202
	[864,1] 904
372:
	(25,6) 62
	[1,1] 10
776:
	(1531,5) 1587
	[256,1] 262
748:
	(8,3) 75
	[0,0] 9
646:
	(6,6) 3145
	[0,0] 518
228:
	(5,18) 46
	[1,1] 7
644:
	(4,4) 3195
	[0,0] 518
582:
	(12,15) 30
	[0,1] 7
373:
	(8180,11) 57561
	[1023,2] 7206
155:
	(5,5) 72
	[0,0] 8
367:
	(19,6) 62
	[1,1] 10
538:
	(5,102) 91
	[1,16] 16
629:
	(10,262131) 200
	[2,32767] 35
296:
	(30,4) 65711
	[4,1] 8225
724:
	(6,6) ∞
	[0,0] ∞
758:
	(7,3) ∞
	[0,0] ∞
673:
	(6,13) 64
	[0,0] 8
125:
	(3,18) 27
	[1,2] 6
469:
	(4,4090) 61651
	[0,511] 7718
388:
	(65524,11) 214
	[8191,2] 37
581:
	(12,15) 30
	[0,1] 7
553:
	(6,51) 36
	[0,4] 7
319:
	(5,2028) 63713
	[1,254] 7975
457:
	(3,26) 251
	[0,3] 41
763:
	(9,3) ∞
	[0,0] ∞
382:
	(244,11) 65497
	[31,2] 8198
362:
	(19,6) 62
	[1,1] 10
402:
	(13,4) 137
	[2,1] 24
513:
	(2455,13) 273
	[431,2] 39
542:
	(6,44) 36
	[0,4] 7
310:
	(5,236) 65505
	[1,30] 8199
686:
	(5,3128) 59
	[0,510] 8
522:
	(3,2458) 270
	[0,431] 39
648:
	(4,4) 3200
	[0,0] 518
419:
	(19707,4) 287
	[3456,1] 41
672:
	(3097,8) 70
	[510,0] 8
415:
	(30,4) 247
	[4,1] 40
625:
	(10,16371) 49370
	[2,2047] 6182
557:
	(6,45) 36
	[0,4] 7
680:
	(5,3116) 59
	[0,510] 8
755:
	(7,3) ∞
	[0,0] ∞
501:
	(7,9846) 279
	[1,1727] 40
267:
	(1230,4) 1506
	[216,1] 256
220:
	(5,24) 46
	[1,1] 7
597:
	(48,5) 1893
	[6,1] 325
786:
	(10,10) 54
	[0,0] 8
358:
	(18,6) 62
	[1,1] 10
240:
	(65534,4) 204
	[8192,1] 36
599:
	(62,5) 1879
	[8,1] 323
749:
	(8,3) 74
	[0,0] 9
301:
	(13,4) 65728
	[2,1] 8227
573:
	(5,14) 37
	[0,1] 7
328:
	(5,16364) 49377
	[1,2046] 6183
616:
	(8,19) 65722
	[2,3] 8226
543:
	(6,45) 36
	[0,4] 7
302:
	(65534,4) 65728
	[8192,1] 8227
394:
	(30,4) 200
	[4,1] 33
411:
	(2462,4) 287
	[432,1] 41
495:
	(7,1222) 737
	[1,215] 121
77:
	(30,35) 0
	[7,7] 0
525:
	(3,302) 1655
	[0,53] 283
456:
	(5,81) 69
	[1,14] 12
447:
	(3,33) 1908
	[0,3] 328
558:
	(6,51) 36
	[0,4] 7
113:
	(3,57) 1884
	[1,7] 324
498:
	(5,312) 1666
	[1,55] 284
107:
	(30,35) 0
	[7,7] 0
379:
	(2313,11) 420
	[406,2] 65
797:
	(13,13) 56
	[0,0] 8
662:
	(7,3072) 70
	[0,510] 8
462:
	(55,6) 222
	[8,1] 36
428:
	(3,26) 204
	[0,3] 34
484:
	(108,5) 122
	[17,1] 20
578:
	(12,15) 30
	[0,1] 7
631:
	(21,1692) 249
	[5,297] 34
333:
	(32749,9) 32992
	[4094,2] 4135
709:
	(82,11) 3036
	[14,2] 504
453:
	(3,61) 1880
	[0,7] 324
172:
	(3,8) 27
	[1,1] 6
1_1[130]:
	(1,1) 48
	[0,0] 9
1_2[130]:
	(1,1) ∞
	[0,0] ∞
1_3[200]:
	(1,1) 65741
	[0,0] 8229
1_4[200]:
	(1,1) ∞
	[0,0] ∞
1_5[195]:
	(1,1) 65744
	[0,0] 8230
1_6[195]:
	(1,1) ∞
	[0,0] ∞
1_7[164]:
	(1,1) 179
	[0,0] 34
1_8[164]:
	(1,1) ∞
	[0,0] ∞
1_9[169]:
	(1,1) 5195
	[0,0] 903
1_10[169]:
	(1,1) ∞
	[0,0] ∞
1_11[170]:
	(1,1) 10123
	[0,0] 1767
1_12[170]:
	(1,1) ∞
	[0,0] ∞
1_13[237]:
	(1,1) ∞
	[0,0] ∞
1_14[111]:
	(1,1) 1944
	[0,0] 332
1_15[111]:
	(1,1) ∞
	[0,0] ∞
1_16[189]:
	(1,1) 65744
	[0,0] 8230
1_17[189]:
	(1,1) ∞
	[0,0] ∞
1_18[207]:
	(1,1) 233
	[0,0] 38
1_19[207]:
	(1,1) ∞
	[0,0] ∞
1_20[203]:
	(1,1) 524475
	[0,0] 65571
1_21[203]:
	(1,1) ∞
	[0,0] ∞
1_22[175]:
	(1,1) 280
	[0,0] 45
1_23[175]:
	(1,1) ∞
	[0,0] ∞
1_24[178]:
	(1,1) 280
	[0,0] 45
1_25[178]:
	(1,1) ∞
	[0,0] ∞
1_26[190]:
	(1,1) 65744
	[0,0] 8230
1_27[190]:
	(1,1) ∞
	[0,0] ∞
1_28[201]:
	(1,1) 131262
	[0,0] 16419
1_29[201]:
	(1,1) ∞
	[0,0] ∞
1_30[234]:
	(1,1) ∞
	[0,0] ∞
1_31[165]:
	(1,1) 1960
	[0,0] 337
1_32[165]:
	(1,1) ∞
	[0,0] ∞
1_33[112]:
	(1,1) 1944
	[0,0] 332
1_34[112]:
	(1,1) ∞
	[0,0] ∞
1_35[108]:
	(1,1) 1944
	[0,0] 332
1_36[108]:
	(1,1) ∞
	[0,0] ∞
1_37[132]:
	(1,1) 40
	[0,0] 8
1_38[132]:
	(1,1) ∞
	[0,0] ∞
1_39[179]:
	(1,1) 280
	[0,0] 45
1_40[179]:
	(1,1) ∞
	[0,0] ∞
1_41[204]:
	(1,1) 38
	[0,0] 8
1_42[204]:
	(1,1) ∞
	[0,0] ∞
1_43[174]:
	(1,1) 280
	[0,0] 45
1_44[174]:
	(1,1) ∞
	[0,0] ∞
1_45[168]:
	(1,1) 2731
	[0,0] 471
1_46[168]:
	(1,1) ∞
	[0,0] ∞
1_47[205]:
	(1,1) 233
	[0,0] 38
1_48[205]:
	(1,1) ∞
	[0,0] ∞
1_49[110]:
	(1,1) 1944
	[0,0] 332
1_50[110]:
	(1,1) ∞
	[0,0] ∞
1_51[194]:
	(1,1) 65744
	[0,0] 8230
1_52[194]:
	(1,1) ∞
	[0,0] ∞
1_53[238]:
	(1,1) ∞
	[0,0] ∞
1_54[127]:
	(1,1) 48
	[0,0] 9
1_55[127]:
	(1,1) ∞
	[0,0] ∞
1_56[122]:
	(1,1) 48
	[0,0] 9
1_57[122]:
	(1,1) ∞
	[0,0] ∞
1_58[128]:
	(1,1) 48
	[0,0] 9
1_59[128]:
	(1,1) ∞
	[0,0] ∞
1_60[199]:
	(1,1) 65744
	[0,0] 8230
1_61[199]:
	(1,1) ∞
	[0,0] ∞
1_62[232]:
	(1,1) ∞
	[0,0] ∞
1_63[239]:
	(1,1) ∞
	[0,0] ∞
1_64[214]:
	(1,1) 179
	[0,0] 34
1_65[214]:
	(1,1) ∞
	[0,0] ∞
1_66[126]:
	(1,1) 48
	[0,0] 9
1_67[126]:
	(1,1) ∞
	[0,0] ∞
1_68[198]:
	(1,1) 65744
	[0,0] 8230
1_69[198]:
	(1,1) ∞
	[0,0] ∞
1_70[193]:
	(1,1) 65744
	[0,0] 8230
1_71[193]:
	(1,1) ∞
	[0,0] ∞
1_72[129]:
	(1,1) 48
	[0,0] 9
1_73[129]:
	(1,1) ∞
	[0,0] ∞
1_74[233]:
	(1,1) ∞
	[0,0] ∞
1_75[171]:
	(1,1) 19976
	[0,0] 3495
1_76[171]:
	(1,1) ∞
	[0,0] ∞
1_77[236]:
	(1,1) ∞
	[0,0] ∞
1_78[191]:
	(1,1) 65744
	[0,0] 8230
1_79[191]:
	(1,1) ∞
	[0,0] ∞
1_80[121]:
	(1,1) 48
	[0,0] 9
1_81[121]:
	(1,1) ∞
	[0,0] ∞
1_82[212]:
	(1,1) 61
	[0,0] 13
1_83[212]:
	(1,1) ∞
	[0,0] ∞
1_84[167]:
	(1,1) 1957
	[0,0] 336
1_85[167]:
	(1,1) ∞
	[0,0] ∞
1_86[173]:
	(1,1) 280
	[0,0] 45
1_87[173]:
	(1,1) ∞
	[0,0] ∞
1_88[188]:
	(1,1) 42
	[0,0] 9
1_89[188]:
	(1,1) ∞
	[0,0] ∞
1_90[192]:
	(1,1) 65744
	[0,0] 8230
1_91[192]:
	(1,1) ∞
	[0,0] ∞
1_92[176]:
	(1,1) 280
	[0,0] 45
1_93[176]:
	(1,1) ∞
	[0,0] ∞
1_94[131]:
	(1,1) 48
	[0,0] 9
1_95[131]:
	(1,1) ∞
	[0,0] ∞
1_96[202]:
	(1,1) 262334
	[0,0] 32803
1_97[202]:
	(1,1) ∞
	[0,0] ∞
1_98[197]:
	(1,1) 65744
	[0,0] 8230
1_99[197]:
	(1,1) ∞
	[0,0] ∞
1_100[235]:
	(1,1) ∞
	[0,0] ∞
1_101[115]:
	(1,1) 1944
	[0,0] 332
1_102[115]:
	(1,1) ∞
	[0,0] ∞
1_103[120]:
	(1,1) 48
	[0,0] 9
1_104[120]:
	(1,1) ∞
	[0,0] ∞
1_105[114]:
	(1,1) 1944
	[0,0] 332
1_106[114]:
	(1,1) ∞
	[0,0] ∞
1_107[123]:
	(1,1) 48
	[0,0] 9
1_108[123]:
	(1,1) ∞
	[0,0] ∞
1_109[119]:
	(1,1) 48
	[0,0] 9
1_110[119]:
	(1,1) ∞
	[0,0] ∞
1_111[109]:
	(1,1) 1944
	[0,0] 332
1_112[109]:
	(1,1) ∞
	[0,0] ∞
1_113[177]:
	(1,1) 280
	[0,0] 45
1_114[177]:
	(1,1) ∞
	[0,0] ∞
1_115[116]:
	(1,1) 48
	[0,0] 9
1_116[116]:
	(1,1) ∞
	[0,0] ∞
1_117[117]:
	(1,1) 48
	[0,0] 9
1_118[117]:
	(1,1) ∞
	[0,0] ∞
1_119[206]:
	(1,1) 233
	[0,0] 38
1_120[206]:
	(1,1) ∞
	[0,0] ∞
1_121[213]:
	(1,1) 143
	[0,0] 26
1_122[213]:
	(1,1) ∞
	[0,0] ∞
1_123[118]:
	(1,1) 48
	[0,0] 9
1_124[118]:
	(1,1) ∞
	[0,0] ∞
1_125[196]:
	(1,1) 65744
	[0,0] 8230
1_126[196]:
	(1,1) ∞
	[0,0] ∞
1_127[124]:
	(1,1) 48
	[0,0] 9
1_128[124]:
	(1,1) ∞
	[0,0] ∞
1_129[166]:
	(1,1) 1965
	[0,0] 338
1_130[166]:
	(1,1) ∞
	[0,0] ∞
1_131[125]:
	(1,1) 48
	[0,0] 9
1_132[125]:
	(1,1) ∞
	[0,0] ∞
1_133[113]:
	(1,1) 1944
	[0,0] 332
1_134[113]:
	(1,1) ∞
	[0,0] ∞
1_135[172]:
	(1,1) 38
	[0,0] 8
1_136[172]:
	(1,1) ∞
	[0,0] ∞
2_1[130]:
	(1,1) 48
	[0,0] 9
2_2[200]:
	(1,1) 65741
	[0,0] 8229
2_3[195]:
	(1,1) 65744
	[0,0] 8230
2_4[164]:
	(1,1) 179
	[0,0] 34
2_5[169]:
	(1,1) 5195
	[0,0] 903
2_6[222]:
	(1,1) 75
	[0,0] 9
2_7[170]:
	(1,1) 10123
	[0,0] 1767
2_8[237]:
	(1,1) 3122
	[0,0] 519
2_9[111]:
	(1,1) 1944
	[0,0] 332
2_10[189]:
	(1,1) 65744
	[0,0] 8230
2_11[207]:
	(1,1) 233
	[0,0] 38
2_12[203]:
	(1,1) 524475
	[0,0] 65571
2_13[175]:
	(1,1) 280
	[0,0] 45
2_14[178]:
	(1,1) 280
	[0,0] 45
2_15[190]:
	(1,1) 65744
	[0,0] 8230
2_16[229]:
	(1,1) 69
	[0,0] 9
2_17[201]:
	(1,1) 131262
	[0,0] 16419
2_18[234]:
	(1,1) 3122
	[0,0] 519
2_19[165]:
	(1,1) 1960
	[0,0] 337
2_20[225]:
	(1,1) 69
	[0,0] 9
2_21[112]:
	(1,1) 1944
	[0,0] 332
2_22[108]:
	(1,1) 1944
	[0,0] 332
2_23[132]:
	(1,1) 40
	[0,0] 8
2_24[179]:
	(1,1) 280
	[0,0] 45
2_25[204]:
	(1,1) 38
	[0,0] 8
2_26[174]:
	(1,1) 280
	[0,0] 45
2_27[218]:
	(1,1) 75
	[0,0] 9
2_28[168]:
	(1,1) 2731
	[0,0] 471
2_29[205]:
	(1,1) 233
	[0,0] 38
2_30[110]:
	(1,1) 1944
	[0,0] 332
2_31[194]:
	(1,1) 65744
	[0,0] 8230
2_32[238]:
	(1,1) 3122
	[0,0] 519
2_33[221]:
	(1,1) 75
	[0,0] 9
2_34[127]:
	(1,1) 48
	[0,0] 9
2_35[122]:
	(1,1) 48
	[0,0] 9
2_36[231]:
	(1,1) 68
	[0,0] 9
2_37[128]:
	(1,1) 48
	[0,0] 9
2_38[223]:
	(1,1) 75
	[0,0] 9
2_39[199]:
	(1,1) 65744
	[0,0] 8230
2_40[226]:
	(1,1) 69
	[0,0] 9
2_41[232]:
	(1,1) 3122
	[0,0] 519
2_42[239]:
	(1,1) 3122
	[0,0] 519
2_43[214]:
	(1,1) 179
	[0,0] 34
2_44[126]:
	(1,1) 48
	[0,0] 9
2_45[198]:
	(1,1) 65744
	[0,0] 8230
2_46[193]:
	(1,1) 65744
	[0,0] 8230
2_47[216]:
	(1,1) 66
	[0,0] 9
2_48[129]:
	(1,1) 48
	[0,0] 9
2_49[217]:
	(1,1) 75
	[0,0] 9
2_50[233]:
	(1,1) 3122
	[0,0] 519
2_51[219]:
	(1,1) 74
	[0,0] 9
2_52[171]:
	(1,1) 19976
	[0,0] 3495
2_53[236]:
	(1,1) 3122
	[0,0] 519
2_54[191]:
	(1,1) 65744
	[0,0] 8230
2_55[224]:
	(1,1) 69
	[0,0] 9
2_56[121]:
	(1,1) 48
	[0,0] 9
2_57[212]:
	(1,1) 61
	[0,0] 13
2_58[167]:
	(1,1) 1957
	[0,0] 336
2_59[173]:
	(1,1) 280
	[0,0] 45
2_60[188]:
	(1,1) 42
	[0,0] 9
2_61[192]:
	(1,1) 65744
	[0,0] 8230
2_62[176]:
	(1,1) 280
	[0,0] 45
2_63[131]:
	(1,1) 48
	[0,0] 9
2_64[202]:
	(1,1) 262334
	[0,0] 32803
2_65[197]:
	(1,1) 65744
	[0,0] 8230
2_66[230]:
	(1,1) 69
	[0,0] 9
2_67[235]:
	(1,1) 3122
	[0,0] 519
2_68[115]:
	(1,1) 1944
	[0,0] 332
2_69[120]:
	(1,1) 48
	[0,0] 9
2_70[114]:
	(1,1) 1944
	[0,0] 332
2_71[123]:
	(1,1) 48
	[0,0] 9
2_72[227]:
	(1,1) 69
	[0,0] 9
2_73[119]:
	(1,1) 48
	[0,0] 9
2_74[109]:
	(1,1) 1944
	[0,0] 332
2_75[177]:
	(1,1) 280
	[0,0] 45
2_76[116]:
	(1,1) 48
	[0,0] 9
2_77[117]:
	(1,1) 48
	[0,0] 9
2_78[206]:
	(1,1) 233
	[0,0] 38
2_79[213]:
	(1,1) 143
	[0,0] 26
2_80[118]:
	(1,1) 48
	[0,0] 9
2_81[196]:
	(1,1) 65744
	[0,0] 8230
2_82[124]:
	(1,1) 48
	[0,0] 9
2_83[166]:
	(1,1) 1965
	[0,0] 338
2_84[228]:
	(1,1) 69
	[0,0] 9
2_85[125]:
	(1,1) 48
	[0,0] 9
2_86[220]:
	(1,1) 75
	[0,0] 9
2_87[113]:
	(1,1) 1944
	[0,0] 332
2_88[172]:
	(1,1) 38
	[0,0] 8
3_1[783]:
	(1,1) 73
	[0,0] 9
3_2[351]:
	(1,1) 34
	[0,0] 7
4_1[377]:
	(1,1) 34
	[0,0] 7
4_2[601]:
	(1,1) 60
	[0,0] 8
68_1[601]:
	(1,1) 60
	[0,0] 8
68_2[353]:
	(1,1) 34
	[0,0] 7
157_1[727]:
	(3,3) ∞
	[0,0] ∞
157_2[647]:
	(3,3) 3172
	[0,0] 518
157_3[679]:
	(3,3) 66
	[0,0] 8
157_4[742]:
	(3,3) 72
	[0,0] 9
200_1[336]:
	(3,65533) 227
	[1,8192] 39
200_2[240]:
	(3,65533) 205
	[1,8192] 36
200_3[302]:
	(3,65533) 65729
	[1,8192] 8227
195_1[243]:
	(3,2045) 65767
	[1,256] 8237
195_2[295]:
	(3,2045) 63696
	[1,256] 7973
195_3[321]:
	(3,2045) 63718
	[1,256] 7976
164_1[265]:
	(3,149) 1813
	[1,27] 310
164_2[606]:
	(3,149) 27
	[1,27] 6
164_3[271]:
	(3,149) 1816
	[1,27] 311
164_4[256]:
	(3,149) 1808
	[1,27] 309
164_5[507]:
	(3,149) 39
	[1,27] 8
169_1[258]:
	(3,4925) 267
	[1,864] 38
169_2[417]:
	(3,4925) 288
	[1,864] 41
169_3[283]:
	(3,4925) 433
	[1,864] 67
169_4[269]:
	(3,4925) 5203
	[1,864] 904
222_1[571]:
	(5,24) 46
	[1,1] 7
222_2[372]:
	(5,24) 63
	[1,1] 10
170_1[258]:
	(3,9853) 267
	[1,1728] 38
170_2[407]:
	(3,9853) 288
	[1,1728] 41
170_3[264]:
	(3,9853) 10125
	[1,1728] 1767
170_4[286]:
	(3,9853) 433
	[1,1728] 67
660_1[798]:
	(7,3064) 63
	[0,510] 8
660_2[661]:
	(7,3064) 78
	[0,510] 8
660_3[797]:
	(7,3064) 62
	[0,510] 8
237_1[701]:
	(4,381) 2737
	[1,64] 454
237_2[715]:
	(4,381) 2755
	[1,64] 457
237_3[775]:
	(4,381) 2737
	[1,64] 454
665_1[666]:
	(7,3080) 71
	[0,510] 8
665_2[796]:
	(7,3080) 63
	[0,510] 8
665_3[667]:
	(7,3080) 70
	[0,510] 8
111_1[610]:
	(3,43) 1898
	[1,5] 326
111_2[403]:
	(3,43) 1898
	[1,5] 326
189_1[242]:
	(3,29) 65767
	[1,4] 8237
189_2[303]:
	(3,29) 65732
	[1,4] 8228
189_3[296]:
	(3,29) 65712
	[1,4] 8225
159_1[721]:
	(3,3) ∞
	[0,0] ∞
159_2[685]:
	(3,3) 66
	[0,0] 8
159_3[645]:
	(3,3) 3184
	[0,0] 518
159_4[740]:
	(3,3) 72
	[0,0] 9
203_1[246]:
	(3,524282) 190
	[1,65536] 34
203_2[630]:
	(3,524282) 206
	[1,65536] 36
716_1[802]:
	(6,753) 3112
	[1,126] 517
716_2[718]:
	(6,753) 2369
	[1,126] 393
716_3[717]:
	(6,753) 2365
	[1,126] 392
316_1[620]:
	(5,1004) 65736
	[1,126] 8228
316_2[317]:
	(5,1004) 64737
	[1,126] 8103
316_3[318]:
	(5,1004) 64740
	[1,126] 8104
657_1[659]:
	(7,3056) 70
	[0,510] 8
657_2[799]:
	(7,3056) 63
	[0,510] 8
657_3[658]:
	(7,3056) 70
	[0,510] 8
154_1[643]:
	(5,5) 3154
	[0,0] 518
154_2[670]:
	(5,5) 72
	[0,0] 8
154_3[728]:
	(5,5) ∞
	[0,0] ∞
154_4[745]:
	(5,5) 78
	[0,0] 9
370_1[485]:
	(7,1918) 215
	[1,325] 38
370_2[480]:
	(7,1918) 100
	[1,325] 18
178_1[424]:
	(3,50) 274
	[1,7] 43
178_2[406]:
	(3,50) 227
	[1,7] 37
190_1[306]:
	(3,61) 65702
	[1,8] 8224
190_2[292]:
	(3,61) 65680
	[1,8] 8221
190_3[245]:
	(3,61) 65767
	[1,8] 8237
532_1[550]:
	(25,5) 56
	[3,0] 8
532_2[548]:
	(25,5) 56
	[3,0] 8
532_3[552]:
	(25,5) 62
	[3,0] 8
532_4[549]:
	(25,5) 56
	[3,0] 8
532_5[555]:
	(25,5) 61
	[3,0] 8
532_6[541]:
	(25,5) 53
	[3,0] 8
532_7[551]:
	(25,5) 62
	[3,0] 8
532_8[554]:
	(25,5) 62
	[3,0] 8
532_9[544]:
	(25,5) 56
	[3,0] 8
532_10[539]:
	(25,5) 56
	[3,0] 8
532_11[556]:
	(25,5) 62
	[3,0] 8
532_12[553]:
	(25,5) 62
	[3,0] 8
532_13[542]:
	(25,5) 55
	[3,0] 8
532_14[557]:
	(25,5) 56
	[3,0] 8
532_15[543]:
	(25,5) 56
	[3,0] 8
532_16[558]:
	(25,5) 62
	[3,0] 8
229_1[564]:
	(5,18) 46
	[1,1] 7
229_2[354]:
	(5,18) 63
	[1,1] 10
784_1[650]:
	(7,3048) 71
	[1,510] 8
784_2[656]:
	(7,3048) 70
	[1,510] 8
201_1[339]:
	(3,131069) 212
	[1,16384] 37
201_2[254]:
	(3,131069) 190
	[1,16384] 34
201_3[289]:
	(3,131069) 131265
	[1,16384] 16419
234_1[769]:
	(4,45) 3073
	[1,8] 510
234_2[706]:
	(4,45) 3091
	[1,8] 513
234_3[702]:
	(4,45) 3073
	[1,8] 510
165_1[255]:
	(3,305) 1652
	[1,54] 282
165_2[271]:
	(3,305) 1816
	[1,54] 311
165_3[409]:
	(3,305) 1673
	[1,54] 285
165_4[268]:
	(3,305) 1657
	[1,54] 283
225_1[366]:
	(5,18) 63
	[1,1] 10
225_2[568]:
	(5,18) 46
	[1,1] 7
112_1[412]:
	(3,50) 1891
	[1,6] 325
112_2[599]:
	(3,50) 1938
	[1,6] 330
108_1[410]:
	(3,22) 1919
	[1,2] 329
108_2[598]:
	(3,22) 1938
	[1,2] 330
156_1[651]:
	(3,3) 3166
	[0,0] 518
156_2[731]:
	(3,3) ∞
	[0,0] ∞
156_3[676]:
	(3,3) 68
	[0,0] 8
156_4[743]:
	(3,3) 72
	[0,0] 9
307_1[309]:
	(5,108) 65636
	[1,14] 8216
307_2[308]:
	(5,108) 65633
	[1,14] 8215
307_3[617]:
	(5,108) 65736
	[1,14] 8228
783_1[738]:
	(2,2) 73
	[0,0] 9
783_2[764]:
	(2,2) ∞
	[0,0] ∞
783_3[237]:
	(2,2) 3122
	[0,0] 519
783_4[760]:
	(2,2) ∞
	[0,0] ∞
783_5[744]:
	(2,2) 72
	[0,0] 9
783_6[234]:
	(2,2) 3122
	[0,0] 519
783_7[768]:
	(2,2) ∞
	[0,0] ∞
783_8[747]:
	(2,2) 81
	[0,0] 9
783_9[752]:
	(2,2) 72
	[0,0] 9
783_10[238]:
	(2,2) 3122
	[0,0] 519
783_11[766]:
	(2,2) ∞
	[0,0] ∞
783_12[754]:
	(2,2) ∞
	[0,0] ∞
783_13[762]:
	(2,2) ∞
	[0,0] ∞
783_14[232]:
	(2,2) 3122
	[0,0] 519
783_15[239]:
	(2,2) 3122
	[0,0] 519
783_16[751]:
	(2,2) 81
	[0,0] 9
783_17[759]:
	(2,2) ∞
	[0,0] ∞
783_18[233]:
	(2,2) 3122
	[0,0] 519
783_19[737]:
	(2,2) 73
	[0,0] 9
783_20[742]:
	(2,2) 73
	[0,0] 9
783_21[236]:
	(2,2) 3122
	[0,0] 519
783_22[765]:
	(2,2) ∞
	[0,0] ∞
783_23[739]:
	(2,2) 73
	[0,0] 9
783_24[767]:
	(2,2) ∞
	[0,0] ∞
783_25[741]:
	(2,2) 73
	[0,0] 9
783_26[746]:
	(2,2) 81
	[0,0] 9
783_27[753]:
	(2,2) ∞
	[0,0] ∞
783_28[743]:
	(2,2) 73
	[0,0] 9
783_29[235]:
	(2,2) 3122
	[0,0] 519
783_30[740]:
	(2,2) 73
	[0,0] 9
783_31[750]:
	(2,2) 81
	[0,0] 9
783_32[761]:
	(2,2) ∞
	[0,0] ∞
783_33[757]:
	(2,2) ∞
	[0,0] ∞
783_34[745]:
	(2,2) 81
	[0,0] 9
783_35[756]:
	(2,2) ∞
	[0,0] ∞
783_36[748]:
	(2,2) 81
	[0,0] 9
783_37[758]:
	(2,2) ∞
	[0,0] ∞
783_38[763]:
	(2,2) ∞
	[0,0] ∞
783_39[755]:
	(2,2) ∞
	[0,0] ∞
783_40[749]:
	(2,2) 80
	[0,0] 9
163_1[744]:
	(3,3) 71
	[0,0] 9
163_2[736]:
	(3,3) ∞
	[0,0] ∞
163_3[785]:
	(3,3) 60
	[0,0] 8
204_1[602]:
	(3,8) 27
	[1,1] 6
204_2[400]:
	(3,8) 194
	[1,1] 34
325_1[326]:
	(5,8172) 57569
	[1,1022] 7207
325_2[623]:
	(5,8172) 65736
	[1,1022] 8228
325_3[327]:
	(5,8172) 57572
	[1,1022] 7208
704_1[706]:
	(6,33) 3089
	[1,6] 513
704_2[806]:
	(6,33) 3112
	[1,6] 517
704_3[705]:
	(6,33) 3085
	[1,6] 512
533_1[540]:
	(34,17) 100
	[4,3] 17
533_2[545]:
	(34,17) 193
	[4,3] 35
533_3[538]:
	(34,17) 159
	[4,3] 28
695_1[785]:
	(5,3146) 58
	[0,510] 8
695_2[786]:
	(5,3146) 59
	[0,510] 8
278_1[636]:
	(5,2305) 1954
	[1,405] 335
278_2[280]:
	(5,2305) 431
	[1,405] 67
278_3[279]:
	(5,2305) 2895
	[1,405] 499
284_1[285]:
	(5,9697) 10281
	[1,1701] 1794
284_2[634]:
	(5,9697) 5192
	[1,1701] 902
284_3[286]:
	(5,9697) 431
	[1,1701] 67
149_1[751]:
	(5,5) 78
	[0,0] 9
149_2[729]:
	(5,5) ∞
	[0,0] ∞
149_3[656]:
	(5,5) 72
	[0,0] 9
149_4[655]:
	(5,5) 3114
	[0,0] 518
174_1[423]:
	(3,22) 274
	[1,3] 43
174_2[413]:
	(3,22) 255
	[1,3] 41
161_1[726]:
	(3,3) ∞
	[0,0] ∞
161_2[691]:
	(3,3) 66
	[0,0] 8
161_3[739]:
	(3,3) 72
	[0,0] 9
161_4[644]:
	(3,3) 3196
	[0,0] 518
218_1[575]:
	(5,24) 46
	[1,1] 7
218_2[359]:
	(5,24) 63
	[1,1] 10
436_1[483]:
	(101,6) 65627
	[18,1] 8207
436_2[460]:
	(101,6) 66
	[18,1] 12
436_3[461]:
	(101,6) 80
	[18,1] 16
340_1[628]:
	(5,262124) 131254
	[1,32766] 16417
340_2[341]:
	(5,262124) 262348
	[1,32766] 32804
340_3[342]:
	(5,262124) 210
	[1,32766] 37
397_1[435]:
	(67,4) 100
	[12,1] 18
397_2[455]:
	(67,4) 163
	[12,1] 25
397_3[538]:
	(67,4) 126
	[12,1] 20
397_4[456]:
	(67,4) 83
	[12,1] 14
168_1[263]:
	(3,2461) 267
	[1,432] 38
168_2[280]:
	(3,2461) 433
	[1,432] 67
168_3[266]:
	(3,2461) 2739
	[1,432] 472
168_4[411]:
	(3,2461) 288
	[1,432] 41
110_1[414]:
	(3,36) 1905
	[1,4] 327
110_2[597]:
	(3,36) 1938
	[1,4] 330
194_1[243]:
	(3,1021) 65767
	[1,128] 8237
194_2[318]:
	(3,1021) 64742
	[1,128] 8104
194_3[288]:
	(3,1021) 64720
	[1,128] 8101
441_1[509]:
	(3,6) 84
	[0,1] 16
441_2[464]:
	(3,6) 71
	[0,1] 13
238_1[696]:
	(4,765) 2353
	[1,128] 390
238_2[718]:
	(4,765) 2371
	[1,128] 393
238_3[773]:
	(4,765) 2353
	[1,128] 390
221_1[572]:
	(5,24) 46
	[1,1] 7
221_2[361]:
	(5,24) 63
	[1,1] 10
710_1[711]:
	(6,177) 2941
	[1,30] 488
710_2[712]:
	(6,177) 2945
	[1,30] 489
710_3[804]:
	(6,177) 3112
	[1,30] 517
343_1[630]:
	(5,524268) 204
	[1,65534] 36
343_2[629]:
	(5,524268) 262326
	[1,65534] 32801
275_1[276]:
	(5,1073) 1663
	[1,189] 283
275_2[277]:
	(5,1073) 889
	[1,189] 148
275_3[637]:
	(5,1073) 1962
	[1,189] 337
148_1[752]:
	(5,5) 69
	[0,0] 9
148_2[720]:
	(5,5) ∞
	[0,0] ∞
148_3[216]:
	(5,5) 56
	[0,0] 8
671_1[794]:
	(7,3096) 63
	[0,510] 8
671_2[673]:
	(7,3096) 70
	[0,510] 8
671_3[672]:
	(7,3096) 71
	[0,510] 8
231_1[562]:
	(5,17) 46
	[1,1] 7
231_2[358]:
	(5,17) 63
	[1,1] 10
609_1[89]:
	(31,26) 4
	[6,6] 1
609_2[86]:
	(31,26) 4
	[6,6] 1
609_3[81]:
	(31,26) 4
	[6,6] 1
609_4[87]:
	(31,26) 4
	[6,6] 1
609_5[84]:
	(31,26) 4
	[6,6] 1
609_6[91]:
	(31,26) 4
	[6,6] 1
609_7[78]:
	(31,26) 4
	[6,6] 1
609_8[85]:
	(31,26) 4
	[6,6] 1
609_9[90]:
	(31,26) 4
	[6,6] 1
609_10[79]:
	(31,26) 4
	[6,6] 1
609_11[88]:
	(31,26) 4
	[6,6] 1
609_12[76]:
	(31,26) 4
	[6,6] 1
609_13[80]:
	(31,26) 4
	[6,6] 1
609_14[82]:
	(31,26) 4
	[6,6] 1
609_15[83]:
	(31,26) 4
	[6,6] 1
609_16[77]:
	(31,26) 4
	[6,6] 1
609_17[107]:
	(31,26) 4
	[6,6] 1
404_1[444]:
	(16,4) 261
	[2,1] 42
404_2[425]:
	(16,4) 261
	[2,1] 42
352_1[541]:
	(16,6) 62
	[1,1] 10
352_2[451]:
	(16,6) 1925
	[1,1] 330
223_1[363]:
	(5,24) 63
	[1,1] 10
223_2[570]:
	(5,24) 46
	[1,1] 7
199_1[298]:
	(3,32765) 32976
	[1,4096] 4133
199_2[247]:
	(3,32765) 65767
	[1,4096] 8237
199_3[333]:
	(3,32765) 32998
	[1,4096] 4136
331_1[332]:
	(5,32748) 32993
	[1,4094] 4135
331_2[625]:
	(5,32748) 65736
	[1,4094] 8228
331_3[333]:
	(5,32748) 32996
	[1,4094] 4136
226_1[567]:
	(5,18) 46
	[1,1] 7
226_2[371]:
	(5,18) 63
	[1,1] 10
420_1[455]:
	(23,4) 207
	[3,1] 34
420_2[428]:
	(23,4) 207
	[3,1] 34
232_1[770]:
	(4,9) 3109
	[1,2] 516
232_2[734]:
	(4,9) 3114
	[1,2] 517
232_3[697]:
	(4,9) 3109
	[1,2] 516
232_4[703]:
	(4,9) 3113
	[1,2] 517
719_1[801]:
	(6,1521) 3112
	[1,254] 517
719_2[800]:
	(6,1521) 1597
	[1,254] 264
689_1[691]:
	(5,3134) 64
	[0,510] 8
689_2[788]:
	(5,3134) 59
	[0,510] 8
689_3[690]:
	(5,3134) 65
	[0,510] 8
668_1[670]:
	(7,3088) 70
	[0,510] 8
668_2[795]:
	(7,3088) 63
	[0,510] 8
668_3[669]:
	(7,3088) 71
	[0,510] 8
239_1[800]:
	(4,1530) 1599
	[1,256] 264
239_2[776]:
	(4,1530) 1588
	[1,256] 262
214_1[508]:
	(3,129) 66
	[1,23] 11
214_2[399]:
	(3,129) 47
	[1,23] 10
214_3[461]:
	(3,129) 178
	[1,23] 33
214_4[440]:
	(3,129) 60
	[1,23] 12
214_5[458]:
	(3,129) 142
	[1,23] 25
531_1[532]:
	(4,24) 54
	[0,3] 8
531_2[546]:
	(4,24) 33
	[0,3] 7
287_1[632]:
	(5,19553) 425
	[1,3429] 66
287_2[633]:
	(5,19553) 10120
	[1,3429] 1766
481_1[506]:
	(140,6) 1827
	[25,1] 313
481_2[503]:
	(140,6) 2593
	[25,1] 446
481_3[505]:
	(140,6) 1822
	[25,1] 312
481_4[499]:
	(140,6) 62
	[25,1] 10
481_5[502]:
	(140,6) 5057
	[25,1] 878
481_6[500]:
	(140,6) 19838
	[25,1] 3470
481_7[501]:
	(140,6) 9985
	[25,1] 1742
481_8[495]:
	(140,6) 1819
	[25,1] 311
198_1[300]:
	(3,16381) 49360
	[1,2048] 6181
198_2[247]:
	(3,16381) 65767
	[1,2048] 8237
198_3[330]:
	(3,16381) 49382
	[1,2048] 6184
272_1[273]:
	(5,457) 1505
	[1,81] 256
272_2[638]:
	(5,457) 1957
	[1,81] 336
272_3[274]:
	(5,457) 1513
	[1,81] 258
193_1[293]:
	(3,509) 65232
	[1,64] 8165
193_2[315]:
	(3,509) 65254
	[1,64] 8168
193_3[241]:
	(3,509) 65767
	[1,64] 8237
399_1[491]:
	(130,4) 110
	[23,1] 19
399_2[545]:
	(130,4) 97
	[23,1] 16
399_3[482]:
	(130,4) 46
	[23,1] 10
216_1[577]:
	(5,15) 46
	[1,1] 7
216_2[352]:
	(5,15) 63
	[1,1] 10
640_1[370]:
	(1917,6) 101
	[325,1] 18
640_2[608]:
	(1917,6) 24
	[325,1] 6
217_1[576]:
	(5,24) 46
	[1,1] 7
217_2[364]:
	(5,24) 63
	[1,1] 10
546_1[132]:
	(3,7) 30
	[0,0] 7
546_2[547]:
	(3,7) 44
	[0,0] 8
233_1[774]:
	(4,21) 3097
	[1,4] 514
233_2[703]:
	(4,21) 3113
	[1,4] 517
233_3[700]:
	(4,21) 3097
	[1,4] 514
334_1[336]:
	(5,65516) 225
	[1,8190] 39
334_2[335]:
	(5,65516) 65746
	[1,8190] 8229
334_3[626]:
	(5,65516) 65736
	[1,8190] 8228
219_1[355]:
	(5,23) 63
	[1,1] 10
219_2[574]:
	(5,23) 46
	[1,1] 7
692_1[787]:
	(5,3140) 59
	[0,510] 8
692_2[693]:
	(5,3140) 64
	[0,510] 8
692_3[694]:
	(5,3140) 64
	[0,510] 8
418_1[427]:
	(44,4) 233
	[6,1] 38
418_2[430]:
	(44,4) 233
	[6,1] 38
674_1[793]:
	(7,3104) 63
	[0,510] 8
674_2[676]:
	(7,3104) 64
	[0,510] 8
674_3[675]:
	(7,3104) 65
	[0,510] 8
150_1[659]:
	(5,5) 72
	[0,0] 8
150_2[641]:
	(5,5) 3121
	[0,0] 518
150_3[735]:
	(5,5) ∞
	[0,0] ∞
150_4[750]:
	(5,5) 78
	[0,0] 9
171_1[262]:
	(3,19706) 267
	[1,3456] 38
171_2[632]:
	(3,19706) 427
	[1,3456] 66
171_3[419]:
	(3,19706) 288
	[1,3456] 41
236_1[698]:
	(4,189) 2929
	[1,32] 486
236_2[712]:
	(4,189) 2947
	[1,32] 489
236_3[771]:
	(4,189) 2929
	[1,32] 486
322_1[622]:
	(5,4076) 65736
	[1,510] 8228
322_2[324]:
	(5,4076) 61668
	[1,510] 7720
322_3[323]:
	(5,4076) 61665
	[1,510] 7719
191_1[309]:
	(3,125) 65638
	[1,16] 8216
191_2[290]:
	(3,125) 65616
	[1,16] 8213
191_3[245]:
	(3,125) 65767
	[1,16] 8237
353_1[441]:
	(2,2) 75
	[0,0] 14
353_2[434]:
	(2,2) 37
	[0,0] 8
353_3[431]:
	(2,2) 33
	[0,0] 7
224_1[569]:
	(5,18) 46
	[1,1] 7
224_2[362]:
	(5,18) 63
	[1,1] 10
482_1[494]:
	(5,139) 1970
	[1,25] 337
482_2[497]:
	(5,139) 1978
	[1,25] 339
482_3[481]:
	(5,139) 63
	[1,25] 10
482_4[496]:
	(5,139) 2744
	[1,25] 472
482_5[493]:
	(5,139) 10136
	[1,25] 1768
482_6[492]:
	(5,139) 5208
	[1,25] 904
482_7[504]:
	(5,139) 19989
	[1,25] 3496
482_8[507]:
	(5,139) 37
	[1,25] 8
482_9[498]:
	(5,139) 1973
	[1,25] 338
439_1[489]:
	(36,5) 241
	[7,1] 37
439_2[480]:
	(36,5) 71
	[7,1] 12
683_1[685]:
	(5,3122) 64
	[0,510] 8
683_2[790]:
	(5,3122) 59
	[0,510] 8
683_3[684]:
	(5,3122) 65
	[0,510] 8
400_1[442]:
	(9,4) 221
	[1,1] 36
400_2[446]:
	(9,4) 221
	[1,1] 36
400_3[499]:
	(9,4) 193
	[1,1] 34
162_1[738]:
	(3,3) 72
	[0,0] 9
162_2[694]:
	(3,3) 66
	[0,0] 8
162_3[722]:
	(3,3) ∞
	[0,0] ∞
162_4[648]:
	(3,3) 3201
	[0,0] 518
212_1[464]:
	(3,31) 71
	[1,6] 12
212_2[602]:
	(3,31) 27
	[1,6] 6
212_3[437]:
	(3,31) 117
	[1,6] 21
212_4[398]:
	(3,31) 76
	[1,6] 13
212_5[440]:
	(3,31) 60
	[1,6] 12
437_1[438]:
	(32,7) 169
	[6,2] 31
437_2[458]:
	(32,7) 113
	[6,2] 20
167_1[277]:
	(3,1229) 891
	[1,216] 148
167_2[368]:
	(3,1229) 746
	[1,216] 122
167_3[257]:
	(3,1229) 725
	[1,216] 119
167_4[267]:
	(3,1229) 1507
	[1,216] 256
153_1[747]:
	(5,5) 78
	[0,0] 9
153_2[732]:
	(5,5) ∞
	[0,0] ∞
153_3[667]:
	(5,5) 72
	[0,0] 8
153_4[646]:
	(5,5) 3146
	[0,0] 518
713_1[714]:
	(6,369) 2749
	[1,62] 456
713_2[715]:
	(6,369) 2753
	[1,62] 457
713_3[803]:
	(6,369) 3112
	[1,62] 517
435_1[436]:
	(5,100) 67
	[1,18] 12
435_2[488]:
	(5,100) 140
	[1,18] 25
398_1[540]:
	(32,4) 102
	[6,1] 15
398_2[439]:
	(32,4) 75
	[6,1] 13
398_3[435]:
	(32,4) 135
	[6,1] 24
547_1[577]:
	(8,4) 43
	[0,0] 8
547_2[566]:
	(8,4) 43
	[0,0] 8
547_3[563]:
	(8,4) 43
	[0,0] 8
547_4[565]:
	(8,4) 43
	[0,0] 8
547_5[575]:
	(8,4) 43
	[0,0] 8
547_6[572]:
	(8,4) 43
	[0,0] 8
547_7[567]:
	(8,4) 43
	[0,0] 8
547_8[562]:
	(8,4) 43
	[0,0] 8
547_9[576]:
	(8,4) 43
	[0,0] 8
547_10[564]:
	(8,4) 43
	[0,0] 8
547_11[568]:
	(8,4) 43
	[0,0] 8
547_12[571]:
	(8,4) 43
	[0,0] 8
547_13[570]:
	(8,4) 43
	[0,0] 8
547_14[574]:
	(8,4) 43
	[0,0] 8
547_15[569]:
	(8,4) 43
	[0,0] 8
547_16[573]:
	(8,4) 43
	[0,0] 8
152_1[642]:
	(5,5) 3138
	[0,0] 518
152_2[664]:
	(5,5) 72
	[0,0] 8
152_3[748]:
	(5,5) 78
	[0,0] 9
152_4[724]:
	(5,5) ∞
	[0,0] ∞
438_1[485]:
	(8,33) 214
	[2,6] 37
438_2[482]:
	(8,33) 168
	[2,6] 31
281_1[635]:
	(5,4769) 2728
	[1,837] 470
281_2[282]:
	(5,4769) 5359
	[1,837] 931
281_3[283]:
	(5,4769) 431
	[1,837] 67
434_1[476]:
	(5,3) 65736
	[0,0] 8229
434_2[472]:
	(5,3) 65736
	[0,0] 8229
434_3[478]:
	(5,3) 65736
	[0,0] 8229
434_4[468]:
	(5,3) 65736
	[0,0] 8229
434_5[479]:
	(5,3) 524467
	[0,0] 65570
434_6[465]:
	(5,3) 262326
	[0,0] 32802
434_7[467]:
	(5,3) 65733
	[0,0] 8228
434_8[470]:
	(5,3) 65736
	[0,0] 8229
434_9[459]:
	(5,3) 34
	[0,0] 8
434_10[474]:
	(5,3) 65736
	[0,0] 8229
434_11[473]:
	(5,3) 65736
	[0,0] 8229
434_12[475]:
	(5,3) 65736
	[0,0] 8229
434_13[477]:
	(5,3) 65736
	[0,0] 8229
434_14[466]:
	(5,3) 131254
	[0,0] 16418
434_15[471]:
	(5,3) 65736
	[0,0] 8229
434_16[469]:
	(5,3) 65736
	[0,0] 8229
351_1[519]:
	(2,2) 19971
	[0,0] 3494
351_2[450]:
	(2,2) 1939
	[0,0] 331
351_3[595]:
	(2,2) 138
	[0,0] 25
351_4[445]:
	(2,2) 33
	[0,0] 7
351_5[529]:
	(2,2) 55
	[0,0] 10
351_6[448]:
	(2,2) 275
	[0,0] 44
351_7[521]:
	(2,2) 5190
	[0,0] 902
351_8[426]:
	(2,2) 1939
	[0,0] 331
351_9[446]:
	(2,2) 228
	[0,0] 37
351_10[524]:
	(2,2) 1960
	[0,0] 337
351_11[432]:
	(2,2) 275
	[0,0] 44
351_12[528]:
	(2,2) 174
	[0,0] 33
351_13[444]:
	(2,2) 275
	[0,0] 44
351_14[523]:
	(2,2) 1952
	[0,0] 335
351_15[433]:
	(2,2) 275
	[0,0] 44
351_16[546]:
	(2,2) 35
	[0,0] 7
351_17[429]:
	(2,2) 275
	[0,0] 44
351_18[449]:
	(2,2) 1939
	[0,0] 331
351_19[594]:
	(2,2) 174
	[0,0] 33
351_20[588]:
	(2,2) 56
	[0,0] 12
351_21[451]:
	(2,2) 1939
	[0,0] 331
351_22[452]:
	(2,2) 1939
	[0,0] 331
351_23[454]:
	(2,2) 1939
	[0,0] 331
351_24[520]:
	(2,2) 10118
	[0,0] 1766
351_25[434]:
	(2,2) 37
	[0,0] 8
351_26[430]:
	(2,2) 275
	[0,0] 44
351_27[431]:
	(2,2) 33
	[0,0] 7
351_28[443]:
	(2,2) 228
	[0,0] 37
351_29[457]:
	(2,2) 275
	[0,0] 44
351_30[522]:
	(2,2) 2726
	[0,0] 470
351_31[525]:
	(2,2) 1955
	[0,0] 336
351_32[447]:
	(2,2) 1939
	[0,0] 331
351_33[428]:
	(2,2) 228
	[0,0] 37
351_34[453]:
	(2,2) 1939
	[0,0] 331
188_1[603]:
	(3,12) 27
	[1,2] 6
188_2[459]:
	(3,12) 36
	[1,2] 7
188_3[242]:
	(3,12) 65767
	[1,2] 8237
188_4[303]:
	(3,12) 65732
	[1,2] 8228
188_5[402]:
	(3,12) 138
	[1,2] 24
188_6[301]:
	(3,12) 65729
	[1,2] 8227
304_1[306]:
	(5,44) 65700
	[1,6] 8224
304_2[305]:
	(5,44) 65697
	[1,6] 8223
304_3[616]:
	(5,44) 65736
	[1,6] 8228
677_1[679]:
	(5,3110) 64
	[0,510] 8
677_2[792]:
	(5,3110) 59
	[0,510] 8
677_3[678]:
	(5,3110) 65
	[0,510] 8
192_1[312]:
	(3,253) 65510
	[1,32] 8200
192_2[291]:
	(3,253) 65488
	[1,32] 8197
192_3[241]:
	(3,253) 65767
	[1,32] 8237
176_1[427]:
	(3,36) 274
	[1,5] 43
176_2[369]:
	(3,36) 241
	[1,5] 39
202_1[299]:
	(3,262141) 262331
	[1,32768] 32802
202_2[246]:
	(3,262141) 190
	[1,32768] 34
202_3[342]:
	(3,262141) 212
	[1,32768] 37
197_1[244]:
	(3,8189) 65767
	[1,1024] 8237
197_2[327]:
	(3,8189) 57574
	[1,1024] 7208
197_3[297]:
	(3,8189) 57552
	[1,1024] 7205
230_1[563]:
	(5,18) 46
	[1,1] 7
230_2[367]:
	(5,18) 63
	[1,1] 10
405_1[443]:
	(16,4) 214
	[2,1] 35
405_2[484]:
	(16,4) 214
	[2,1] 35
235_1[772]:
	(4,93) 3025
	[1,16] 502
235_2[699]:
	(4,93) 3025
	[1,16] 502
235_3[709]:
	(4,93) 3043
	[1,16] 505
534_1[533]:
	(16,33) 101
	[3,4] 17
534_2[535]:
	(16,33) 129
	[3,4] 23
534_3[537]:
	(16,33) 165
	[3,4] 31
534_4[536]:
	(16,33) 47
	[3,4] 10
114_1[357]:
	(3,64) 1877
	[1,8] 323
114_2[600]:
	(3,64) 1938
	[1,8] 330
227_1[365]:
	(5,18) 63
	[1,1] 10
227_2[566]:
	(5,18) 46
	[1,1] 7
440_1[527]:
	(7,32) 77
	[2,6] 14
440_2[536]:
	(7,32) 56
	[2,6] 11
151_1[649]:
	(5,5) 3137
	[0,0] 518
151_2[730]:
	(5,5) ∞
	[0,0] ∞
151_3[749]:
	(5,5) 77
	[0,0] 9
151_4[797]:
	(5,5) 64
	[0,0] 8
337_1[339]:
	(5,131052) 210
	[1,16382] 37
337_2[338]:
	(5,131052) 131282
	[1,16382] 16421
337_3[627]:
	(5,131052) 65733
	[1,16382] 8227
158_1[652]:
	(3,3) 3178
	[0,0] 518
158_2[682]:
	(3,3) 66
	[0,0] 8
158_3[741]:
	(3,3) 72
	[0,0] 9
158_4[733]:
	(3,3) ∞
	[0,0] ∞
313_1[619]:
	(5,492) 65736
	[1,62] 8228
313_2[314]:
	(5,492) 65249
	[1,62] 8167
313_3[315]:
	(5,492) 65252
	[1,62] 8168
109_1[613]:
	(3,29) 1912
	[1,3] 328
109_2[408]:
	(3,29) 1912
	[1,3] 328
213_1[397]:
	(3,66) 84
	[1,12] 14
213_2[441]:
	(3,66) 74
	[1,12] 13
213_3[439]:
	(3,66) 104
	[1,12] 18
213_4[437]:
	(3,66) 117
	[1,12] 21
160_1[688]:
	(3,3) 66
	[0,0] 8
160_2[654]:
	(3,3) 3190
	[0,0] 518
160_3[723]:
	(3,3) ∞
	[0,0] ∞
160_4[737]:
	(3,3) 72
	[0,0] 9
196_1[244]:
	(3,4093) 65767
	[1,512] 8237
196_2[324]:
	(3,4093) 61670
	[1,512] 7720
196_3[294]:
	(3,4093) 61648
	[1,512] 7717
166_1[260]:
	(3,613) 1502
	[1,108] 255
166_2[270]:
	(3,613) 1349
	[1,108] 229
166_3[416]:
	(3,613) 1370
	[1,108] 232
166_4[274]:
	(3,613) 1515
	[1,108] 258
707_1[805]:
	(6,81) 3112
	[1,14] 517
707_2[708]:
	(6,81) 3037
	[1,14] 504
707_3[709]:
	(6,81) 3041
	[1,14] 505
228_1[565]:
	(5,18) 46
	[1,1] 7
228_2[356]:
	(5,18) 63
	[1,1] 10
155_1[653]:
	(5,5) 3162
	[0,0] 518
155_2[725]:
	(5,5) ∞
	[0,0] ∞
155_3[746]:
	(5,5) 78
	[0,0] 9
155_4[673]:
	(5,5) 72
	[0,0] 8
319_1[320]:
	(5,2028) 63713
	[1,254] 7975
319_2[321]:
	(5,2028) 63716
	[1,254] 7976
319_3[621]:
	(5,2028) 65736
	[1,254] 8228
310_1[311]:
	(5,236) 65505
	[1,30] 8199
310_2[312]:
	(5,236) 65508
	[1,30] 8200
310_3[618]:
	(5,236) 65736
	[1,30] 8228
686_1[789]:
	(5,3128) 59
	[0,510] 8
686_2[688]:
	(5,3128) 64
	[0,510] 8
686_3[687]:
	(5,3128) 65
	[0,510] 8
415_1[423]:
	(30,4) 247
	[4,1] 40
415_2[433]:
	(30,4) 247
	[4,1] 40
680_1[681]:
	(5,3116) 65
	[0,510] 8
680_2[682]:
	(5,3116) 64
	[0,510] 8
680_3[791]:
	(5,3116) 59
	[0,510] 8
220_1[360]:
	(5,24) 63
	[1,1] 10
220_2[573]:
	(5,24) 46
	[1,1] 7
328_1[329]:
	(5,16364) 49377
	[1,2046] 6183
328_2[624]:
	(5,16364) 65736
	[1,2046] 8228
328_3[330]:
	(5,16364) 49380
	[1,2046] 6184
113_1[421]:
	(3,57) 1884
	[1,7] 324
113_2[611]:
	(3,57) 1884
	[1,7] 324
107_1[94]:
	(30,35) 1
	[7,7] 0
107_2[104]:
	(30,35) 1
	[7,7] 0
107_3[100]:
	(30,35) 1
	[7,7] 0
107_4[99]:
	(30,35) 1
	[7,7] 0
107_5[95]:
	(30,35) 1
	[7,7] 0
107_6[101]:
	(30,35) 1
	[7,7] 0
107_7[105]:
	(30,35) 1
	[7,7] 0
107_8[92]:
	(30,35) 1
	[7,7] 0
107_9[98]:
	(30,35) 1
	[7,7] 0
107_10[93]:
	(30,35) 1
	[7,7] 0
107_11[97]:
	(30,35) 1
	[7,7] 0
107_12[96]:
	(30,35) 1
	[7,7] 0
107_13[102]:
	(30,35) 1
	[7,7] 0
107_14[106]:
	(30,35) 1
	[7,7] 0
107_15[103]:
	(30,35) 1
	[7,7] 0
662_1[664]:
	(7,3072) 70
	[0,510] 8
662_2[663]:
	(7,3072) 71
	[0,510] 8
172_1[603]:
	(3,8) 27
	[1,1] 6
172_2[401]:
	(3,8) 269
	[1,1] 43
172_3[460]:
	(3,8) 164
	[1,1] 29
172_4[425]:
	(3,8) 274
	[1,1] 43

-----------------------------------
Sum of T(sa0)s: ∞
Sum of T(sa1)s: ∞
Testability index: ∞