0:
	(1,1) ∞
	[0,0] ∞
1:
	(1,1) 52
	[0,0] 8
x:
	(1,1) ∞
	[0,0] ∞
2:
	(1,1) 52
	[0,0] 8
3:
	(1,1) 25
	[0,0] 1
4:
	(1,1) 67
	[0,0] 7
5:
	(1,1) 75
	[0,0] 7
6:
	(1,1) 88
	[0,0] 7
7:
	(1,1) 102
	[0,0] 7
8:
	(1,1) 98
	[0,0] 7
9:
	(1,1) 98
	[0,0] 7
10:
	(1,1) 98
	[0,0] 7
11:
	(1,1) 98
	[0,0] 7
12:
	(1,1) 98
	[0,0] 7
13:
	(1,1) 98
	[0,0] 7
14:
	(1,1) 30
	[0,0] 1
15:
	(1,1) 30
	[0,0] 1
16:
	(1,1) 26
	[0,0] 1
17:
	(1,1) 26
	[0,0] 1
18:
	(1,1) 10
	[0,0] 1
19:
	(1,1) 18
	[0,0] 1
20:
	(1,1) 18
	[0,0] 1
21:
	(1,1) 18
	[0,0] 1
22:
	(1,1) 18
	[0,0] 1
23:
	(1,1) 18
	[0,0] 1
24:
	(1,1) 18
	[0,0] 1
25:
	(1,1) 18
	[0,0] 1
26:
	(1,1) 18
	[0,0] 1
27:
	(1,1) 18
	[0,0] 1
28:
	(1,1) 18
	[0,0] 1
29:
	(1,1) 18
	[0,0] 1
30:
	(1,1) 14
	[0,0] 1
846:
	(40,4) 18
	[7,1] 1
845:
	(40,4) 19
	[7,1] 1
844:
	(40,4) 19
	[7,1] 1
843:
	(40,4) 19
	[7,1] 1
842:
	(40,4) 19
	[7,1] 1
841:
	(40,4) 19
	[7,1] 1
840:
	(40,4) 19
	[7,1] 1
839:
	(40,4) 14
	[7,1] 1
838:
	(40,4) 19
	[7,1] 1
837:
	(35,4) 14
	[7,1] 1
836:
	(39,4) 18
	[7,1] 1
835:
	(40,4) 19
	[7,1] 1
834:
	(40,4) 19
	[7,1] 1
47:
	(16,16) 0
	[1,1] 0
41:
	(16,16) 0
	[1,1] 0
40:
	(16,16) 0
	[1,1] 0
37:
	(16,16) 0
	[1,1] 0
36:
	(16,16) 0
	[1,1] 0
55:
	(16,16) 0
	[1,1] 0
54:
	(16,16) 0
	[1,1] 0
53:
	(16,16) 0
	[1,1] 0
52:
	(16,16) 0
	[1,1] 0
39:
	(16,16) 0
	[1,1] 0
51:
	(16,16) 0
	[1,1] 0
50:
	(16,16) 0
	[1,1] 0
49:
	(16,16) 0
	[1,1] 0
48:
	(16,16) 0
	[1,1] 0
35:
	(16,16) 0
	[1,1] 0
42:
	(16,16) 0
	[1,1] 0
46:
	(16,16) 0
	[1,1] 0
45:
	(16,16) 0
	[1,1] 0
38:
	(16,16) 0
	[1,1] 0
34:
	(16,16) 0
	[1,1] 0
68:
	(16,16) 0
	[1,1] 0
67:
	(16,16) 0
	[1,1] 0
66:
	(16,16) 0
	[1,1] 0
33:
	(16,16) 0
	[1,1] 0
65:
	(16,16) 0
	[1,1] 0
64:
	(16,16) 0
	[1,1] 0
63:
	(16,16) 0
	[1,1] 0
62:
	(16,16) 0
	[1,1] 0
32:
	(16,16) 0
	[1,1] 0
61:
	(16,16) 0
	[1,1] 0
60:
	(16,16) 0
	[1,1] 0
59:
	(16,16) 0
	[1,1] 0
58:
	(16,16) 0
	[1,1] 0
31:
	(11,11) 0
	[1,1] 0
56:
	(15,15) 0
	[1,1] 0
44:
	(11,11) 0
	[1,1] 0
69:
	(15,15) 0
	[1,1] 0
43:
	(15,15) 0
	[1,1] 0
57:
	(11,11) 0
	[1,1] 0
833:
	(12,12) 4
	[0,0] 1
832:
	(12,12) 4
	[0,0] 1
831:
	(12,12) 4
	[0,0] 1
830:
	(12,12) 4
	[0,0] 1
829:
	(12,12) 4
	[0,0] 1
828:
	(12,12) 4
	[0,0] 1
827:
	(12,12) 4
	[0,0] 1
826:
	(12,12) 4
	[0,0] 1
825:
	(12,12) 4
	[0,0] 1
824:
	(12,12) 4
	[0,0] 1
823:
	(12,12) 4
	[0,0] 1
822:
	(11,11) 4
	[0,0] 1
821:
	(7,7) 4
	[0,0] 1
904:
	(8,8) 95
	[0,0] 7
903:
	(8,8) 95
	[0,0] 7
902:
	(8,8) 95
	[0,0] 7
901:
	(8,8) 95
	[0,0] 7
899:
	(8,8) 95
	[0,0] 7
898:
	(8,8) 95
	[0,0] 7
897:
	(8,8) 81
	[0,0] 7
896:
	(8,8) 79
	[0,0] 7
929:
	(8,8) 91
	[0,0] 7
928:
	(8,8) 91
	[0,0] 7
880:
	(15,15) 98
	[0,0] 7
878:
	(15,15) 98
	[0,0] 7
876:
	(15,15) 100
	[0,0] 7
820:
	(5,48) 11
	[0,7] 1
819:
	(5,48) 11
	[0,7] 1
818:
	(5,48) 11
	[0,7] 1
817:
	(5,48) 11
	[0,7] 1
816:
	(5,48) 11
	[0,7] 1
815:
	(5,48) 11
	[0,7] 1
814:
	(5,48) 11
	[0,7] 1
813:
	(5,48) 11
	[0,7] 1
812:
	(5,43) 11
	[0,7] 1
811:
	(5,47) 11
	[0,7] 1
810:
	(5,48) 11
	[0,7] 1
874:
	(17,17) 100
	[0,0] 7
872:
	(17,17) 98
	[0,0] 7
870:
	(15,15) 98
	[0,0] 7
868:
	(15,15) 98
	[0,0] 7
866:
	(15,15) 102
	[0,0] 7
864:
	(15,15) 96
	[0,0] 7
862:
	(15,15) 74
	[0,0] 7
860:
	(14,14) 74
	[0,0] 7
932:
	(8,8) 90
	[0,0] 7
931:
	(8,8) 91
	[0,0] 7
930:
	(8,8) 91
	[0,0] 7
923:
	(8,8) 89
	[0,0] 7
927:
	(8,8) 91
	[0,0] 7
925:
	(8,8) 91
	[0,0] 7
924:
	(8,8) 95
	[0,0] 7
922:
	(8,8) 68
	[0,0] 7
926:
	(8,8) 91
	[0,0] 7
900:
	(8,8) 95
	[0,0] 7
906:
	(8,8) 92
	[0,0] 7
905:
	(8,8) 90
	[0,0] 7
882:
	(14,14) 96
	[0,0] 7
933:
	(7,7) 80
	[0,0] 7
907:
	(7,7) 77
	[0,0] 7
921:
	(3,3) 69
	[0,0] 7
136:
	(9,3) 56
	[0,0] 7
146:
	(13,7) 91
	[0,0] 7
141:
	(14,8) 91
	[0,0] 7
144:
	(14,8) 91
	[0,0] 7
805:
	(5,43) 6
	[0,7] 1
804:
	(5,47) 10
	[0,7] 1
809:
	(2,8) 52
	[0,0] 7
808:
	(6,12) 52
	[0,0] 7
807:
	(7,13) 52
	[0,0] 7
806:
	(7,13) 52
	[0,0] 7
142:
	(14,8) 91
	[0,0] 7
139:
	(14,8) 91
	[0,0] 7
143:
	(14,8) 91
	[0,0] 7
138:
	(14,8) 81
	[0,0] 7
137:
	(14,8) 78
	[0,0] 7
145:
	(14,8) 91
	[0,0] 7
140:
	(14,8) 91
	[0,0] 7
803:
	(7,13) 52
	[0,0] 7
802:
	(7,13) 52
	[0,0] 7
801:
	(7,13) 52
	[0,0] 7
800:
	(7,13) 52
	[0,0] 7
799:
	(7,13) 52
	[0,0] 7
798:
	(7,13) 52
	[0,0] 7
797:
	(7,13) 52
	[0,0] 7
796:
	(7,7) 42
	[0,0] 8
795:
	(7,7) 50
	[0,0] 8
96:
	(3,48) 8
	[1,7] 0
97:
	(3,55) 13
	[1,7] 0
98:
	(3,74) 13
	[1,7] 0
99:
	(3,80) 13
	[1,7] 0
100:
	(3,76) 13
	[1,7] 0
101:
	(3,76) 13
	[1,7] 0
102:
	(3,76) 13
	[1,7] 0
103:
	(3,76) 13
	[1,7] 0
104:
	(3,76) 13
	[1,7] 0
105:
	(3,76) 13
	[1,7] 0
106:
	(3,76) 13
	[1,7] 0
107:
	(3,75) 13
	[1,7] 0
108:
	(3,65) 12
	[1,7] 0
83:
	(3,41) 8
	[1,7] 0
84:
	(3,57) 13
	[1,7] 0
85:
	(3,66) 13
	[1,7] 0
86:
	(3,80) 13
	[1,7] 0
87:
	(3,80) 13
	[1,7] 0
88:
	(3,80) 13
	[1,7] 0
89:
	(3,80) 13
	[1,7] 0
90:
	(3,80) 13
	[1,7] 0
91:
	(3,80) 13
	[1,7] 0
92:
	(3,80) 13
	[1,7] 0
93:
	(3,75) 13
	[1,7] 0
94:
	(3,77) 13
	[1,7] 0
95:
	(3,62) 12
	[1,7] 0
109:
	(3,43) 8
	[1,7] 0
110:
	(3,53) 13
	[1,7] 0
111:
	(3,66) 13
	[1,7] 0
112:
	(3,88) 13
	[1,7] 0
113:
	(3,94) 13
	[1,7] 0
114:
	(3,90) 13
	[1,7] 0
115:
	(3,90) 13
	[1,7] 0
116:
	(3,92) 13
	[1,7] 0
117:
	(3,94) 13
	[1,7] 0
118:
	(3,92) 13
	[1,7] 0
119:
	(3,90) 13
	[1,7] 0
120:
	(3,90) 13
	[1,7] 0
121:
	(3,88) 12
	[1,7] 0
70:
	(3,34) 15
	[1,7] 1
71:
	(3,39) 15
	[1,7] 1
72:
	(3,39) 20
	[1,7] 1
73:
	(3,39) 20
	[1,7] 1
74:
	(3,39) 20
	[1,7] 1
75:
	(3,39) 20
	[1,7] 1
76:
	(3,39) 20
	[1,7] 1
77:
	(3,39) 20
	[1,7] 1
78:
	(3,39) 20
	[1,7] 1
79:
	(3,39) 20
	[1,7] 1
80:
	(3,39) 20
	[1,7] 1
81:
	(3,39) 19
	[1,7] 1
82:
	(3,38) 19
	[1,7] 1
148:
	(3,20) 49
	[1,5] 7
149:
	(3,47) 49
	[1,10] 7
150:
	(3,94) 49
	[1,20] 7
151:
	(3,20) 39
	[1,4] 3
152:
	(3,39) 49
	[1,7] 6
153:
	(3,73) 49
	[1,13] 6
794:
	(2,17) 42
	[0,3] 4
793:
	(2,36) 52
	[0,6] 7
792:
	(2,70) 52
	[0,12] 7
791:
	(15,22) 44
	[3,4] 4
790:
	(34,12) 54
	[6,2] 7
788:
	(68,8) 54
	[12,1] 7
789:
	(7,67) 52
	[1,12] 6
787:
	(7,36) 23
	[0,6] 2
786:
	(7,31) 18
	[0,6] 2
785:
	(7,36) 18
	[0,6] 2
784:
	(7,36) 23
	[0,6] 2
783:
	(7,36) 23
	[0,6] 2
782:
	(7,36) 23
	[0,6] 2
781:
	(7,36) 23
	[0,6] 2
780:
	(18,40) 11
	[0,6] 1
779:
	(7,36) 23
	[0,6] 2
778:
	(7,36) 23
	[0,6] 2
777:
	(7,36) 23
	[0,6] 2
776:
	(7,36) 23
	[0,6] 2
775:
	(7,36) 22
	[0,6] 2
774:
	(7,35) 22
	[0,6] 2
773:
	(21,40) 98
	[4,8] 14
772:
	(3,35) 27
	[0,6] 2
771:
	(17,77) 16
	[0,6] 1
770:
	(3,65) 27
	[0,11] 2
769:
	(3,60) 22
	[0,11] 2
768:
	(3,30) 22
	[0,6] 2
767:
	(3,35) 22
	[0,6] 2
766:
	(3,65) 22
	[0,11] 2
765:
	(3,65) 27
	[0,11] 2
764:
	(3,35) 27
	[0,6] 2
763:
	(3,35) 27
	[0,6] 2
762:
	(3,65) 27
	[0,11] 2
761:
	(3,35) 27
	[0,6] 2
760:
	(3,35) 27
	[0,6] 2
759:
	(3,65) 27
	[0,11] 2
758:
	(3,65) 27
	[0,11] 2
757:
	(3,35) 27
	[0,6] 2
756:
	(17,77) 16
	[0,6] 1
755:
	(3,65) 27
	[0,11] 2
754:
	(3,65) 27
	[0,11] 2
753:
	(3,35) 27
	[0,6] 2
752:
	(3,35) 27
	[0,6] 2
751:
	(3,65) 27
	[0,11] 2
750:
	(3,65) 27
	[0,11] 2
749:
	(3,35) 27
	[0,6] 2
748:
	(3,35) 26
	[0,6] 2
747:
	(3,65) 26
	[0,11] 2
746:
	(3,34) 26
	[0,6] 2
745:
	(3,64) 26
	[0,11] 2
744:
	(36,51) 102
	[7,13] 15
743:
	(17,71) 16
	[0,6] 1
742:
	(17,77) 16
	[0,6] 1
741:
	(14,54) 16
	[0,6] 1
740:
	(17,72) 16
	[0,6] 1
739:
	(17,74) 16
	[0,6] 1
738:
	(17,59) 15
	[0,6] 1
737:
	(17,77) 16
	[0,6] 1
736:
	(17,73) 16
	[0,6] 1
735:
	(17,63) 16
	[0,6] 1
734:
	(17,45) 11
	[0,6] 1
733:
	(17,85) 16
	[0,6] 1
732:
	(17,91) 16
	[0,6] 1
731:
	(17,87) 16
	[0,6] 1
730:
	(17,87) 16
	[0,6] 1
729:
	(17,89) 16
	[0,6] 1
728:
	(17,91) 16
	[0,6] 1
727:
	(17,73) 16
	[0,6] 1
726:
	(17,73) 16
	[0,6] 1
725:
	(17,89) 16
	[0,6] 1
724:
	(17,87) 16
	[0,6] 1
723:
	(17,87) 16
	[0,6] 1
722:
	(17,85) 15
	[0,6] 1
721:
	(17,73) 16
	[0,6] 1
720:
	(17,73) 16
	[0,6] 1
719:
	(17,73) 16
	[0,6] 1
718:
	(17,72) 16
	[0,6] 1
717:
	(17,62) 15
	[0,6] 1
716:
	(17,38) 11
	[0,6] 1
715:
	(17,73) 16
	[0,6] 1
714:
	(17,63) 16
	[0,6] 1
713:
	(17,77) 16
	[0,6] 1
712:
	(17,77) 16
	[0,6] 1
711:
	(17,77) 16
	[0,6] 1
710:
	(14,52) 16
	[0,6] 1
709:
	(12,39) 17
	[0,6] 1
708:
	(14,50) 16
	[0,6] 1
707:
	(17,77) 16
	[0,6] 1
705:
	(5,86) 28
	[0,8] 1
704:
	(5,90) 28
	[0,8] 1
703:
	(5,90) 28
	[0,8] 1
702:
	(5,90) 28
	[0,8] 1
701:
	(5,85) 28
	[0,8] 1
700:
	(5,84) 28
	[0,8] 1
699:
	(5,87) 28
	[0,8] 1
698:
	(5,72) 27
	[0,8] 1
697:
	(5,53) 24
	[0,8] 1
696:
	(5,90) 28
	[0,8] 1
695:
	(5,76) 28
	[0,8] 1
694:
	(5,98) 28
	[0,8] 1
693:
	(5,86) 28
	[0,8] 1
692:
	(5,104) 28
	[0,8] 1
691:
	(5,100) 28
	[0,8] 1
690:
	(5,86) 28
	[0,8] 1
689:
	(5,100) 28
	[0,8] 1
688:
	(5,102) 28
	[0,8] 1
687:
	(5,104) 28
	[0,8] 1
686:
	(5,102) 28
	[0,8] 1
685:
	(5,90) 28
	[0,8] 1
684:
	(5,100) 28
	[0,8] 1
683:
	(5,100) 28
	[0,8] 1
682:
	(5,98) 27
	[0,8] 1
681:
	(5,86) 28
	[0,8] 1
680:
	(5,86) 28
	[0,8] 1
679:
	(5,86) 28
	[0,8] 1
678:
	(5,58) 23
	[0,8] 1
677:
	(5,86) 28
	[0,8] 1
676:
	(5,85) 28
	[0,8] 1
675:
	(5,75) 27
	[0,8] 1
674:
	(5,51) 23
	[0,8] 1
673:
	(5,76) 28
	[0,8] 1
672:
	(5,90) 28
	[0,8] 1
671:
	(5,90) 28
	[0,8] 1
670:
	(5,90) 28
	[0,8] 1
669:
	(43,41) 110
	[11,7] 17
668:
	(6,38) 23
	[0,6] 1
667:
	(11,76) 22
	[0,6] 1
706:
	(27,2) 25
	[6,0] 2
665:
	(2,91) 52
	[0,19] 8
664:
	(11,76) 22
	[0,6] 1
663:
	(11,76) 22
	[0,6] 1
662:
	(11,86) 22
	[0,6] 1
661:
	(8,65) 22
	[0,8] 1
660:
	(11,76) 22
	[0,6] 1
659:
	(11,71) 22
	[0,6] 1
658:
	(11,73) 22
	[0,6] 1
657:
	(11,70) 22
	[0,6] 1
656:
	(11,58) 21
	[0,6] 1
655:
	(11,76) 22
	[0,6] 1
654:
	(8,63) 22
	[0,8] 1
653:
	(11,62) 22
	[0,6] 1
652:
	(11,84) 22
	[0,6] 1
651:
	(11,72) 22
	[0,6] 1
650:
	(11,86) 22
	[0,6] 1
649:
	(11,86) 22
	[0,6] 1
648:
	(11,72) 22
	[0,6] 1
647:
	(11,88) 22
	[0,6] 1
646:
	(11,90) 22
	[0,6] 1
645:
	(11,88) 22
	[0,6] 1
644:
	(11,72) 22
	[0,6] 1
643:
	(11,86) 22
	[0,6] 1
642:
	(11,84) 21
	[0,6] 1
641:
	(11,76) 22
	[0,6] 1
640:
	(11,72) 22
	[0,6] 1
639:
	(11,72) 22
	[0,6] 1
638:
	(11,72) 22
	[0,6] 1
637:
	(11,72) 22
	[0,6] 1
636:
	(2,17) 52
	[0,4] 8
635:
	(2,44) 52
	[0,9] 8
634:
	(11,71) 22
	[0,6] 1
633:
	(11,61) 21
	[0,6] 1
632:
	(11,37) 17
	[0,6] 1
631:
	(11,44) 17
	[0,6] 1
630:
	(11,90) 22
	[0,6] 1
629:
	(8,67) 22
	[0,8] 1
628:
	(11,62) 22
	[0,6] 1
627:
	(11,76) 22
	[0,6] 1
626:
	(11,76) 22
	[0,6] 1
666:
	(24,2) 58
	[4,0] 9
613:
	(5,85) 28
	[0,6] 1
612:
	(5,83) 27
	[0,6] 1
611:
	(5,71) 28
	[0,6] 1
610:
	(5,85) 28
	[0,6] 1
609:
	(5,87) 28
	[0,6] 1
608:
	(5,89) 28
	[0,6] 1
607:
	(5,75) 28
	[0,6] 1
606:
	(5,85) 28
	[0,6] 1
605:
	(5,85) 28
	[0,6] 1
604:
	(5,71) 28
	[0,6] 1
603:
	(5,89) 28
	[0,6] 1
602:
	(5,71) 28
	[0,6] 1
601:
	(5,75) 28
	[0,6] 1
600:
	(5,75) 28
	[0,6] 1
599:
	(5,51) 25
	[0,6] 1
598:
	(5,75) 28
	[0,6] 1
597:
	(5,61) 28
	[0,6] 1
596:
	(5,70) 28
	[0,6] 1
595:
	(5,83) 28
	[0,6] 1
594:
	(5,57) 27
	[0,6] 1
593:
	(5,69) 28
	[0,6] 1
592:
	(5,49) 25
	[0,6] 1
591:
	(5,87) 28
	[0,6] 1
590:
	(5,75) 28
	[0,6] 1
625:
	(5,119) 28
	[0,19] 1
624:
	(5,117) 27
	[0,19] 1
623:
	(5,119) 28
	[0,19] 1
622:
	(5,119) 28
	[0,19] 1
621:
	(5,119) 28
	[0,19] 1
620:
	(5,119) 28
	[0,19] 1
619:
	(5,109) 23
	[0,19] 1
618:
	(5,119) 28
	[0,19] 1
617:
	(5,119) 28
	[0,19] 1
616:
	(5,119) 28
	[0,19] 1
615:
	(5,119) 28
	[0,19] 1
614:
	(5,119) 28
	[0,19] 1
589:
	(25,23) 27
	[6,4] 2
574:
	(15,26) 54
	[4,5] 8
573:
	(5,71) 28
	[0,6] 1
572:
	(5,71) 28
	[0,6] 1
571:
	(5,70) 28
	[0,6] 1
570:
	(5,72) 28
	[0,6] 1
569:
	(5,60) 27
	[0,6] 1
568:
	(5,36) 23
	[0,6] 1
567:
	(5,53) 25
	[0,6] 1
566:
	(5,43) 23
	[0,6] 1
565:
	(5,61) 28
	[0,6] 1
564:
	(5,75) 28
	[0,6] 1
563:
	(5,75) 28
	[0,6] 1
562:
	(5,75) 28
	[0,6] 1
561:
	(5,71) 28
	[0,6] 1
560:
	(27,40) 126
	[7,7] 21
559:
	(34,5) 27
	[6,0] 1
558:
	(56,8) 31
	[7,1] 2
557:
	(5,71) 28
	[0,6] 1
556:
	(54,8) 31
	[7,1] 2
555:
	(89,17) 54
	[19,3] 8
554:
	(58,8) 31
	[7,1] 2
553:
	(42,16) 54
	[9,3] 8
588:
	(22,24) 28
	[4,6] 2
587:
	(8,7) 106
	[1,0] 8
586:
	(8,7) 106
	[1,0] 8
585:
	(8,7) 106
	[1,0] 8
584:
	(8,7) 106
	[1,0] 8
583:
	(8,7) 105
	[1,0] 8
582:
	(8,7) 106
	[1,0] 8
581:
	(8,7) 105
	[1,0] 8
580:
	(8,7) 96
	[1,0] 8
579:
	(8,7) 91
	[1,0] 8
578:
	(8,7) 110
	[1,0] 8
577:
	(8,7) 77
	[1,0] 8
576:
	(8,6) 66
	[1,0] 8
575:
	(8,7) 106
	[1,0] 8
552:
	(78,5) 69
	[12,0] 8
550:
	(78,5) 69
	[12,0] 8
548:
	(78,5) 69
	[12,0] 8
546:
	(78,5) 69
	[12,0] 8
544:
	(78,5) 69
	[12,0] 8
542:
	(78,5) 69
	[12,0] 8
539:
	(10,41) 60
	[2,9] 9
538:
	(11,88) 60
	[2,19] 9
537:
	(4,77) 80
	[0,12] 8
551:
	(4,77) 70
	[0,12] 8
549:
	(4,77) 70
	[0,12] 8
547:
	(4,77) 70
	[0,12] 8
545:
	(4,77) 70
	[0,12] 8
543:
	(4,77) 70
	[0,12] 8
541:
	(4,77) 70
	[0,12] 8
540:
	(4,110) 35
	[0,19] 3
536:
	(78,5) 69
	[12,0] 8
534:
	(77,5) 67
	[12,0] 8
532:
	(78,5) 69
	[12,0] 8
530:
	(78,5) 69
	[12,0] 8
528:
	(73,4) 59
	[12,0] 8
526:
	(78,5) 69
	[12,0] 8
523:
	(19,39) 134
	[5,7] 23
522:
	(5,71) 65
	[1,14] 10
521:
	(5,118) 66
	[1,24] 10
520:
	(16,24) 36
	[4,4] 4
535:
	(4,77) 70
	[0,12] 8
533:
	(4,76) 68
	[0,12] 8
531:
	(4,77) 70
	[0,12] 8
529:
	(4,77) 70
	[0,12] 8
527:
	(3,72) 60
	[0,12] 8
525:
	(4,77) 70
	[0,12] 8
524:
	(31,4) 28
	[6,0] 1
518:
	(15,41) 138
	[4,7] 24
517:
	(15,41) 138
	[4,7] 24
519:
	(69,3) 63
	[12,0] 8
515:
	(12,23) 40
	[3,4] 5
513:
	(26,11) 62
	[5,2] 8
512:
	(27,3) 32
	[5,0] 2
516:
	(22,11) 41
	[4,3] 5
514:
	(2,7) 70
	[0,1] 8
509:
	(45,6) 74
	[8,1] 10
507:
	(3,10) 58
	[0,0] 7
506:
	(7,40) 146
	[2,7] 26
505:
	(7,40) 146
	[2,7] 26
511:
	(5,25) 68
	[1,5] 8
510:
	(23,2) 36
	[4,0] 3
508:
	(5,44) 68
	[1,8] 9
503:
	(7,40) 146
	[2,7] 26
502:
	(2,6) 59
	[0,0] 7
501:
	(7,21) 45
	[2,5] 6
500:
	(7,35) 146
	[2,7] 26
499:
	(7,40) 146
	[2,7] 26
498:
	(7,40) 146
	[2,7] 26
504:
	(7,21) 45
	[2,4] 5
497:
	(81,4) 37
	[7,1] 2
496:
	(81,4) 37
	[7,1] 2
495:
	(77,4) 37
	[7,1] 2
494:
	(81,4) 37
	[7,1] 2
493:
	(91,4) 37
	[7,1] 2
492:
	(81,4) 37
	[7,1] 2
491:
	(67,4) 37
	[7,1] 2
490:
	(89,4) 36
	[7,1] 2
489:
	(95,4) 37
	[7,1] 2
488:
	(93,4) 37
	[7,1] 2
487:
	(49,4) 32
	[7,1] 2
486:
	(44,4) 33
	[7,1] 2
485:
	(81,4) 37
	[7,1] 2
484:
	(77,4) 37
	[7,1] 2
483:
	(75,4) 37
	[7,1] 2
482:
	(76,4) 37
	[7,1] 2
481:
	(81,4) 37
	[7,1] 2
480:
	(67,4) 37
	[7,1] 2
479:
	(42,4) 32
	[7,1] 2
478:
	(95,4) 37
	[7,1] 2
477:
	(81,4) 37
	[7,1] 2
476:
	(77,4) 37
	[7,1] 2
475:
	(77,4) 37
	[7,1] 2
474:
	(77,4) 37
	[7,1] 2
473:
	(76,4) 37
	[7,1] 2
472:
	(89,4) 37
	[7,1] 2
471:
	(63,4) 36
	[7,1] 2
470:
	(93,4) 37
	[7,1] 2
469:
	(77,4) 37
	[7,1] 2
468:
	(66,4) 36
	[7,1] 2
467:
	(91,4) 37
	[7,1] 2
466:
	(91,4) 37
	[7,1] 2
465:
	(81,4) 37
	[7,1] 2
464:
	(91,4) 37
	[7,1] 2
463:
	(77,4) 37
	[7,1] 2
462:
	(40,4) 72
	[7,1] 10
461:
	(95,4) 89
	[20,1] 14
460:
	(48,4) 88
	[10,1] 14
459:
	(40,4) 52
	[7,1] 6
458:
	(40,4) 52
	[7,1] 6
457:
	(35,4) 47
	[7,1] 6
456:
	(40,4) 52
	[7,1] 6
455:
	(40,4) 52
	[7,1] 6
454:
	(40,4) 51
	[7,1] 6
453:
	(40,4) 47
	[7,1] 6
452:
	(40,4) 52
	[7,1] 6
451:
	(40,4) 52
	[7,1] 6
450:
	(40,4) 52
	[7,1] 6
449:
	(40,4) 52
	[7,1] 6
448:
	(21,4) 38
	[4,1] 3
447:
	(40,4) 52
	[7,1] 6
446:
	(39,4) 51
	[7,1] 6
445:
	(55,55) 60
	[0,0] 7
444:
	(39,39) 60
	[0,0] 7
443:
	(25,25) 59
	[0,0] 7
442:
	(39,39) 60
	[0,0] 7
441:
	(43,43) 60
	[0,0] 7
440:
	(37,37) 60
	[0,0] 7
439:
	(55,55) 60
	[0,0] 7
438:
	(39,39) 60
	[0,0] 7
437:
	(43,43) 60
	[0,0] 7
436:
	(28,9) 73
	[6,2] 12
435:
	(28,28) 59
	[0,0] 7
434:
	(75,10) 73
	[16,2] 12
433:
	(53,53) 60
	[0,0] 7
432:
	(43,43) 60
	[0,0] 7
431:
	(43,43) 60
	[0,0] 7
430:
	(4,10) 55
	[0,0] 7
429:
	(53,53) 60
	[0,0] 7
428:
	(53,53) 60
	[0,0] 7
427:
	(57,57) 60
	[0,0] 7
426:
	(39,39) 60
	[0,0] 7
425:
	(38,38) 60
	[0,0] 7
424:
	(51,51) 60
	[0,0] 7
423:
	(43,43) 60
	[0,0] 7
422:
	(21,21) 57
	[0,0] 7
421:
	(43,43) 60
	[0,0] 7
420:
	(43,43) 60
	[0,0] 7
419:
	(39,39) 60
	[0,0] 7
418:
	(40,40) 60
	[0,0] 7
417:
	(19,19) 57
	[0,0] 7
416:
	(39,39) 60
	[0,0] 7
415:
	(39,39) 60
	[0,0] 7
414:
	(38,38) 60
	[0,0] 7
413:
	(29,29) 60
	[0,0] 7
412:
	(51,51) 59
	[0,0] 7
411:
	(53,53) 60
	[0,0] 7
410:
	(17,23) 57
	[0,0] 7
409:
	(11,12) 55
	[0,0] 7
408:
	(43,43) 60
	[0,0] 7
407:
	(29,29) 60
	[0,0] 7
406:
	(57,57) 60
	[0,0] 7
405:
	(6,6) 54
	[0,0] 8
404:
	(7,7) 55
	[0,0] 8
403:
	(78,4) 37
	[7,1] 2
402:
	(7,7) 50
	[0,0] 8
401:
	(7,7) 54
	[0,0] 8
400:
	(7,7) 55
	[0,0] 8
399:
	(7,7) 55
	[0,0] 8
398:
	(7,7) 55
	[0,0] 8
397:
	(7,7) 55
	[0,0] 8
396:
	(7,5) 61
	[0,0] 7
395:
	(7,7) 55
	[0,0] 8
394:
	(7,7) 55
	[0,0] 8
393:
	(7,7) 55
	[0,0] 8
392:
	(7,7) 55
	[0,0] 8
391:
	(2,2) 50
	[0,0] 7
920:
	(27,27) 60
	[0,0] 7
221:
	(19,28) 68
	[0,0] 7
919:
	(37,37) 61
	[0,0] 7
220:
	(17,37) 79
	[0,0] 7
219:
	(20,29) 78
	[0,0] 7
918:
	(38,38) 61
	[0,0] 7
218:
	(18,38) 89
	[0,0] 7
217:
	(20,29) 79
	[0,0] 7
917:
	(38,38) 61
	[0,0] 7
216:
	(18,38) 90
	[0,0] 7
215:
	(20,29) 79
	[0,0] 7
916:
	(38,38) 61
	[0,0] 7
214:
	(18,38) 90
	[0,0] 7
213:
	(20,29) 79
	[0,0] 7
915:
	(38,38) 61
	[0,0] 7
212:
	(18,38) 90
	[0,0] 7
211:
	(20,29) 79
	[0,0] 7
914:
	(38,38) 61
	[0,0] 7
210:
	(18,38) 90
	[0,0] 7
209:
	(20,29) 79
	[0,0] 7
913:
	(38,38) 61
	[0,0] 7
208:
	(18,38) 90
	[0,0] 7
207:
	(20,29) 79
	[0,0] 7
912:
	(38,38) 61
	[0,0] 7
206:
	(18,38) 90
	[0,0] 7
205:
	(20,29) 79
	[0,0] 7
911:
	(42,42) 61
	[0,0] 7
204:
	(18,47) 90
	[0,0] 7
203:
	(29,25) 108
	[0,0] 7
202:
	(24,28) 79
	[0,0] 7
910:
	(36,36) 61
	[0,0] 7
201:
	(18,37) 89
	[0,0] 7
200:
	(19,18) 79
	[0,0] 7
909:
	(18,18) 58
	[0,0] 7
199:
	(13,18) 84
	[0,0] 7
908:
	(11,10) 56
	[0,0] 7
198:
	(17,17) 86
	[0,0] 7
197:
	(17,17) 82
	[0,0] 7
196:
	(16,16) 82
	[0,0] 7
195:
	(17,17) 82
	[0,0] 7
194:
	(17,17) 82
	[0,0] 7
193:
	(17,17) 82
	[0,0] 7
192:
	(17,17) 82
	[0,0] 7
191:
	(17,17) 82
	[0,0] 7
190:
	(17,17) 82
	[0,0] 7
189:
	(17,17) 80
	[0,0] 7
188:
	(12,12) 64
	[0,0] 7
186:
	(10,19) 98
	[0,0] 7
185:
	(10,19) 98
	[0,0] 7
184:
	(10,19) 98
	[0,0] 7
183:
	(10,19) 98
	[0,0] 7
182:
	(10,18) 86
	[0,0] 7
187:
	(5,12) 61
	[0,0] 7
181:
	(4,10) 62
	[0,0] 7
180:
	(10,19) 98
	[0,0] 7
179:
	(10,19) 97
	[0,0] 7
178:
	(10,19) 98
	[0,0] 7
177:
	(9,23) 98
	[0,0] 7
176:
	(4,18) 93
	[0,0] 7
175:
	(10,19) 98
	[0,0] 7
174:
	(9,15) 107
	[0,0] 7
173:
	(9,15) 108
	[0,0] 7
172:
	(9,9) 108
	[0,0] 7
171:
	(9,9) 107
	[0,0] 7
170:
	(9,9) 108
	[0,0] 7
169:
	(9,9) 108
	[0,0] 7
168:
	(9,15) 108
	[0,0] 7
167:
	(9,9) 95
	[0,0] 7
166:
	(9,15) 108
	[0,0] 7
165:
	(9,15) 108
	[0,0] 7
164:
	(9,15) 108
	[0,0] 7
163:
	(9,9) 108
	[0,0] 7
162:
	(9,15) 108
	[0,0] 7
161:
	(9,9) 108
	[0,0] 7
160:
	(9,15) 108
	[0,0] 7
159:
	(8,14) 96
	[0,0] 7
158:
	(9,9) 108
	[0,0] 7
157:
	(4,4) 69
	[0,0] 7
156:
	(9,9) 108
	[0,0] 7
155:
	(7,7) 66
	[0,0] 7
895:
	(24,24) 60
	[0,0] 7
269:
	(16,24) 68
	[0,0] 7
894:
	(39,39) 61
	[0,0] 7
268:
	(16,39) 76
	[0,0] 7
267:
	(23,26) 77
	[0,0] 7
893:
	(37,37) 61
	[0,0] 7
266:
	(17,47) 86
	[0,0] 7
265:
	(30,21) 103
	[0,0] 7
264:
	(20,29) 78
	[0,0] 7
892:
	(42,42) 61
	[0,0] 7
263:
	(18,47) 89
	[0,0] 7
262:
	(29,25) 107
	[0,0] 7
261:
	(24,28) 79
	[0,0] 7
891:
	(42,42) 61
	[0,0] 7
260:
	(18,42) 89
	[0,0] 7
259:
	(24,28) 79
	[0,0] 7
890:
	(42,42) 61
	[0,0] 7
258:
	(18,42) 89
	[0,0] 7
257:
	(24,28) 79
	[0,0] 7
889:
	(42,42) 61
	[0,0] 7
256:
	(18,42) 89
	[0,0] 7
255:
	(24,28) 79
	[0,0] 7
888:
	(42,42) 61
	[0,0] 7
254:
	(18,42) 89
	[0,0] 7
253:
	(24,28) 79
	[0,0] 7
887:
	(42,42) 61
	[0,0] 7
252:
	(18,42) 89
	[0,0] 7
251:
	(24,28) 79
	[0,0] 7
886:
	(42,42) 61
	[0,0] 7
250:
	(18,42) 89
	[0,0] 7
249:
	(24,28) 79
	[0,0] 7
885:
	(28,28) 61
	[0,0] 7
248:
	(18,28) 89
	[0,0] 7
884:
	(20,20) 58
	[0,0] 7
247:
	(16,16) 82
	[0,0] 7
246:
	(17,17) 86
	[0,0] 7
245:
	(15,15) 85
	[0,0] 7
244:
	(17,17) 86
	[0,0] 7
243:
	(17,17) 72
	[0,0] 7
242:
	(17,17) 86
	[0,0] 7
241:
	(17,17) 86
	[0,0] 7
240:
	(17,17) 86
	[0,0] 7
239:
	(17,17) 86
	[0,0] 7
238:
	(17,17) 86
	[0,0] 7
236:
	(9,23) 69
	[0,0] 7
235:
	(9,23) 98
	[0,0] 7
234:
	(10,19) 97
	[0,0] 7
233:
	(7,15) 85
	[0,0] 7
232:
	(9,23) 98
	[0,0] 7
237:
	(10,19) 68
	[0,0] 7
231:
	(9,23) 98
	[0,0] 7
230:
	(9,23) 98
	[0,0] 7
229:
	(9,23) 98
	[0,0] 7
228:
	(9,23) 98
	[0,0] 7
227:
	(8,22) 95
	[0,0] 7
226:
	(9,23) 98
	[0,0] 7
225:
	(9,15) 107
	[0,0] 7
224:
	(9,15) 78
	[0,0] 7
223:
	(9,9) 107
	[0,0] 7
222:
	(9,9) 78
	[0,0] 7
883:
	(8,8) 102
	[0,0] 7
324:
	(4,7) 106
	[0,0] 7
881:
	(8,8) 105
	[0,0] 7
323:
	(4,8) 109
	[0,0] 7
322:
	(4,7) 109
	[0,0] 7
879:
	(8,8) 105
	[0,0] 7
321:
	(4,8) 112
	[0,0] 7
320:
	(4,7) 109
	[0,0] 7
877:
	(8,8) 107
	[0,0] 7
319:
	(4,8) 112
	[0,0] 7
318:
	(4,7) 111
	[0,0] 7
875:
	(10,10) 107
	[0,0] 7
317:
	(4,13) 114
	[0,0] 7
316:
	(9,7) 118
	[0,0] 7
315:
	(6,8) 111
	[0,0] 7
873:
	(10,10) 105
	[0,0] 7
314:
	(4,10) 115
	[0,0] 7
313:
	(6,8) 109
	[0,0] 7
871:
	(8,8) 105
	[0,0] 7
312:
	(4,12) 113
	[0,0] 7
311:
	(8,5) 117
	[0,0] 7
310:
	(4,7) 109
	[0,0] 7
869:
	(8,8) 105
	[0,0] 7
309:
	(4,8) 112
	[0,0] 7
308:
	(4,7) 109
	[0,0] 7
867:
	(8,8) 109
	[0,0] 7
307:
	(4,8) 112
	[0,0] 7
306:
	(4,7) 113
	[0,0] 7
865:
	(8,8) 103
	[0,0] 7
305:
	(4,8) 116
	[0,0] 7
304:
	(4,7) 107
	[0,0] 7
863:
	(8,8) 81
	[0,0] 7
303:
	(4,8) 110
	[0,0] 7
302:
	(4,7) 85
	[0,0] 7
861:
	(7,7) 81
	[0,0] 7
301:
	(4,7) 88
	[0,0] 7
847:
	(4,6) 61
	[0,0] 7
300:
	(3,3) 110
	[0,0] 7
299:
	(3,3) 112
	[0,0] 7
298:
	(3,3) 114
	[0,0] 7
297:
	(3,3) 108
	[0,0] 7
296:
	(3,3) 86
	[0,0] 7
289:
	(3,3) 107
	[0,0] 7
295:
	(3,3) 110
	[0,0] 7
294:
	(3,3) 110
	[0,0] 7
293:
	(3,3) 110
	[0,0] 7
292:
	(3,3) 112
	[0,0] 7
291:
	(3,3) 114
	[0,0] 7
290:
	(3,3) 85
	[0,0] 7
287:
	(3,5) 116
	[0,0] 7
286:
	(2,3) 90
	[0,0] 7
285:
	(3,5) 114
	[0,0] 7
284:
	(2,3) 118
	[0,0] 7
283:
	(2,3) 114
	[0,0] 7
288:
	(3,5) 64
	[0,0] 7
282:
	(2,3) 65
	[0,0] 7
281:
	(2,3) 114
	[0,0] 7
280:
	(2,3) 116
	[0,0] 7
279:
	(2,3) 114
	[0,0] 7
278:
	(2,3) 114
	[0,0] 7
277:
	(2,3) 111
	[0,0] 7
276:
	(2,3) 112
	[0,0] 7
275:
	(2,2) 119
	[0,0] 7
274:
	(2,2) 119
	[0,0] 7
273:
	(2,2) 67
	[0,0] 7
272:
	(2,2) 117
	[0,0] 7
271:
	(2,2) 117
	[0,0] 7
270:
	(2,2) 67
	[0,0] 7
859:
	(50,50) 60
	[0,0] 7
386:
	(27,42) 83
	[0,0] 7
858:
	(52,52) 61
	[0,0] 7
385:
	(25,52) 100
	[0,0] 7
384:
	(27,42) 86
	[0,0] 7
857:
	(52,52) 61
	[0,0] 7
383:
	(25,52) 103
	[0,0] 7
382:
	(27,42) 86
	[0,0] 7
856:
	(54,54) 61
	[0,0] 7
381:
	(25,54) 103
	[0,0] 7
380:
	(29,44) 86
	[0,0] 7
855:
	(56,56) 61
	[0,0] 7
379:
	(27,56) 103
	[0,0] 7
378:
	(29,44) 88
	[0,0] 7
854:
	(54,54) 61
	[0,0] 7
377:
	(27,54) 105
	[0,0] 7
376:
	(27,42) 88
	[0,0] 7
853:
	(52,52) 61
	[0,0] 7
375:
	(25,52) 105
	[0,0] 7
374:
	(27,42) 86
	[0,0] 7
852:
	(52,52) 61
	[0,0] 7
373:
	(25,52) 103
	[0,0] 7
372:
	(27,42) 86
	[0,0] 7
851:
	(56,56) 61
	[0,0] 7
371:
	(25,61) 103
	[0,0] 7
370:
	(36,32) 128
	[0,0] 7
369:
	(31,35) 86
	[0,0] 7
850:
	(50,50) 61
	[0,0] 7
368:
	(25,51) 96
	[0,0] 7
367:
	(26,25) 86
	[0,0] 7
849:
	(28,28) 61
	[0,0] 7
366:
	(20,28) 91
	[0,0] 7
848:
	(22,16) 58
	[0,0] 7
365:
	(26,26) 89
	[0,0] 7
364:
	(24,24) 89
	[0,0] 7
363:
	(24,24) 89
	[0,0] 7
362:
	(26,26) 91
	[0,0] 7
361:
	(24,24) 89
	[0,0] 7
360:
	(24,24) 91
	[0,0] 7
359:
	(24,24) 89
	[0,0] 7
358:
	(24,24) 93
	[0,0] 7
357:
	(24,24) 87
	[0,0] 7
356:
	(19,19) 70
	[0,0] 7
355:
	(22,22) 88
	[0,0] 7
353:
	(16,26) 112
	[0,0] 7
352:
	(16,28) 116
	[0,0] 7
351:
	(16,26) 112
	[0,0] 7
350:
	(16,26) 109
	[0,0] 7
349:
	(16,26) 112
	[0,0] 7
354:
	(8,23) 66
	[0,0] 7
348:
	(7,21) 67
	[0,0] 7
347:
	(16,26) 112
	[0,0] 7
346:
	(16,28) 114
	[0,0] 7
345:
	(9,30) 112
	[0,0] 7
344:
	(4,25) 107
	[0,0] 7
343:
	(16,26) 114
	[0,0] 7
342:
	(9,15) 129
	[0,0] 7
341:
	(16,16) 122
	[0,0] 7
340:
	(16,16) 122
	[0,0] 7
339:
	(16,16) 119
	[0,0] 7
338:
	(18,18) 126
	[0,0] 7
337:
	(9,15) 129
	[0,0] 7
336:
	(9,15) 131
	[0,0] 7
335:
	(18,18) 124
	[0,0] 7
334:
	(9,15) 135
	[0,0] 7
333:
	(9,15) 133
	[0,0] 7
332:
	(16,16) 124
	[0,0] 7
331:
	(15,15) 74
	[0,0] 7
330:
	(16,16) 122
	[0,0] 7
329:
	(7,7) 82
	[0,0] 7
328:
	(9,15) 129
	[0,0] 7
327:
	(16,16) 122
	[0,0] 7
326:
	(9,15) 129
	[0,0] 7
325:
	(9,15) 126
	[0,0] 7
934:
	(9,74) 74
	[2,16] 12
935:
	(8,27) 74
	[2,6] 12
390:
	(5,70) 78
	[1,15] 13
389:
	(21,7) 80
	[5,2] 13
388:
	(48,4) 100
	[10,1] 18
387:
	(21,4) 127
	[5,1] 23
987:
	(2,2) 24
	[0,0] 1
988:
	(3,10) 16
	[0,0] 1
986:
	(7,4) 19
	[0,0] 1
985:
	(4,8) 22
	[0,0] 1
984:
	(5,3) 25
	[0,0] 1
983:
	(2,3) 24
	[0,0] 1
982:
	(2,3) 28
	[0,0] 1
981:
	(2,2) 28
	[0,0] 1
980:
	(2,2) 28
	[0,0] 1
134:
	(5,5) 10
	[0,0] 1
133:
	(6,6) 10
	[0,0] 1
979:
	(3,54) 12
	[0,0] 1
978:
	(2,5) 14
	[0,0] 1
132:
	(6,6) 10
	[0,0] 1
977:
	(51,4) 15
	[0,0] 1
976:
	(3,50) 13
	[0,0] 1
975:
	(2,5) 14
	[0,0] 1
131:
	(6,6) 10
	[0,0] 1
974:
	(47,4) 16
	[0,0] 1
973:
	(3,46) 13
	[0,0] 1
972:
	(2,5) 14
	[0,0] 1
130:
	(6,6) 10
	[0,0] 1
971:
	(43,4) 16
	[0,0] 1
970:
	(3,42) 13
	[0,0] 1
969:
	(2,5) 14
	[0,0] 1
129:
	(6,6) 10
	[0,0] 1
968:
	(39,4) 16
	[0,0] 1
967:
	(3,38) 13
	[0,0] 1
966:
	(2,5) 14
	[0,0] 1
128:
	(6,6) 10
	[0,0] 1
965:
	(35,4) 16
	[0,0] 1
964:
	(3,34) 13
	[0,0] 1
963:
	(2,5) 14
	[0,0] 1
127:
	(6,6) 10
	[0,0] 1
962:
	(31,4) 16
	[0,0] 1
961:
	(3,30) 13
	[0,0] 1
960:
	(2,5) 14
	[0,0] 1
126:
	(6,6) 10
	[0,0] 1
959:
	(27,4) 16
	[0,0] 1
958:
	(3,26) 13
	[0,0] 1
957:
	(2,5) 14
	[0,0] 1
125:
	(6,6) 10
	[0,0] 1
956:
	(23,4) 16
	[0,0] 1
955:
	(3,22) 13
	[0,0] 1
954:
	(2,5) 14
	[0,0] 1
124:
	(6,6) 10
	[0,0] 1
953:
	(19,4) 16
	[0,0] 1
952:
	(3,18) 13
	[0,0] 1
951:
	(2,5) 14
	[0,0] 1
123:
	(6,6) 10
	[0,0] 1
950:
	(15,4) 16
	[0,0] 1
949:
	(3,14) 13
	[0,0] 1
948:
	(2,5) 14
	[0,0] 1
947:
	(2,2) 29
	[0,0] 1
946:
	(2,2) 33
	[0,0] 1
945:
	(2,2) 64
	[0,0] 1
944:
	(11,4) 16
	[0,0] 1
943:
	(2,2) 53
	[0,0] 1
942:
	(2,2) 45
	[0,0] 1
941:
	(2,2) 37
	[0,0] 1
940:
	(2,2) 41
	[0,0] 1
939:
	(2,2) 57
	[0,0] 1
938:
	(2,2) 61
	[0,0] 1
937:
	(2,2) 49
	[0,0] 1
936:
	(2,2) 25
	[0,0] 1

-----------------------------------
Sum of T(sa0)s: ∞
Sum of T(sa1)s: ∞
Testability index: ∞