0:
	(1,1) ∞
	[0,0] ∞
1:
	(1,1) 229
	[0,0] 34
x:
	(1,1) ∞
	[0,0] ∞
2:
	(1,1) 229
	[0,0] 34
3:
	(1,1) 236
	[0,0] 33
4:
	(1,1) 249
	[0,0] 34
5:
	(1,1) 249
	[0,0] 34
6:
	(1,1) 239
	[0,0] 34
7:
	(1,1) 239
	[0,0] 34
8:
	(1,1) 239
	[0,0] 34
9:
	(1,1) 239
	[0,0] 34
10:
	(1,1) 239
	[0,0] 34
11:
	(1,1) 239
	[0,0] 34
12:
	(1,1) 239
	[0,0] 34
13:
	(1,1) 239
	[0,0] 34
14:
	(1,1) 239
	[0,0] 34
15:
	(1,1) 239
	[0,0] 34
16:
	(1,1) 239
	[0,0] 34
17:
	(1,1) 239
	[0,0] 34
18:
	(1,1) 239
	[0,0] 34
19:
	(1,1) 239
	[0,0] 34
20:
	(1,1) 239
	[0,0] 34
21:
	(1,1) 239
	[0,0] 34
22:
	(1,1) 239
	[0,0] 34
23:
	(1,1) 239
	[0,0] 34
24:
	(1,1) 239
	[0,0] 34
25:
	(1,1) 239
	[0,0] 34
26:
	(1,1) 239
	[0,0] 34
27:
	(1,1) 239
	[0,0] 34
28:
	(1,1) 239
	[0,0] 34
29:
	(1,1) 239
	[0,0] 34
30:
	(1,1) 239
	[0,0] 34
31:
	(1,1) 239
	[0,0] 34
32:
	(1,1) 239
	[0,0] 34
33:
	(1,1) 239
	[0,0] 34
34:
	(1,1) 239
	[0,0] 34
35:
	(1,1) 239
	[0,0] 34
36:
	(1,1) 249
	[0,0] 34
37:
	(1,1) 249
	[0,0] 34
38:
	(1,1) 239
	[0,0] 34
39:
	(1,1) 239
	[0,0] 34
40:
	(1,1) 239
	[0,0] 34
41:
	(1,1) 239
	[0,0] 34
42:
	(1,1) 239
	[0,0] 34
43:
	(1,1) 239
	[0,0] 34
44:
	(1,1) 239
	[0,0] 34
45:
	(1,1) 239
	[0,0] 34
46:
	(1,1) 239
	[0,0] 34
47:
	(1,1) 239
	[0,0] 34
48:
	(1,1) 239
	[0,0] 34
49:
	(1,1) 239
	[0,0] 34
50:
	(1,1) 239
	[0,0] 34
51:
	(1,1) 239
	[0,0] 34
52:
	(1,1) 239
	[0,0] 34
53:
	(1,1) 239
	[0,0] 34
54:
	(1,1) 239
	[0,0] 34
55:
	(1,1) 239
	[0,0] 34
56:
	(1,1) 239
	[0,0] 34
57:
	(1,1) 239
	[0,0] 34
58:
	(1,1) 239
	[0,0] 34
59:
	(1,1) 239
	[0,0] 34
60:
	(1,1) 239
	[0,0] 34
61:
	(1,1) 239
	[0,0] 34
62:
	(1,1) 239
	[0,0] 34
63:
	(1,1) 239
	[0,0] 34
64:
	(1,1) 239
	[0,0] 34
65:
	(1,1) 239
	[0,0] 34
66:
	(1,1) 239
	[0,0] 34
67:
	(1,1) 239
	[0,0] 34
68:
	(1,1) 462
	[0,0] 65
69:
	(1,1) 462
	[0,0] 65
70:
	(1,1) 452
	[0,0] 65
71:
	(1,1) 452
	[0,0] 65
72:
	(1,1) 452
	[0,0] 65
73:
	(1,1) 452
	[0,0] 65
74:
	(1,1) 452
	[0,0] 65
75:
	(1,1) 452
	[0,0] 65
76:
	(1,1) 452
	[0,0] 65
77:
	(1,1) 452
	[0,0] 65
78:
	(1,1) 452
	[0,0] 65
79:
	(1,1) 452
	[0,0] 65
80:
	(1,1) 452
	[0,0] 65
81:
	(1,1) 452
	[0,0] 65
82:
	(1,1) 452
	[0,0] 65
83:
	(1,1) 452
	[0,0] 65
84:
	(1,1) 452
	[0,0] 65
85:
	(1,1) 452
	[0,0] 65
86:
	(1,1) 452
	[0,0] 65
87:
	(1,1) 452
	[0,0] 65
88:
	(1,1) 452
	[0,0] 65
89:
	(1,1) 452
	[0,0] 65
90:
	(1,1) 452
	[0,0] 65
91:
	(1,1) 452
	[0,0] 65
92:
	(1,1) 452
	[0,0] 65
93:
	(1,1) 452
	[0,0] 65
94:
	(1,1) 452
	[0,0] 65
95:
	(1,1) 452
	[0,0] 65
96:
	(1,1) 452
	[0,0] 65
97:
	(1,1) 452
	[0,0] 65
98:
	(1,1) 452
	[0,0] 65
99:
	(1,1) 452
	[0,0] 65
100:
	(1,1) 462
	[0,0] 65
101:
	(1,1) 462
	[0,0] 65
102:
	(1,1) 452
	[0,0] 65
103:
	(1,1) 452
	[0,0] 65
104:
	(1,1) 452
	[0,0] 65
105:
	(1,1) 452
	[0,0] 65
106:
	(1,1) 452
	[0,0] 65
107:
	(1,1) 452
	[0,0] 65
108:
	(1,1) 452
	[0,0] 65
109:
	(1,1) 452
	[0,0] 65
110:
	(1,1) 452
	[0,0] 65
111:
	(1,1) 452
	[0,0] 65
112:
	(1,1) 452
	[0,0] 65
113:
	(1,1) 452
	[0,0] 65
114:
	(1,1) 452
	[0,0] 65
115:
	(1,1) 452
	[0,0] 65
116:
	(1,1) 452
	[0,0] 65
117:
	(1,1) 452
	[0,0] 65
118:
	(1,1) 452
	[0,0] 65
119:
	(1,1) 452
	[0,0] 65
120:
	(1,1) 452
	[0,0] 65
121:
	(1,1) 452
	[0,0] 65
122:
	(1,1) 452
	[0,0] 65
123:
	(1,1) 452
	[0,0] 65
124:
	(1,1) 452
	[0,0] 65
125:
	(1,1) 452
	[0,0] 65
126:
	(1,1) 452
	[0,0] 65
127:
	(1,1) 452
	[0,0] 65
128:
	(1,1) 452
	[0,0] 65
129:
	(1,1) 452
	[0,0] 65
130:
	(1,1) 452
	[0,0] 65
131:
	(1,1) 452
	[0,0] 65
2920:
	(2,2) 235
	[0,0] 33
260:
	(3,664) 0
	[1,96] 0
261:
	(3,668) 0
	[1,96] 0
262:
	(3,665) 0
	[1,96] 0
263:
	(3,666) 0
	[1,96] 0
264:
	(3,665) 0
	[1,96] 0
265:
	(3,665) 0
	[1,96] 0
266:
	(3,665) 0
	[1,96] 0
267:
	(3,665) 0
	[1,96] 0
268:
	(3,665) 0
	[1,96] 0
269:
	(3,665) 0
	[1,96] 0
270:
	(3,665) 0
	[1,96] 0
271:
	(3,665) 0
	[1,96] 0
272:
	(3,665) 0
	[1,96] 0
273:
	(3,665) 0
	[1,96] 0
274:
	(3,665) 0
	[1,96] 0
275:
	(3,665) 0
	[1,96] 0
276:
	(3,665) 0
	[1,96] 0
277:
	(3,665) 0
	[1,96] 0
278:
	(3,665) 0
	[1,96] 0
279:
	(3,665) 0
	[1,96] 0
280:
	(3,665) 0
	[1,96] 0
281:
	(3,665) 0
	[1,96] 0
282:
	(3,665) 0
	[1,96] 0
283:
	(3,665) 0
	[1,96] 0
284:
	(3,665) 0
	[1,96] 0
285:
	(3,665) 0
	[1,96] 0
286:
	(3,665) 0
	[1,96] 0
287:
	(3,665) 0
	[1,96] 0
288:
	(3,665) 0
	[1,96] 0
289:
	(3,665) 0
	[1,96] 0
290:
	(3,665) 0
	[1,96] 0
291:
	(3,665) 0
	[1,96] 0
292:
	(3,670) 0
	[1,96] 0
293:
	(3,670) 0
	[1,96] 0
294:
	(3,665) 0
	[1,96] 0
295:
	(3,665) 0
	[1,96] 0
296:
	(3,665) 0
	[1,96] 0
297:
	(3,665) 0
	[1,96] 0
298:
	(3,665) 0
	[1,96] 0
299:
	(3,665) 0
	[1,96] 0
300:
	(3,665) 0
	[1,96] 0
301:
	(3,665) 0
	[1,96] 0
302:
	(3,665) 0
	[1,96] 0
303:
	(3,665) 0
	[1,96] 0
304:
	(3,665) 0
	[1,96] 0
305:
	(3,665) 0
	[1,96] 0
306:
	(3,665) 0
	[1,96] 0
307:
	(3,665) 0
	[1,96] 0
308:
	(3,665) 0
	[1,96] 0
309:
	(3,665) 0
	[1,96] 0
310:
	(3,665) 0
	[1,96] 0
311:
	(3,665) 0
	[1,96] 0
312:
	(3,665) 0
	[1,96] 0
313:
	(3,665) 0
	[1,96] 0
314:
	(3,665) 0
	[1,96] 0
315:
	(3,665) 0
	[1,96] 0
316:
	(3,665) 0
	[1,96] 0
317:
	(3,665) 0
	[1,96] 0
318:
	(3,665) 0
	[1,96] 0
319:
	(3,665) 0
	[1,96] 0
320:
	(3,665) 0
	[1,96] 0
321:
	(3,665) 0
	[1,96] 0
322:
	(3,665) 0
	[1,96] 0
323:
	(3,665) 0
	[1,96] 0
324:
	(3,10) 227
	[1,2] 31
325:
	(3,25) 212
	[1,4] 29
326:
	(3,53) 184
	[1,8] 25
327:
	(3,106) 131
	[1,16] 17
132:
	(3,226) 0
	[1,33] 0
133:
	(3,226) 0
	[1,33] 0
134:
	(3,226) 0
	[1,33] 0
135:
	(3,226) 0
	[1,33] 0
136:
	(3,226) 0
	[1,33] 0
137:
	(3,226) 0
	[1,33] 0
138:
	(3,226) 0
	[1,33] 0
139:
	(3,226) 0
	[1,33] 0
140:
	(3,226) 0
	[1,33] 0
141:
	(3,226) 0
	[1,33] 0
142:
	(3,226) 0
	[1,33] 0
143:
	(3,226) 0
	[1,33] 0
144:
	(3,226) 0
	[1,33] 0
145:
	(3,226) 0
	[1,33] 0
146:
	(3,226) 0
	[1,33] 0
147:
	(3,226) 0
	[1,33] 0
148:
	(3,226) 0
	[1,33] 0
149:
	(3,226) 0
	[1,33] 0
150:
	(3,226) 0
	[1,33] 0
151:
	(3,226) 0
	[1,33] 0
152:
	(3,226) 0
	[1,33] 0
153:
	(3,226) 0
	[1,33] 0
154:
	(3,226) 0
	[1,33] 0
155:
	(3,226) 0
	[1,33] 0
156:
	(3,226) 0
	[1,33] 0
157:
	(3,226) 0
	[1,33] 0
158:
	(3,226) 0
	[1,33] 0
159:
	(3,226) 0
	[1,33] 0
160:
	(3,226) 0
	[1,33] 0
161:
	(3,226) 0
	[1,33] 0
162:
	(3,226) 0
	[1,33] 0
163:
	(3,226) 0
	[1,33] 0
164:
	(3,226) 0
	[1,33] 0
165:
	(3,226) 0
	[1,33] 0
166:
	(3,226) 0
	[1,33] 0
167:
	(3,226) 0
	[1,33] 0
168:
	(3,226) 0
	[1,33] 0
169:
	(3,226) 0
	[1,33] 0
170:
	(3,226) 0
	[1,33] 0
171:
	(3,226) 0
	[1,33] 0
172:
	(3,226) 0
	[1,33] 0
173:
	(3,226) 0
	[1,33] 0
174:
	(3,226) 0
	[1,33] 0
175:
	(3,226) 0
	[1,33] 0
176:
	(3,226) 0
	[1,33] 0
177:
	(3,226) 0
	[1,33] 0
178:
	(3,226) 0
	[1,33] 0
179:
	(3,226) 0
	[1,33] 0
180:
	(3,226) 0
	[1,33] 0
181:
	(3,226) 0
	[1,33] 0
182:
	(3,226) 0
	[1,33] 0
183:
	(3,226) 0
	[1,33] 0
184:
	(3,226) 0
	[1,33] 0
185:
	(3,226) 0
	[1,33] 0
186:
	(3,226) 0
	[1,33] 0
187:
	(3,226) 0
	[1,33] 0
188:
	(3,226) 0
	[1,33] 0
189:
	(3,226) 0
	[1,33] 0
190:
	(3,226) 0
	[1,33] 0
191:
	(3,226) 0
	[1,33] 0
192:
	(3,226) 0
	[1,33] 0
193:
	(3,226) 0
	[1,33] 0
194:
	(3,226) 0
	[1,33] 0
195:
	(3,226) 0
	[1,33] 0
196:
	(3,439) 0
	[1,64] 0
197:
	(3,439) 0
	[1,64] 0
198:
	(3,439) 0
	[1,64] 0
199:
	(3,439) 0
	[1,64] 0
200:
	(3,439) 0
	[1,64] 0
201:
	(3,439) 0
	[1,64] 0
202:
	(3,439) 0
	[1,64] 0
203:
	(3,439) 0
	[1,64] 0
204:
	(3,439) 0
	[1,64] 0
205:
	(3,439) 0
	[1,64] 0
206:
	(3,439) 0
	[1,64] 0
207:
	(3,439) 0
	[1,64] 0
208:
	(3,439) 0
	[1,64] 0
209:
	(3,439) 0
	[1,64] 0
210:
	(3,439) 0
	[1,64] 0
211:
	(3,439) 0
	[1,64] 0
212:
	(3,439) 0
	[1,64] 0
213:
	(3,439) 0
	[1,64] 0
214:
	(3,439) 0
	[1,64] 0
215:
	(3,439) 0
	[1,64] 0
216:
	(3,439) 0
	[1,64] 0
217:
	(3,439) 0
	[1,64] 0
218:
	(3,439) 0
	[1,64] 0
219:
	(3,439) 0
	[1,64] 0
220:
	(3,439) 0
	[1,64] 0
221:
	(3,439) 0
	[1,64] 0
222:
	(3,439) 0
	[1,64] 0
223:
	(3,439) 0
	[1,64] 0
224:
	(3,439) 0
	[1,64] 0
225:
	(3,439) 0
	[1,64] 0
226:
	(3,439) 0
	[1,64] 0
227:
	(3,439) 0
	[1,64] 0
228:
	(3,439) 0
	[1,64] 0
229:
	(3,439) 0
	[1,64] 0
230:
	(3,439) 0
	[1,64] 0
231:
	(3,439) 0
	[1,64] 0
232:
	(3,439) 0
	[1,64] 0
233:
	(3,439) 0
	[1,64] 0
234:
	(3,439) 0
	[1,64] 0
235:
	(3,439) 0
	[1,64] 0
236:
	(3,439) 0
	[1,64] 0
237:
	(3,439) 0
	[1,64] 0
238:
	(3,439) 0
	[1,64] 0
239:
	(3,439) 0
	[1,64] 0
240:
	(3,439) 0
	[1,64] 0
241:
	(3,439) 0
	[1,64] 0
242:
	(3,439) 0
	[1,64] 0
243:
	(3,439) 0
	[1,64] 0
244:
	(3,439) 0
	[1,64] 0
245:
	(3,439) 0
	[1,64] 0
246:
	(3,439) 0
	[1,64] 0
247:
	(3,439) 0
	[1,64] 0
248:
	(3,439) 0
	[1,64] 0
249:
	(3,439) 0
	[1,64] 0
250:
	(3,439) 0
	[1,64] 0
251:
	(3,439) 0
	[1,64] 0
252:
	(3,439) 0
	[1,64] 0
253:
	(3,439) 0
	[1,64] 0
254:
	(3,439) 0
	[1,64] 0
255:
	(3,439) 0
	[1,64] 0
256:
	(3,439) 0
	[1,64] 0
257:
	(3,439) 0
	[1,64] 0
258:
	(3,439) 0
	[1,64] 0
259:
	(3,439) 0
	[1,64] 0
328:
	(3,9) 458
	[1,1] 65
329:
	(3,9) 458
	[1,1] 65
330:
	(3,9) 458
	[1,1] 65
331:
	(3,9) 452
	[1,1] 65
332:
	(3,9) 452
	[1,1] 65
333:
	(3,9) 452
	[1,1] 65
334:
	(3,9) 458
	[1,1] 65
335:
	(3,9) 452
	[1,1] 65
336:
	(3,9) 458
	[1,1] 65
337:
	(3,9) 458
	[1,1] 65
338:
	(3,9) 458
	[1,1] 65
339:
	(3,9) 458
	[1,1] 65
340:
	(3,9) 452
	[1,1] 65
341:
	(3,9) 452
	[1,1] 65
342:
	(3,9) 452
	[1,1] 65
343:
	(3,9) 458
	[1,1] 65
344:
	(3,9) 452
	[1,1] 65
345:
	(3,9) 458
	[1,1] 65
346:
	(3,9) 458
	[1,1] 65
347:
	(3,9) 452
	[1,1] 65
348:
	(3,9) 458
	[1,1] 65
349:
	(3,9) 452
	[1,1] 65
350:
	(3,9) 458
	[1,1] 65
351:
	(3,9) 452
	[1,1] 65
352:
	(3,9) 458
	[1,1] 65
353:
	(3,9) 452
	[1,1] 65
354:
	(3,9) 458
	[1,1] 65
355:
	(3,9) 452
	[1,1] 65
356:
	(3,9) 458
	[1,1] 65
357:
	(3,9) 458
	[1,1] 65
358:
	(3,9) 458
	[1,1] 65
359:
	(3,9) 458
	[1,1] 65
360:
	(3,9) 248
	[1,1] 34
361:
	(3,9) 248
	[1,1] 34
362:
	(3,9) 237
	[1,1] 33
363:
	(3,9) 237
	[1,1] 33
364:
	(3,9) 237
	[1,1] 33
365:
	(3,9) 237
	[1,1] 33
366:
	(3,9) 237
	[1,1] 33
367:
	(3,9) 237
	[1,1] 33
368:
	(3,9) 237
	[1,1] 33
369:
	(3,9) 237
	[1,1] 33
370:
	(3,9) 237
	[1,1] 33
371:
	(3,9) 237
	[1,1] 33
372:
	(3,9) 237
	[1,1] 33
373:
	(3,9) 237
	[1,1] 33
374:
	(3,9) 237
	[1,1] 33
375:
	(3,9) 237
	[1,1] 33
376:
	(3,9) 237
	[1,1] 33
377:
	(3,9) 237
	[1,1] 33
378:
	(3,9) 237
	[1,1] 33
379:
	(3,9) 237
	[1,1] 33
380:
	(3,9) 237
	[1,1] 33
381:
	(3,9) 237
	[1,1] 33
382:
	(3,9) 237
	[1,1] 33
383:
	(3,9) 237
	[1,1] 33
384:
	(3,9) 237
	[1,1] 33
385:
	(3,9) 237
	[1,1] 33
386:
	(3,9) 237
	[1,1] 33
387:
	(3,9) 237
	[1,1] 33
388:
	(3,9) 237
	[1,1] 33
389:
	(3,9) 237
	[1,1] 33
390:
	(3,9) 237
	[1,1] 33
391:
	(3,9) 237
	[1,1] 33
392:
	(3,212) 234
	[1,32] 32
393:
	(3,429) 234
	[1,64] 32
2919:
	(20,436) 3
	[0,63] 1
2918:
	(20,436) 3
	[0,63] 1
2917:
	(20,436) 3
	[0,63] 1
2916:
	(20,662) 3
	[0,95] 1
2915:
	(20,436) 3
	[0,63] 1
2914:
	(20,662) 3
	[0,95] 1
2913:
	(20,436) 3
	[0,63] 1
2912:
	(20,662) 3
	[0,95] 1
2911:
	(22,436) 3
	[0,63] 1
2910:
	(22,436) 3
	[0,63] 1
2909:
	(20,436) 3
	[0,63] 1
2908:
	(20,436) 3
	[0,63] 1
2907:
	(20,662) 3
	[0,95] 1
2906:
	(20,436) 3
	[0,63] 1
2905:
	(20,662) 3
	[0,95] 1
2904:
	(20,436) 3
	[0,63] 1
2903:
	(20,662) 3
	[0,95] 1
2902:
	(20,662) 3
	[0,95] 1
2901:
	(20,436) 3
	[0,63] 1
2900:
	(20,662) 3
	[0,95] 1
2899:
	(20,436) 3
	[0,63] 1
2898:
	(20,436) 3
	[0,63] 1
2897:
	(20,662) 3
	[0,95] 1
2896:
	(20,436) 3
	[0,63] 1
2895:
	(20,436) 3
	[0,63] 1
2894:
	(20,662) 3
	[0,95] 1
2893:
	(20,436) 3
	[0,63] 1
2892:
	(20,662) 3
	[0,95] 1
2891:
	(20,436) 3
	[0,63] 1
2890:
	(20,662) 3
	[0,95] 1
2889:
	(20,436) 3
	[0,63] 1
2888:
	(20,662) 3
	[0,95] 1
2887:
	(22,436) 3
	[0,63] 1
2886:
	(20,662) 3
	[0,95] 1
2885:
	(20,436) 3
	[0,63] 1
2884:
	(20,662) 3
	[0,95] 1
2883:
	(20,436) 3
	[0,63] 1
2882:
	(20,436) 3
	[0,63] 1
2881:
	(20,662) 3
	[0,95] 1
2880:
	(20,436) 3
	[0,63] 1
2879:
	(20,436) 3
	[0,63] 1
2878:
	(20,662) 3
	[0,95] 1
2877:
	(20,662) 3
	[0,95] 1
2876:
	(20,436) 3
	[0,63] 1
2875:
	(20,436) 3
	[0,63] 1
2874:
	(20,436) 3
	[0,63] 1
2873:
	(20,436) 3
	[0,63] 1
2872:
	(20,436) 3
	[0,63] 1
2871:
	(20,436) 3
	[0,63] 1
2870:
	(20,436) 3
	[0,63] 1
2869:
	(20,436) 3
	[0,63] 1
2868:
	(20,436) 3
	[0,63] 1
2867:
	(20,436) 3
	[0,63] 1
2866:
	(20,436) 3
	[0,63] 1
2865:
	(20,662) 3
	[0,95] 1
2864:
	(20,662) 3
	[0,95] 1
2863:
	(20,662) 3
	[0,95] 1
2862:
	(20,662) 3
	[0,95] 1
2861:
	(20,662) 3
	[0,95] 1
2860:
	(20,662) 3
	[0,95] 1
2859:
	(20,662) 3
	[0,95] 1
2858:
	(20,662) 3
	[0,95] 1
2857:
	(20,662) 3
	[0,95] 1
2856:
	(20,662) 3
	[0,95] 1
2855:
	(20,662) 3
	[0,95] 1
2854:
	(20,662) 3
	[0,95] 1
2853:
	(20,662) 3
	[0,95] 1
2852:
	(20,662) 3
	[0,95] 1
2851:
	(20,662) 3
	[0,95] 1
2850:
	(20,662) 3
	[0,95] 1
2849:
	(20,662) 3
	[0,95] 1
2848:
	(20,662) 3
	[0,95] 1
2847:
	(20,662) 3
	[0,95] 1
2846:
	(20,662) 3
	[0,95] 1
2845:
	(20,662) 3
	[0,95] 1
2844:
	(22,667) 3
	[0,95] 1
2843:
	(22,667) 3
	[0,95] 1
2842:
	(20,662) 3
	[0,95] 1
2841:
	(20,662) 3
	[0,95] 1
2840:
	(22,436) 3
	[0,63] 1
2839:
	(20,436) 3
	[0,63] 1
2838:
	(20,662) 3
	[0,95] 1
2837:
	(20,436) 3
	[0,63] 1
2836:
	(20,436) 3
	[0,63] 1
2835:
	(22,665) 3
	[0,95] 1
2834:
	(20,436) 3
	[0,63] 1
2833:
	(20,662) 3
	[0,95] 1
2832:
	(20,436) 3
	[0,63] 1
2831:
	(20,436) 3
	[0,63] 1
2830:
	(20,436) 3
	[0,63] 1
2829:
	(20,662) 3
	[0,95] 1
2828:
	(20,662) 3
	[0,95] 1
2827:
	(20,436) 3
	[0,63] 1
2826:
	(20,662) 3
	[0,95] 1
2825:
	(20,436) 3
	[0,63] 1
2824:
	(20,436) 3
	[0,63] 1
2823:
	(20,662) 3
	[0,95] 1
2822:
	(20,662) 3
	[0,95] 1
2821:
	(20,436) 3
	[0,63] 1
2820:
	(20,436) 3
	[0,63] 1
2819:
	(20,662) 3
	[0,95] 1
2818:
	(20,436) 3
	[0,63] 1
2817:
	(20,436) 3
	[0,63] 1
2816:
	(20,662) 3
	[0,95] 1
2815:
	(20,436) 3
	[0,63] 1
2814:
	(20,662) 3
	[0,95] 1
2813:
	(20,436) 3
	[0,63] 1
2812:
	(22,661) 3
	[0,95] 1
2811:
	(20,436) 3
	[0,63] 1
2810:
	(20,662) 3
	[0,95] 1
2809:
	(20,436) 3
	[0,63] 1
2808:
	(20,663) 3
	[0,95] 1
2807:
	(20,436) 3
	[0,63] 1
2806:
	(20,662) 3
	[0,95] 1
2805:
	(20,436) 3
	[0,63] 1
2804:
	(20,662) 3
	[0,95] 1
2803:
	(20,436) 3
	[0,63] 1
2802:
	(20,662) 3
	[0,95] 1
2801:
	(20,436) 3
	[0,63] 1
2800:
	(20,436) 3
	[0,63] 1
2799:
	(20,662) 3
	[0,95] 1
2798:
	(20,436) 3
	[0,63] 1
2797:
	(20,662) 3
	[0,95] 1
2796:
	(20,662) 3
	[0,95] 1
2795:
	(20,436) 3
	[0,63] 1
2794:
	(20,436) 3
	[0,63] 1
2793:
	(20,436) 3
	[0,63] 1
2792:
	(20,662) 3
	[0,95] 1
2791:
	(20,223) 3
	[0,32] 1
2790:
	(22,223) 3
	[0,32] 1
2789:
	(20,223) 3
	[0,32] 1
2788:
	(20,223) 3
	[0,32] 1
2787:
	(20,223) 3
	[0,32] 1
2786:
	(20,223) 3
	[0,32] 1
2785:
	(20,223) 3
	[0,32] 1
2784:
	(20,223) 3
	[0,32] 1
2783:
	(20,223) 3
	[0,32] 1
2782:
	(20,223) 3
	[0,32] 1
2781:
	(20,223) 3
	[0,32] 1
2780:
	(20,223) 3
	[0,32] 1
2779:
	(20,223) 3
	[0,32] 1
2778:
	(20,223) 3
	[0,32] 1
2777:
	(20,223) 3
	[0,32] 1
2776:
	(20,223) 3
	[0,32] 1
2775:
	(20,223) 3
	[0,32] 1
2774:
	(20,223) 3
	[0,32] 1
2773:
	(20,223) 3
	[0,32] 1
2772:
	(20,223) 3
	[0,32] 1
2771:
	(20,223) 3
	[0,32] 1
2770:
	(20,223) 3
	[0,32] 1
2769:
	(20,223) 3
	[0,32] 1
2768:
	(20,223) 3
	[0,32] 1
2767:
	(20,223) 3
	[0,32] 1
2766:
	(20,223) 3
	[0,32] 1
2765:
	(20,223) 3
	[0,32] 1
2764:
	(20,223) 3
	[0,32] 1
2763:
	(20,223) 3
	[0,32] 1
2762:
	(20,223) 3
	[0,32] 1
2761:
	(20,223) 3
	[0,32] 1
2760:
	(20,223) 3
	[0,32] 1
2759:
	(22,223) 3
	[0,32] 1
2758:
	(22,223) 3
	[0,32] 1
2757:
	(20,223) 3
	[0,32] 1
2756:
	(20,223) 3
	[0,32] 1
2755:
	(20,223) 3
	[0,32] 1
2754:
	(20,223) 3
	[0,32] 1
2753:
	(20,223) 3
	[0,32] 1
2752:
	(20,223) 3
	[0,32] 1
2751:
	(20,223) 3
	[0,32] 1
2750:
	(20,223) 3
	[0,32] 1
2749:
	(20,223) 3
	[0,32] 1
2748:
	(20,223) 3
	[0,32] 1
2747:
	(20,223) 3
	[0,32] 1
2746:
	(20,223) 3
	[0,32] 1
2745:
	(20,223) 3
	[0,32] 1
2744:
	(20,223) 3
	[0,32] 1
2743:
	(22,223) 3
	[0,32] 1
2742:
	(20,223) 3
	[0,32] 1
2741:
	(20,223) 3
	[0,32] 1
2740:
	(20,223) 3
	[0,32] 1
2739:
	(20,223) 3
	[0,32] 1
2738:
	(20,223) 3
	[0,32] 1
2737:
	(20,223) 3
	[0,32] 1
2736:
	(20,223) 3
	[0,32] 1
2735:
	(20,223) 3
	[0,32] 1
2734:
	(20,223) 3
	[0,32] 1
2733:
	(20,223) 3
	[0,32] 1
2732:
	(20,223) 3
	[0,32] 1
2731:
	(20,223) 3
	[0,32] 1
2730:
	(20,223) 3
	[0,32] 1
2729:
	(20,223) 3
	[0,32] 1
2728:
	(20,223) 3
	[0,32] 1
2727:
	(14,661) 9
	[0,95] 1
2726:
	(14,435) 9
	[0,63] 1
2725:
	(14,435) 9
	[0,63] 1
2724:
	(14,435) 9
	[0,63] 1
2723:
	(14,435) 9
	[0,63] 1
2722:
	(14,661) 9
	[0,95] 1
2721:
	(16,435) 9
	[0,63] 1
2720:
	(16,435) 9
	[0,63] 1
2719:
	(14,661) 9
	[0,95] 1
2718:
	(14,435) 9
	[0,63] 1
2717:
	(14,661) 9
	[0,95] 1
2716:
	(14,661) 9
	[0,95] 1
2715:
	(14,435) 9
	[0,63] 1
2714:
	(14,435) 9
	[0,63] 1
2713:
	(14,661) 9
	[0,95] 1
2712:
	(14,661) 9
	[0,95] 1
2711:
	(14,435) 9
	[0,63] 1
2710:
	(14,435) 9
	[0,63] 1
2709:
	(14,661) 9
	[0,95] 1
2708:
	(14,435) 9
	[0,63] 1
2707:
	(14,661) 9
	[0,95] 1
2706:
	(14,435) 9
	[0,63] 1
2705:
	(14,661) 9
	[0,95] 1
2704:
	(14,435) 9
	[0,63] 1
2703:
	(14,435) 9
	[0,63] 1
2702:
	(14,661) 9
	[0,95] 1
2701:
	(14,661) 9
	[0,95] 1
2700:
	(14,435) 9
	[0,63] 1
2699:
	(14,435) 9
	[0,63] 1
2698:
	(14,661) 9
	[0,95] 1
2697:
	(14,435) 9
	[0,63] 1
2696:
	(14,435) 9
	[0,63] 1
2695:
	(16,435) 9
	[0,63] 1
2694:
	(14,661) 9
	[0,95] 1
2693:
	(14,435) 9
	[0,63] 1
2692:
	(14,661) 9
	[0,95] 1
2691:
	(14,435) 9
	[0,63] 1
2690:
	(14,435) 9
	[0,63] 1
2689:
	(14,661) 9
	[0,95] 1
2688:
	(14,435) 9
	[0,63] 1
2687:
	(14,435) 9
	[0,63] 1
2686:
	(14,661) 9
	[0,95] 1
2685:
	(14,435) 9
	[0,63] 1
2684:
	(14,435) 9
	[0,63] 1
2683:
	(14,661) 9
	[0,95] 1
2682:
	(14,435) 9
	[0,63] 1
2681:
	(14,435) 9
	[0,63] 1
2680:
	(14,661) 9
	[0,95] 1
2679:
	(14,435) 9
	[0,63] 1
2678:
	(14,435) 9
	[0,63] 1
2677:
	(14,435) 9
	[0,63] 1
2676:
	(14,661) 9
	[0,95] 1
2675:
	(14,435) 9
	[0,63] 1
2674:
	(14,435) 9
	[0,63] 1
2673:
	(14,435) 9
	[0,63] 1
2672:
	(14,435) 9
	[0,63] 1
2671:
	(14,661) 9
	[0,95] 1
2670:
	(14,661) 9
	[0,95] 1
2669:
	(14,661) 9
	[0,95] 1
2668:
	(14,661) 9
	[0,95] 1
2667:
	(14,661) 9
	[0,95] 1
2666:
	(14,661) 9
	[0,95] 1
2665:
	(14,661) 9
	[0,95] 1
2664:
	(14,661) 9
	[0,95] 1
2663:
	(14,661) 9
	[0,95] 1
2662:
	(14,661) 9
	[0,95] 1
2661:
	(14,661) 9
	[0,95] 1
2660:
	(14,661) 9
	[0,95] 1
2659:
	(14,661) 9
	[0,95] 1
2658:
	(14,661) 9
	[0,95] 1
2657:
	(14,661) 9
	[0,95] 1
2656:
	(14,661) 9
	[0,95] 1
2655:
	(14,661) 9
	[0,95] 1
2654:
	(14,661) 9
	[0,95] 1
2653:
	(14,661) 9
	[0,95] 1
2652:
	(14,661) 9
	[0,95] 1
2651:
	(16,666) 9
	[0,95] 1
2650:
	(16,666) 9
	[0,95] 1
2649:
	(14,661) 9
	[0,95] 1
2648:
	(14,661) 9
	[0,95] 1
2647:
	(14,435) 9
	[0,63] 1
2646:
	(16,435) 9
	[0,63] 1
2645:
	(14,435) 9
	[0,63] 1
2644:
	(16,664) 9
	[0,95] 1
2643:
	(14,435) 9
	[0,63] 1
2642:
	(14,661) 9
	[0,95] 1
2641:
	(14,435) 9
	[0,63] 1
2640:
	(14,661) 9
	[0,95] 1
2639:
	(14,435) 9
	[0,63] 1
2638:
	(14,661) 9
	[0,95] 1
2637:
	(14,435) 9
	[0,63] 1
2636:
	(14,435) 9
	[0,63] 1
2635:
	(14,661) 9
	[0,95] 1
2634:
	(14,435) 9
	[0,63] 1
2633:
	(16,660) 9
	[0,95] 1
2632:
	(14,435) 9
	[0,63] 1
2631:
	(14,661) 9
	[0,95] 1
2630:
	(14,435) 9
	[0,63] 1
2629:
	(14,435) 9
	[0,63] 1
2628:
	(14,661) 9
	[0,95] 1
2627:
	(14,435) 9
	[0,63] 1
2626:
	(14,661) 9
	[0,95] 1
2625:
	(14,661) 9
	[0,95] 1
2624:
	(14,435) 9
	[0,63] 1
2623:
	(14,435) 9
	[0,63] 1
2622:
	(14,661) 9
	[0,95] 1
2621:
	(14,435) 9
	[0,63] 1
2620:
	(14,662) 9
	[0,95] 1
2619:
	(14,435) 9
	[0,63] 1
2618:
	(14,435) 9
	[0,63] 1
2617:
	(14,661) 9
	[0,95] 1
2616:
	(14,435) 9
	[0,63] 1
2615:
	(14,435) 9
	[0,63] 1
2614:
	(14,661) 9
	[0,95] 1
2613:
	(14,435) 9
	[0,63] 1
2612:
	(14,661) 9
	[0,95] 1
2611:
	(14,435) 9
	[0,63] 1
2610:
	(14,661) 9
	[0,95] 1
2609:
	(14,435) 9
	[0,63] 1
2608:
	(14,435) 9
	[0,63] 1
2607:
	(14,661) 9
	[0,95] 1
2606:
	(14,435) 9
	[0,63] 1
2605:
	(14,661) 9
	[0,95] 1
2604:
	(14,435) 9
	[0,63] 1
2603:
	(14,661) 9
	[0,95] 1
2602:
	(14,435) 9
	[0,63] 1
2601:
	(14,435) 9
	[0,63] 1
2600:
	(14,661) 9
	[0,95] 1
2599:
	(5,452) 18
	[0,65] 1
2598:
	(5,678) 18
	[0,97] 1
2597:
	(5,452) 18
	[0,65] 1
2596:
	(5,678) 18
	[0,97] 1
2595:
	(5,452) 18
	[0,65] 1
2594:
	(5,678) 18
	[0,97] 1
2593:
	(5,452) 18
	[0,65] 1
2592:
	(5,452) 20
	[0,65] 1
2591:
	(5,678) 18
	[0,97] 1
2590:
	(5,452) 20
	[0,65] 1
2589:
	(5,452) 18
	[0,65] 1
2588:
	(5,678) 18
	[0,97] 1
2587:
	(5,452) 18
	[0,65] 1
2586:
	(5,452) 18
	[0,65] 1
2585:
	(5,678) 18
	[0,97] 1
2584:
	(5,452) 18
	[0,65] 1
2583:
	(5,452) 18
	[0,65] 1
2582:
	(5,678) 18
	[0,97] 1
2581:
	(5,452) 18
	[0,65] 1
2580:
	(5,452) 18
	[0,65] 1
2579:
	(5,678) 18
	[0,97] 1
2578:
	(5,452) 18
	[0,65] 1
2577:
	(5,452) 18
	[0,65] 1
2576:
	(5,678) 18
	[0,97] 1
2575:
	(5,452) 18
	[0,65] 1
2574:
	(5,452) 18
	[0,65] 1
2573:
	(5,678) 18
	[0,97] 1
2572:
	(5,452) 18
	[0,65] 1
2571:
	(5,452) 18
	[0,65] 1
2570:
	(5,678) 18
	[0,97] 1
2569:
	(5,452) 18
	[0,65] 1
2568:
	(5,452) 18
	[0,65] 1
2567:
	(5,678) 18
	[0,97] 1
2566:
	(5,452) 18
	[0,65] 1
2565:
	(5,678) 18
	[0,97] 1
2564:
	(5,452) 18
	[0,65] 1
2563:
	(5,678) 18
	[0,97] 1
2562:
	(5,452) 18
	[0,65] 1
2561:
	(5,452) 18
	[0,65] 1
2560:
	(5,452) 18
	[0,65] 1
2559:
	(5,678) 18
	[0,97] 1
2558:
	(5,452) 18
	[0,65] 1
2557:
	(5,678) 18
	[0,97] 1
2556:
	(5,452) 18
	[0,65] 1
2555:
	(5,241) 20
	[0,34] 1
2554:
	(5,452) 18
	[0,65] 1
2553:
	(5,452) 18
	[0,65] 1
2552:
	(5,452) 18
	[0,65] 1
2551:
	(5,452) 18
	[0,65] 1
2550:
	(5,241) 20
	[0,34] 1
2549:
	(5,452) 18
	[0,65] 1
2548:
	(5,678) 18
	[0,97] 1
2547:
	(5,452) 18
	[0,65] 1
2546:
	(5,241) 18
	[0,34] 1
2545:
	(5,452) 18
	[0,65] 1
2544:
	(5,241) 18
	[0,34] 1
2543:
	(5,678) 18
	[0,97] 1
2542:
	(5,241) 18
	[0,34] 1
2541:
	(5,241) 18
	[0,34] 1
2540:
	(5,678) 18
	[0,97] 1
2539:
	(5,241) 18
	[0,34] 1
2538:
	(5,241) 18
	[0,34] 1
2537:
	(5,241) 18
	[0,34] 1
2536:
	(5,241) 18
	[0,34] 1
2535:
	(5,678) 18
	[0,97] 1
2534:
	(5,241) 18
	[0,34] 1
2533:
	(5,241) 18
	[0,34] 1
2532:
	(5,678) 18
	[0,97] 1
2531:
	(5,241) 18
	[0,34] 1
2530:
	(5,241) 18
	[0,34] 1
2529:
	(5,678) 18
	[0,97] 1
2528:
	(5,241) 18
	[0,34] 1
2527:
	(5,241) 18
	[0,34] 1
2526:
	(5,241) 18
	[0,34] 1
2525:
	(5,241) 18
	[0,34] 1
2524:
	(5,678) 18
	[0,97] 1
2523:
	(5,241) 18
	[0,34] 1
2522:
	(5,678) 18
	[0,97] 1
2521:
	(5,241) 18
	[0,34] 1
2520:
	(5,241) 18
	[0,34] 1
2519:
	(5,241) 18
	[0,34] 1
2518:
	(5,678) 18
	[0,97] 1
2517:
	(5,241) 18
	[0,34] 1
2516:
	(5,241) 18
	[0,34] 1
2515:
	(5,241) 18
	[0,34] 1
2514:
	(5,678) 18
	[0,97] 1
2513:
	(5,241) 18
	[0,34] 1
2512:
	(5,241) 18
	[0,34] 1
2511:
	(5,678) 18
	[0,97] 1
2510:
	(5,241) 18
	[0,34] 1
2509:
	(5,241) 18
	[0,34] 1
2508:
	(5,241) 18
	[0,34] 1
2507:
	(5,678) 18
	[0,97] 1
2506:
	(5,241) 18
	[0,34] 1
2505:
	(5,241) 18
	[0,34] 1
2504:
	(5,678) 18
	[0,97] 1
2503:
	(5,241) 20
	[0,34] 1
2502:
	(5,241) 20
	[0,34] 1
2501:
	(5,241) 18
	[0,34] 1
2500:
	(5,678) 18
	[0,97] 1
2499:
	(5,241) 18
	[0,34] 1
2498:
	(5,241) 18
	[0,34] 1
2497:
	(5,241) 18
	[0,34] 1
2496:
	(5,241) 18
	[0,34] 1
2495:
	(5,677) 20
	[0,97] 1
2494:
	(5,241) 18
	[0,34] 1
2493:
	(5,678) 18
	[0,97] 1
2492:
	(5,241) 18
	[0,34] 1
2491:
	(5,678) 18
	[0,97] 1
2490:
	(5,241) 18
	[0,34] 1
2489:
	(5,241) 18
	[0,34] 1
2488:
	(5,241) 18
	[0,34] 1
2487:
	(5,678) 18
	[0,97] 1
2486:
	(5,241) 18
	[0,34] 1
2485:
	(5,241) 18
	[0,34] 1
2484:
	(5,678) 18
	[0,97] 1
2483:
	(5,241) 18
	[0,34] 1
2482:
	(5,241) 18
	[0,34] 1
2481:
	(5,241) 18
	[0,34] 1
2480:
	(5,241) 18
	[0,34] 1
2479:
	(5,678) 18
	[0,97] 1
2478:
	(5,241) 18
	[0,34] 1
2477:
	(5,241) 18
	[0,34] 1
2476:
	(5,452) 18
	[0,65] 1
2475:
	(5,241) 18
	[0,34] 1
2474:
	(5,241) 18
	[0,34] 1
2473:
	(5,241) 18
	[0,34] 1
2472:
	(5,241) 18
	[0,34] 1
2471:
	(5,678) 18
	[0,97] 1
2470:
	(5,678) 18
	[0,97] 1
2469:
	(5,241) 18
	[0,34] 1
2468:
	(5,241) 18
	[0,34] 1
2467:
	(5,241) 18
	[0,34] 1
2466:
	(5,683) 20
	[0,97] 1
2465:
	(5,241) 18
	[0,34] 1
2464:
	(5,678) 18
	[0,97] 1
2463:
	(5,241) 18
	[0,34] 1
2462:
	(5,683) 20
	[0,97] 1
2461:
	(5,241) 18
	[0,34] 1
2460:
	(5,241) 18
	[0,34] 1
2459:
	(5,678) 18
	[0,97] 1
2458:
	(5,241) 18
	[0,34] 1
2457:
	(5,452) 20
	[0,65] 1
2456:
	(5,678) 18
	[0,97] 1
2455:
	(5,452) 20
	[0,65] 1
2454:
	(5,678) 18
	[0,97] 1
2453:
	(5,452) 18
	[0,65] 1
2452:
	(5,452) 18
	[0,65] 1
2451:
	(5,452) 18
	[0,65] 1
2450:
	(5,678) 18
	[0,97] 1
2449:
	(5,452) 18
	[0,65] 1
2448:
	(5,681) 20
	[0,97] 1
2447:
	(5,678) 18
	[0,97] 1
2446:
	(5,452) 18
	[0,65] 1
2445:
	(5,452) 18
	[0,65] 1
2444:
	(5,678) 18
	[0,97] 1
2443:
	(5,452) 18
	[0,65] 1
2442:
	(5,452) 18
	[0,65] 1
2441:
	(5,678) 18
	[0,97] 1
2440:
	(5,452) 18
	[0,65] 1
2439:
	(5,678) 18
	[0,97] 1
2438:
	(5,452) 18
	[0,65] 1
2437:
	(5,678) 18
	[0,97] 1
2436:
	(5,452) 18
	[0,65] 1
2435:
	(5,678) 18
	[0,97] 1
2434:
	(5,452) 18
	[0,65] 1
2433:
	(5,452) 18
	[0,65] 1
2432:
	(5,678) 18
	[0,97] 1
2431:
	(5,452) 18
	[0,65] 1
2430:
	(5,452) 18
	[0,65] 1
2429:
	(5,678) 18
	[0,97] 1
2428:
	(5,679) 18
	[0,97] 1
2427:
	(5,452) 18
	[0,65] 1
2426:
	(5,452) 18
	[0,65] 1
2425:
	(5,678) 18
	[0,97] 1
2424:
	(5,452) 18
	[0,65] 1
2423:
	(5,678) 18
	[0,97] 1
2422:
	(5,452) 18
	[0,65] 1
2421:
	(5,678) 18
	[0,97] 1
2420:
	(5,452) 18
	[0,65] 1
2419:
	(5,678) 18
	[0,97] 1
2418:
	(5,452) 18
	[0,65] 1
2417:
	(5,452) 18
	[0,65] 1
2416:
	(5,678) 18
	[0,97] 1
2415:
	(5,452) 18
	[0,65] 1
2414:
	(5,678) 18
	[0,97] 1
2413:
	(5,452) 18
	[0,65] 1
2412:
	(5,678) 18
	[0,97] 1
2411:
	(5,452) 18
	[0,65] 1
2410:
	(5,678) 18
	[0,97] 1
2409:
	(5,452) 18
	[0,65] 1
2408:
	(5,678) 18
	[0,97] 1
2407:
	(7,434) 16
	[0,63] 1
2406:
	(7,660) 16
	[0,95] 1
2405:
	(7,434) 16
	[0,63] 1
2404:
	(7,434) 16
	[0,63] 1
2403:
	(7,660) 16
	[0,95] 1
2402:
	(7,660) 16
	[0,95] 1
2401:
	(7,434) 16
	[0,63] 1
2400:
	(7,660) 16
	[0,95] 1
2399:
	(7,434) 18
	[0,63] 1
2398:
	(7,660) 16
	[0,95] 1
2397:
	(7,434) 18
	[0,63] 1
2396:
	(7,434) 16
	[0,63] 1
2395:
	(7,434) 16
	[0,63] 1
2394:
	(7,660) 16
	[0,95] 1
2393:
	(7,434) 16
	[0,63] 1
2392:
	(7,660) 16
	[0,95] 1
2391:
	(7,434) 16
	[0,63] 1
2390:
	(7,660) 16
	[0,95] 1
2389:
	(7,434) 16
	[0,63] 1
2388:
	(7,434) 16
	[0,63] 1
2387:
	(7,660) 16
	[0,95] 1
2386:
	(7,660) 16
	[0,95] 1
2385:
	(7,434) 16
	[0,63] 1
2384:
	(7,660) 16
	[0,95] 1
2383:
	(7,434) 16
	[0,63] 1
2382:
	(7,434) 16
	[0,63] 1
2381:
	(7,434) 16
	[0,63] 1
2380:
	(7,660) 16
	[0,95] 1
2379:
	(7,434) 16
	[0,63] 1
2378:
	(7,434) 16
	[0,63] 1
2377:
	(7,434) 16
	[0,63] 1
2376:
	(7,660) 16
	[0,95] 1
2375:
	(7,434) 16
	[0,63] 1
2374:
	(7,660) 16
	[0,95] 1
2373:
	(7,434) 16
	[0,63] 1
2372:
	(7,660) 16
	[0,95] 1
2371:
	(7,660) 16
	[0,95] 1
2370:
	(7,434) 16
	[0,63] 1
2369:
	(7,434) 16
	[0,63] 1
2368:
	(7,660) 16
	[0,95] 1
2367:
	(7,434) 16
	[0,63] 1
2366:
	(7,660) 16
	[0,95] 1
2365:
	(7,434) 16
	[0,63] 1
2364:
	(7,434) 16
	[0,63] 1
2363:
	(7,660) 16
	[0,95] 1
2362:
	(7,434) 16
	[0,63] 1
2361:
	(7,434) 16
	[0,63] 1
2360:
	(7,434) 16
	[0,63] 1
2359:
	(7,434) 16
	[0,63] 1
2358:
	(7,434) 16
	[0,63] 1
2357:
	(7,434) 16
	[0,63] 1
2356:
	(7,660) 16
	[0,95] 1
2355:
	(7,434) 16
	[0,63] 1
2354:
	(7,434) 16
	[0,63] 1
2353:
	(7,434) 16
	[0,63] 1
2352:
	(7,434) 16
	[0,63] 1
2351:
	(7,660) 16
	[0,95] 1
2350:
	(7,660) 16
	[0,95] 1
2349:
	(7,660) 16
	[0,95] 1
2348:
	(7,660) 16
	[0,95] 1
2347:
	(7,660) 16
	[0,95] 1
2346:
	(7,660) 16
	[0,95] 1
2345:
	(7,660) 16
	[0,95] 1
2344:
	(7,660) 16
	[0,95] 1
2343:
	(7,660) 16
	[0,95] 1
2342:
	(7,660) 16
	[0,95] 1
2341:
	(7,660) 16
	[0,95] 1
2340:
	(7,660) 16
	[0,95] 1
2339:
	(7,660) 16
	[0,95] 1
2338:
	(7,660) 16
	[0,95] 1
2337:
	(7,660) 16
	[0,95] 1
2336:
	(7,660) 16
	[0,95] 1
2335:
	(7,660) 16
	[0,95] 1
2334:
	(7,660) 16
	[0,95] 1
2333:
	(7,660) 16
	[0,95] 1
2332:
	(7,659) 18
	[0,95] 1
2331:
	(7,660) 16
	[0,95] 1
2330:
	(7,660) 16
	[0,95] 1
2329:
	(7,665) 18
	[0,95] 1
2328:
	(7,665) 18
	[0,95] 1
2327:
	(7,434) 18
	[0,63] 1
2326:
	(7,660) 16
	[0,95] 1
2325:
	(7,434) 18
	[0,63] 1
2324:
	(7,660) 16
	[0,95] 1
2323:
	(7,434) 16
	[0,63] 1
2322:
	(7,434) 16
	[0,63] 1
2321:
	(7,660) 16
	[0,95] 1
2320:
	(7,660) 16
	[0,95] 1
2319:
	(7,434) 16
	[0,63] 1
2318:
	(7,434) 16
	[0,63] 1
2317:
	(7,434) 16
	[0,63] 1
2316:
	(7,660) 16
	[0,95] 1
2315:
	(7,663) 18
	[0,95] 1
2314:
	(7,434) 16
	[0,63] 1
2313:
	(7,660) 16
	[0,95] 1
2312:
	(7,434) 16
	[0,63] 1
2311:
	(7,434) 16
	[0,63] 1
2310:
	(7,660) 16
	[0,95] 1
2309:
	(7,434) 16
	[0,63] 1
2308:
	(7,434) 16
	[0,63] 1
2307:
	(7,660) 16
	[0,95] 1
2306:
	(7,434) 16
	[0,63] 1
2305:
	(7,660) 16
	[0,95] 1
2304:
	(7,434) 16
	[0,63] 1
2303:
	(7,660) 16
	[0,95] 1
2302:
	(7,660) 16
	[0,95] 1
2301:
	(7,434) 16
	[0,63] 1
2300:
	(7,434) 16
	[0,63] 1
2299:
	(7,434) 16
	[0,63] 1
2298:
	(7,660) 16
	[0,95] 1
2297:
	(7,660) 16
	[0,95] 1
2296:
	(7,434) 16
	[0,63] 1
2295:
	(7,434) 16
	[0,63] 1
2294:
	(7,660) 16
	[0,95] 1
2293:
	(7,434) 16
	[0,63] 1
2292:
	(7,434) 16
	[0,63] 1
2291:
	(7,660) 16
	[0,95] 1
2290:
	(7,661) 16
	[0,95] 1
2289:
	(7,434) 16
	[0,63] 1
2288:
	(7,660) 16
	[0,95] 1
2287:
	(7,434) 16
	[0,63] 1
2286:
	(7,660) 16
	[0,95] 1
2285:
	(7,434) 16
	[0,63] 1
2284:
	(7,660) 16
	[0,95] 1
2283:
	(7,434) 16
	[0,63] 1
2282:
	(7,434) 16
	[0,63] 1
2281:
	(7,434) 16
	[0,63] 1
2280:
	(7,434) 16
	[0,63] 1
2279:
	(16,222) 9
	[0,32] 1
2278:
	(16,222) 9
	[0,32] 1
2277:
	(14,222) 9
	[0,32] 1
2276:
	(14,222) 9
	[0,32] 1
2275:
	(14,222) 9
	[0,32] 1
2274:
	(14,222) 9
	[0,32] 1
2273:
	(14,222) 9
	[0,32] 1
2272:
	(14,222) 9
	[0,32] 1
2271:
	(14,222) 9
	[0,32] 1
2270:
	(14,222) 9
	[0,32] 1
2269:
	(14,222) 9
	[0,32] 1
2268:
	(14,222) 9
	[0,32] 1
2267:
	(14,222) 9
	[0,32] 1
2266:
	(14,222) 9
	[0,32] 1
2265:
	(14,222) 9
	[0,32] 1
2264:
	(14,222) 9
	[0,32] 1
2263:
	(14,222) 9
	[0,32] 1
2262:
	(14,222) 9
	[0,32] 1
2261:
	(14,222) 9
	[0,32] 1
2260:
	(14,222) 9
	[0,32] 1
2259:
	(14,222) 9
	[0,32] 1
2258:
	(14,222) 9
	[0,32] 1
2257:
	(14,222) 9
	[0,32] 1
2256:
	(14,222) 9
	[0,32] 1
2255:
	(14,222) 9
	[0,32] 1
2254:
	(14,222) 9
	[0,32] 1
2253:
	(14,222) 9
	[0,32] 1
2252:
	(14,222) 9
	[0,32] 1
2251:
	(14,222) 9
	[0,32] 1
2250:
	(14,222) 9
	[0,32] 1
2249:
	(14,222) 9
	[0,32] 1
2248:
	(14,222) 9
	[0,32] 1
2247:
	(16,222) 9
	[0,32] 1
2246:
	(16,222) 9
	[0,32] 1
2245:
	(14,222) 9
	[0,32] 1
2244:
	(14,222) 9
	[0,32] 1
2243:
	(14,222) 9
	[0,32] 1
2242:
	(14,222) 9
	[0,32] 1
2241:
	(14,222) 9
	[0,32] 1
2240:
	(14,222) 9
	[0,32] 1
2239:
	(14,222) 9
	[0,32] 1
2238:
	(14,222) 9
	[0,32] 1
2237:
	(14,222) 9
	[0,32] 1
2236:
	(14,222) 9
	[0,32] 1
2235:
	(14,222) 9
	[0,32] 1
2234:
	(14,222) 9
	[0,32] 1
2233:
	(14,222) 9
	[0,32] 1
2232:
	(14,222) 9
	[0,32] 1
2231:
	(14,222) 9
	[0,32] 1
2230:
	(14,222) 9
	[0,32] 1
2229:
	(14,222) 9
	[0,32] 1
2228:
	(14,222) 9
	[0,32] 1
2227:
	(14,222) 9
	[0,32] 1
2226:
	(14,222) 9
	[0,32] 1
2225:
	(14,222) 9
	[0,32] 1
2224:
	(14,222) 9
	[0,32] 1
2223:
	(14,222) 9
	[0,32] 1
2222:
	(14,222) 9
	[0,32] 1
2221:
	(14,222) 9
	[0,32] 1
2220:
	(14,222) 9
	[0,32] 1
2219:
	(14,222) 9
	[0,32] 1
2218:
	(14,222) 9
	[0,32] 1
2217:
	(14,222) 9
	[0,32] 1
2216:
	(14,222) 9
	[0,32] 1
2215:
	(6,867) 17
	[0,128] 1
2214:
	(7,221) 18
	[0,32] 1
2213:
	(7,221) 18
	[0,32] 1
2212:
	(7,221) 16
	[0,32] 1
2211:
	(7,221) 16
	[0,32] 1
2210:
	(7,221) 16
	[0,32] 1
2209:
	(7,221) 16
	[0,32] 1
2208:
	(7,221) 16
	[0,32] 1
2207:
	(7,221) 16
	[0,32] 1
2206:
	(7,221) 16
	[0,32] 1
2205:
	(7,221) 16
	[0,32] 1
2204:
	(7,221) 16
	[0,32] 1
2203:
	(7,221) 16
	[0,32] 1
2202:
	(7,221) 16
	[0,32] 1
2201:
	(7,221) 16
	[0,32] 1
2200:
	(7,221) 16
	[0,32] 1
2199:
	(7,221) 16
	[0,32] 1
2198:
	(7,221) 16
	[0,32] 1
2197:
	(7,221) 16
	[0,32] 1
2196:
	(7,221) 16
	[0,32] 1
2195:
	(7,221) 16
	[0,32] 1
2194:
	(7,221) 16
	[0,32] 1
2193:
	(7,221) 16
	[0,32] 1
2192:
	(7,221) 16
	[0,32] 1
2191:
	(7,221) 16
	[0,32] 1
2190:
	(7,221) 16
	[0,32] 1
2189:
	(7,221) 16
	[0,32] 1
2188:
	(7,221) 16
	[0,32] 1
2187:
	(7,221) 16
	[0,32] 1
2186:
	(7,221) 16
	[0,32] 1
2185:
	(7,221) 16
	[0,32] 1
2184:
	(7,221) 16
	[0,32] 1
2183:
	(7,221) 16
	[0,32] 1
2182:
	(7,221) 18
	[0,32] 1
2181:
	(7,221) 18
	[0,32] 1
2180:
	(7,221) 16
	[0,32] 1
2179:
	(7,221) 16
	[0,32] 1
2178:
	(7,221) 16
	[0,32] 1
2177:
	(7,221) 16
	[0,32] 1
2176:
	(7,221) 16
	[0,32] 1
2175:
	(7,221) 16
	[0,32] 1
2174:
	(7,221) 16
	[0,32] 1
2173:
	(7,221) 16
	[0,32] 1
2172:
	(7,221) 16
	[0,32] 1
2171:
	(7,221) 16
	[0,32] 1
2170:
	(7,221) 16
	[0,32] 1
2169:
	(7,221) 16
	[0,32] 1
2168:
	(7,221) 16
	[0,32] 1
2167:
	(7,221) 16
	[0,32] 1
2166:
	(7,221) 16
	[0,32] 1
2165:
	(7,221) 16
	[0,32] 1
2164:
	(7,221) 16
	[0,32] 1
2163:
	(7,221) 16
	[0,32] 1
2162:
	(7,221) 16
	[0,32] 1
2161:
	(7,221) 16
	[0,32] 1
2160:
	(7,221) 16
	[0,32] 1
2159:
	(7,221) 16
	[0,32] 1
2158:
	(7,221) 16
	[0,32] 1
2157:
	(7,221) 16
	[0,32] 1
2156:
	(7,221) 16
	[0,32] 1
2155:
	(7,221) 16
	[0,32] 1
2154:
	(7,221) 16
	[0,32] 1
2153:
	(7,221) 16
	[0,32] 1
2152:
	(7,221) 16
	[0,32] 1
2151:
	(7,221) 16
	[0,32] 1
2150:
	(6,867) 17
	[0,128] 1
2149:
	(6,867) 17
	[0,128] 1
2148:
	(6,867) 17
	[0,128] 1
2147:
	(6,867) 17
	[0,128] 1
2146:
	(6,867) 17
	[0,128] 1
2145:
	(6,867) 17
	[0,128] 1
2144:
	(8,868) 17
	[0,128] 1
2143:
	(6,867) 17
	[0,128] 1
2142:
	(6,867) 17
	[0,128] 1
2141:
	(6,867) 17
	[0,128] 1
2140:
	(6,867) 17
	[0,128] 1
2139:
	(6,867) 17
	[0,128] 1
2138:
	(6,867) 17
	[0,128] 1
2137:
	(6,867) 17
	[0,128] 1
2136:
	(6,867) 17
	[0,128] 1
2135:
	(6,867) 17
	[0,128] 1
2134:
	(6,867) 17
	[0,128] 1
2133:
	(6,867) 17
	[0,128] 1
2132:
	(6,867) 17
	[0,128] 1
2131:
	(6,867) 17
	[0,128] 1
2130:
	(6,867) 17
	[0,128] 1
2129:
	(6,867) 17
	[0,128] 1
2128:
	(6,867) 17
	[0,128] 1
2127:
	(6,867) 17
	[0,128] 1
2126:
	(6,867) 17
	[0,128] 1
2125:
	(6,867) 17
	[0,128] 1
2124:
	(8,868) 17
	[0,128] 1
2123:
	(6,867) 17
	[0,128] 1
2122:
	(6,867) 17
	[0,128] 1
2121:
	(6,867) 17
	[0,128] 1
2120:
	(6,867) 17
	[0,128] 1
2119:
	(6,867) 17
	[0,128] 1
2118:
	(6,867) 17
	[0,128] 1
2117:
	(6,867) 17
	[0,128] 1
2116:
	(6,867) 17
	[0,128] 1
2115:
	(6,867) 17
	[0,128] 1
2114:
	(6,867) 17
	[0,128] 1
2113:
	(6,867) 17
	[0,128] 1
2112:
	(6,867) 17
	[0,128] 1
2111:
	(8,868) 17
	[0,128] 1
2110:
	(6,867) 17
	[0,128] 1
2109:
	(6,867) 17
	[0,128] 1
2108:
	(8,868) 17
	[0,128] 1
2107:
	(6,867) 17
	[0,128] 1
2106:
	(6,867) 17
	[0,128] 1
2105:
	(6,867) 17
	[0,128] 1
2104:
	(6,867) 17
	[0,128] 1
2103:
	(6,867) 17
	[0,128] 1
2102:
	(6,867) 17
	[0,128] 1
2101:
	(6,867) 17
	[0,128] 1
2100:
	(6,867) 17
	[0,128] 1
2099:
	(6,867) 17
	[0,128] 1
2098:
	(6,867) 17
	[0,128] 1
2097:
	(6,867) 17
	[0,128] 1
2096:
	(6,867) 17
	[0,128] 1
2095:
	(6,867) 17
	[0,128] 1
2094:
	(6,867) 17
	[0,128] 1
2093:
	(6,867) 17
	[0,128] 1
2092:
	(6,867) 17
	[0,128] 1
2091:
	(6,867) 17
	[0,128] 1
2090:
	(6,867) 17
	[0,128] 1
2089:
	(6,867) 17
	[0,128] 1
2088:
	(6,867) 17
	[0,128] 1
2087:
	(6,867) 17
	[0,128] 1
2086:
	(6,867) 17
	[0,128] 1
2085:
	(6,867) 17
	[0,128] 1
2084:
	(6,867) 17
	[0,128] 1
2083:
	(6,867) 17
	[0,128] 1
2082:
	(6,867) 17
	[0,128] 1
2081:
	(6,867) 17
	[0,128] 1
2080:
	(6,867) 17
	[0,128] 1
2079:
	(6,867) 17
	[0,128] 1
2078:
	(6,867) 17
	[0,128] 1
2077:
	(6,867) 17
	[0,128] 1
2076:
	(6,867) 17
	[0,128] 1
2075:
	(6,867) 17
	[0,128] 1
2074:
	(6,867) 17
	[0,128] 1
2073:
	(6,867) 17
	[0,128] 1
2072:
	(6,867) 17
	[0,128] 1
2071:
	(6,867) 17
	[0,128] 1
2070:
	(6,867) 17
	[0,128] 1
2069:
	(6,867) 17
	[0,128] 1
2068:
	(6,867) 17
	[0,128] 1
2067:
	(6,867) 17
	[0,128] 1
2066:
	(6,867) 17
	[0,128] 1
2065:
	(6,867) 17
	[0,128] 1
2064:
	(6,867) 17
	[0,128] 1
2063:
	(6,867) 17
	[0,128] 1
2062:
	(6,867) 17
	[0,128] 1
2061:
	(6,867) 17
	[0,128] 1
2060:
	(6,867) 17
	[0,128] 1
2059:
	(6,867) 17
	[0,128] 1
2058:
	(6,867) 17
	[0,128] 1
2057:
	(6,867) 17
	[0,128] 1
2056:
	(8,868) 17
	[0,128] 1
2055:
	(6,867) 17
	[0,128] 1
2054:
	(8,868) 17
	[0,128] 1
2053:
	(6,867) 17
	[0,128] 1
2052:
	(6,867) 17
	[0,128] 1
2051:
	(6,867) 17
	[0,128] 1
2050:
	(6,867) 17
	[0,128] 1
2049:
	(6,867) 17
	[0,128] 1
2048:
	(6,867) 17
	[0,128] 1
2047:
	(6,867) 17
	[0,128] 1
2046:
	(6,867) 17
	[0,128] 1
2045:
	(6,867) 17
	[0,128] 1
2044:
	(6,867) 17
	[0,128] 1
2043:
	(6,867) 17
	[0,128] 1
2042:
	(6,867) 17
	[0,128] 1
2041:
	(6,867) 17
	[0,128] 1
2040:
	(6,867) 17
	[0,128] 1
2039:
	(6,867) 17
	[0,128] 1
2038:
	(6,867) 17
	[0,128] 1
2037:
	(6,867) 17
	[0,128] 1
2036:
	(6,867) 17
	[0,128] 1
2035:
	(6,867) 17
	[0,128] 1
2034:
	(6,867) 17
	[0,128] 1
2033:
	(6,867) 17
	[0,128] 1
2032:
	(6,867) 17
	[0,128] 1
2031:
	(6,867) 17
	[0,128] 1
2030:
	(6,867) 17
	[0,128] 1
2029:
	(6,867) 17
	[0,128] 1
2028:
	(6,867) 17
	[0,128] 1
2027:
	(6,867) 17
	[0,128] 1
2026:
	(6,867) 17
	[0,128] 1
2025:
	(6,867) 17
	[0,128] 1
2024:
	(6,867) 17
	[0,128] 1
2023:
	(6,867) 17
	[0,128] 1
2022:
	(6,867) 17
	[0,128] 1
2021:
	(6,867) 17
	[0,128] 1
2020:
	(6,867) 17
	[0,128] 1
2019:
	(6,867) 17
	[0,128] 1
2018:
	(6,867) 17
	[0,128] 1
2017:
	(6,867) 17
	[0,128] 1
2016:
	(8,868) 17
	[0,128] 1
2015:
	(6,867) 17
	[0,128] 1
2014:
	(6,867) 17
	[0,128] 1
2013:
	(8,868) 17
	[0,128] 1
2012:
	(8,868) 17
	[0,128] 1
2011:
	(6,867) 17
	[0,128] 1
2010:
	(6,867) 17
	[0,128] 1
2009:
	(6,867) 17
	[0,128] 1
2008:
	(6,867) 17
	[0,128] 1
2007:
	(6,867) 17
	[0,128] 1
2006:
	(8,868) 17
	[0,128] 1
2005:
	(6,867) 17
	[0,128] 1
2004:
	(6,867) 17
	[0,128] 1
2003:
	(8,868) 17
	[0,128] 1
2002:
	(6,867) 17
	[0,128] 1
2001:
	(6,867) 17
	[0,128] 1
2000:
	(6,867) 17
	[0,128] 1
1999:
	(6,867) 17
	[0,128] 1
1998:
	(6,867) 17
	[0,128] 1
1997:
	(6,867) 17
	[0,128] 1
1996:
	(6,867) 17
	[0,128] 1
1995:
	(6,867) 17
	[0,128] 1
1994:
	(6,867) 17
	[0,128] 1
1993:
	(6,867) 17
	[0,128] 1
1992:
	(8,868) 17
	[0,128] 1
1991:
	(6,867) 17
	[0,128] 1
1990:
	(6,867) 17
	[0,128] 1
1989:
	(6,867) 17
	[0,128] 1
1988:
	(6,867) 17
	[0,128] 1
1987:
	(6,867) 17
	[0,128] 1
1986:
	(6,867) 17
	[0,128] 1
1985:
	(6,867) 17
	[0,128] 1
1984:
	(6,867) 17
	[0,128] 1
1983:
	(6,867) 17
	[0,128] 1
1982:
	(6,867) 17
	[0,128] 1
1981:
	(6,867) 17
	[0,128] 1
1980:
	(6,867) 17
	[0,128] 1
1979:
	(6,867) 17
	[0,128] 1
1978:
	(6,867) 17
	[0,128] 1
1977:
	(6,867) 17
	[0,128] 1
1880:
	(6,867) 17
	[0,128] 1
1879:
	(6,867) 17
	[0,128] 1
1878:
	(6,867) 17
	[0,128] 1
1877:
	(6,867) 17
	[0,128] 1
1876:
	(6,867) 17
	[0,128] 1
1875:
	(6,867) 17
	[0,128] 1
1874:
	(6,867) 17
	[0,128] 1
1873:
	(6,867) 17
	[0,128] 1
1872:
	(6,867) 17
	[0,128] 1
1871:
	(6,867) 17
	[0,128] 1
1870:
	(6,867) 17
	[0,128] 1
1869:
	(6,867) 17
	[0,128] 1
1868:
	(6,867) 17
	[0,128] 1
1867:
	(6,867) 17
	[0,128] 1
1866:
	(6,867) 17
	[0,128] 1
1865:
	(6,867) 17
	[0,128] 1
1864:
	(6,867) 17
	[0,128] 1
1863:
	(430,6) 20
	[63,0] 1
1862:
	(654,6) 22
	[95,0] 1
1861:
	(430,6) 20
	[63,0] 1
1860:
	(654,6) 22
	[95,0] 1
1859:
	(430,6) 20
	[63,0] 1
1858:
	(654,6) 22
	[95,0] 1
1857:
	(430,6) 20
	[63,0] 1
1856:
	(430,6) 20
	[63,0] 1
1855:
	(654,6) 22
	[95,0] 1
1854:
	(654,6) 22
	[95,0] 1
1853:
	(430,6) 20
	[63,0] 1
1852:
	(430,6) 20
	[63,0] 1
1851:
	(654,6) 22
	[95,0] 1
1850:
	(654,6) 22
	[95,0] 1
1849:
	(654,6) 22
	[95,0] 1
1848:
	(430,6) 20
	[63,0] 1
1847:
	(430,6) 20
	[63,0] 1
1846:
	(654,6) 22
	[95,0] 1
1845:
	(654,6) 22
	[95,0] 1
1844:
	(430,6) 20
	[63,0] 1
1843:
	(430,6) 20
	[63,0] 1
1842:
	(430,6) 20
	[63,0] 1
1841:
	(654,6) 22
	[95,0] 1
1840:
	(430,6) 20
	[63,0] 1
1839:
	(430,6) 20
	[63,0] 1
1838:
	(654,6) 22
	[95,0] 1
1837:
	(430,6) 20
	[63,0] 1
1836:
	(430,6) 20
	[63,0] 1
1835:
	(654,6) 22
	[95,0] 1
1834:
	(430,6) 22
	[63,0] 1
1833:
	(654,6) 22
	[95,0] 1
1832:
	(430,6) 20
	[63,0] 1
1831:
	(430,6) 20
	[63,0] 1
1830:
	(654,6) 22
	[95,0] 1
1829:
	(654,6) 22
	[95,0] 1
1828:
	(430,6) 20
	[63,0] 1
1827:
	(430,6) 22
	[63,0] 1
1826:
	(430,6) 20
	[63,0] 1
1825:
	(654,6) 22
	[95,0] 1
1824:
	(430,6) 20
	[63,0] 1
1823:
	(430,6) 20
	[63,0] 1
1822:
	(654,6) 22
	[95,0] 1
1821:
	(430,6) 20
	[63,0] 1
1820:
	(430,6) 20
	[63,0] 1
1819:
	(430,6) 20
	[63,0] 1
1818:
	(430,6) 20
	[63,0] 1
1817:
	(430,6) 20
	[63,0] 1
1816:
	(430,6) 20
	[63,0] 1
1815:
	(430,6) 20
	[63,0] 1
1814:
	(654,6) 22
	[95,0] 1
1813:
	(654,6) 22
	[95,0] 1
1812:
	(654,6) 22
	[95,0] 1
1811:
	(654,6) 22
	[95,0] 1
1810:
	(654,6) 22
	[95,0] 1
1809:
	(654,6) 22
	[95,0] 1
1808:
	(654,6) 22
	[95,0] 1
1807:
	(654,6) 22
	[95,0] 1
1806:
	(654,6) 22
	[95,0] 1
1805:
	(430,6) 20
	[63,0] 1
1804:
	(654,6) 22
	[95,0] 1
1803:
	(430,6) 20
	[63,0] 1
1802:
	(654,6) 22
	[95,0] 1
1801:
	(654,6) 22
	[95,0] 1
1800:
	(430,6) 20
	[63,0] 1
1799:
	(654,6) 22
	[95,0] 1
1798:
	(654,6) 22
	[95,0] 1
1797:
	(654,6) 22
	[95,0] 1
1796:
	(654,6) 22
	[95,0] 1
1795:
	(430,6) 20
	[63,0] 1
1794:
	(654,6) 22
	[95,0] 1
1793:
	(654,6) 22
	[95,0] 1
1792:
	(654,6) 22
	[95,0] 1
1791:
	(654,6) 22
	[95,0] 1
1790:
	(654,6) 22
	[95,0] 1
1789:
	(654,6) 22
	[95,0] 1
1788:
	(654,6) 22
	[95,0] 1
1787:
	(430,6) 20
	[63,0] 1
1786:
	(654,6) 22
	[95,0] 1
1785:
	(654,6) 29
	[95,0] 1
1784:
	(654,6) 29
	[95,0] 1
1783:
	(654,6) 22
	[95,0] 1
1782:
	(430,6) 22
	[63,0] 1
1781:
	(654,6) 22
	[95,0] 1
1780:
	(430,6) 22
	[63,0] 1
1779:
	(430,6) 20
	[63,0] 1
1778:
	(430,6) 20
	[63,0] 1
1777:
	(430,6) 20
	[63,0] 1
1776:
	(654,6) 22
	[95,0] 1
1775:
	(654,6) 22
	[95,0] 1
1774:
	(430,6) 20
	[63,0] 1
1773:
	(430,6) 20
	[63,0] 1
1772:
	(430,6) 20
	[63,0] 1
1771:
	(654,6) 22
	[95,0] 1
1770:
	(654,6) 22
	[95,0] 1
1769:
	(652,6) 25
	[95,0] 1
1768:
	(430,6) 20
	[63,0] 1
1767:
	(430,6) 20
	[63,0] 1
1766:
	(430,6) 20
	[63,0] 1
1765:
	(430,6) 20
	[63,0] 1
1764:
	(653,6) 28
	[95,0] 1
1763:
	(430,6) 20
	[63,0] 1
1762:
	(654,6) 22
	[95,0] 1
1761:
	(430,6) 20
	[63,0] 1
1760:
	(430,6) 20
	[63,0] 1
1759:
	(654,6) 22
	[95,0] 1
1758:
	(654,6) 22
	[95,0] 1
1757:
	(430,6) 20
	[63,0] 1
1756:
	(654,6) 22
	[95,0] 1
1755:
	(430,6) 20
	[63,0] 1
1754:
	(430,6) 20
	[63,0] 1
1753:
	(654,6) 22
	[95,0] 1
1752:
	(655,6) 22
	[95,0] 1
1751:
	(430,6) 20
	[63,0] 1
1750:
	(654,6) 22
	[95,0] 1
1749:
	(430,6) 20
	[63,0] 1
1748:
	(654,6) 22
	[95,0] 1
1747:
	(654,6) 22
	[95,0] 1
1746:
	(430,6) 20
	[63,0] 1
1745:
	(430,6) 20
	[63,0] 1
1744:
	(654,6) 22
	[95,0] 1
1743:
	(430,6) 20
	[63,0] 1
1742:
	(430,6) 20
	[63,0] 1
1741:
	(430,6) 20
	[63,0] 1
1740:
	(430,6) 20
	[63,0] 1
1739:
	(654,6) 22
	[95,0] 1
1738:
	(430,6) 20
	[63,0] 1
1737:
	(654,6) 22
	[95,0] 1
1736:
	(430,6) 20
	[63,0] 1
1976:
	(13,12) 246
	[1,0] 34
1975:
	(11,13) 459
	[1,0] 65
1974:
	(11,13) 685
	[1,0] 97
1973:
	(11,13) 685
	[1,0] 97
1972:
	(11,13) 459
	[1,0] 65
1971:
	(11,13) 461
	[1,0] 65
1970:
	(11,13) 685
	[1,0] 97
1969:
	(11,13) 685
	[1,0] 97
1968:
	(13,12) 248
	[1,0] 34
1967:
	(11,13) 459
	[1,0] 65
1966:
	(13,12) 246
	[1,0] 34
1965:
	(13,12) 246
	[1,0] 34
1964:
	(11,13) 685
	[1,0] 97
1963:
	(13,12) 246
	[1,0] 34
1962:
	(13,12) 246
	[1,0] 34
1961:
	(11,13) 685
	[1,0] 97
1960:
	(13,12) 246
	[1,0] 34
1959:
	(13,12) 246
	[1,0] 34
1958:
	(11,13) 685
	[1,0] 97
1957:
	(13,12) 246
	[1,0] 34
1956:
	(13,12) 246
	[1,0] 34
1955:
	(13,12) 246
	[1,0] 34
1954:
	(11,13) 685
	[1,0] 97
1953:
	(13,12) 246
	[1,0] 34
1952:
	(13,12) 246
	[1,0] 34
1951:
	(13,12) 246
	[1,0] 34
1950:
	(11,13) 685
	[1,0] 97
1949:
	(11,13) 685
	[1,0] 97
1948:
	(13,12) 246
	[1,0] 34
1947:
	(13,12) 246
	[1,0] 34
1946:
	(11,13) 685
	[1,0] 97
1945:
	(13,12) 246
	[1,0] 34
1944:
	(13,12) 246
	[1,0] 34
1943:
	(13,12) 246
	[1,0] 34
1942:
	(11,13) 685
	[1,0] 97
1941:
	(13,12) 246
	[1,0] 34
1940:
	(13,12) 246
	[1,0] 34
1939:
	(11,13) 685
	[1,0] 97
1938:
	(13,12) 246
	[1,0] 34
1937:
	(13,12) 246
	[1,0] 34
1936:
	(11,13) 459
	[1,0] 65
1935:
	(13,12) 246
	[1,0] 34
1934:
	(11,13) 685
	[1,0] 97
1933:
	(13,12) 246
	[1,0] 34
1932:
	(13,12) 246
	[1,0] 34
1931:
	(13,12) 246
	[1,0] 34
1930:
	(11,13) 685
	[1,0] 97
1929:
	(13,12) 246
	[1,0] 34
1928:
	(11,13) 459
	[1,0] 65
1927:
	(11,13) 685
	[1,0] 97
1926:
	(13,12) 246
	[1,0] 34
1925:
	(13,12) 246
	[1,0] 34
1924:
	(13,12) 246
	[1,0] 34
1923:
	(11,13) 685
	[1,0] 97
1922:
	(11,13) 685
	[1,0] 97
1921:
	(11,13) 685
	[1,0] 97
1920:
	(11,13) 685
	[1,0] 97
1919:
	(11,13) 685
	[1,0] 97
1918:
	(11,13) 685
	[1,0] 97
1917:
	(11,13) 685
	[1,0] 97
1916:
	(13,12) 248
	[1,0] 34
1915:
	(11,13) 685
	[1,0] 97
1914:
	(11,13) 685
	[1,0] 97
1913:
	(11,13) 685
	[1,0] 97
1912:
	(11,13) 685
	[1,0] 97
1911:
	(11,13) 686
	[1,0] 97
1910:
	(11,13) 461
	[1,0] 65
1909:
	(11,13) 459
	[1,0] 65
1908:
	(11,13) 459
	[1,0] 65
1907:
	(11,13) 459
	[1,0] 65
1906:
	(11,13) 690
	[1,0] 97
1905:
	(11,13) 459
	[1,0] 65
1904:
	(11,13) 459
	[1,0] 65
1903:
	(11,13) 459
	[1,0] 65
1902:
	(11,13) 459
	[1,0] 65
1901:
	(11,13) 459
	[1,0] 65
1900:
	(11,13) 459
	[1,0] 65
1899:
	(11,13) 459
	[1,0] 65
1898:
	(11,13) 685
	[1,0] 97
1897:
	(11,13) 459
	[1,0] 65
1896:
	(11,13) 459
	[1,0] 65
1895:
	(11,13) 459
	[1,0] 65
1894:
	(11,13) 685
	[1,0] 97
1893:
	(11,13) 459
	[1,0] 65
1892:
	(11,13) 459
	[1,0] 65
1891:
	(11,13) 459
	[1,0] 65
1890:
	(11,13) 459
	[1,0] 65
1889:
	(11,13) 459
	[1,0] 65
1888:
	(11,13) 459
	[1,0] 65
1887:
	(11,13) 459
	[1,0] 65
1886:
	(11,13) 459
	[1,0] 65
1885:
	(11,13) 459
	[1,0] 65
1884:
	(11,13) 459
	[1,0] 65
1883:
	(11,13) 685
	[1,0] 97
1882:
	(11,13) 459
	[1,0] 65
1881:
	(11,13) 459
	[1,0] 65
1689:
	(217,6) 22
	[32,0] 1
1688:
	(217,6) 20
	[32,0] 1
1687:
	(217,6) 20
	[32,0] 1
1686:
	(217,6) 20
	[32,0] 1
1685:
	(217,6) 20
	[32,0] 1
1684:
	(217,6) 20
	[32,0] 1
1683:
	(217,6) 20
	[32,0] 1
1682:
	(217,6) 20
	[32,0] 1
1681:
	(217,6) 20
	[32,0] 1
1680:
	(217,6) 20
	[32,0] 1
1679:
	(217,6) 20
	[32,0] 1
1678:
	(217,6) 20
	[32,0] 1
1677:
	(217,6) 20
	[32,0] 1
1676:
	(217,6) 20
	[32,0] 1
1675:
	(217,6) 20
	[32,0] 1
1674:
	(217,6) 20
	[32,0] 1
1673:
	(217,6) 20
	[32,0] 1
1672:
	(217,6) 20
	[32,0] 1
1671:
	(217,6) 20
	[32,0] 1
1670:
	(217,6) 20
	[32,0] 1
1735:
	(7,856) 251
	[0,127] 34
1734:
	(7,856) 251
	[0,127] 34
1733:
	(7,856) 251
	[0,127] 34
1732:
	(7,856) 251
	[0,127] 34
1731:
	(7,856) 251
	[0,127] 34
1730:
	(7,856) 251
	[0,127] 34
1729:
	(7,856) 251
	[0,127] 34
1728:
	(7,856) 251
	[0,127] 34
1727:
	(7,856) 251
	[0,127] 34
1726:
	(7,856) 251
	[0,127] 34
1725:
	(7,856) 251
	[0,127] 34
1724:
	(7,856) 251
	[0,127] 34
1723:
	(863,5) 21
	[127,0] 2
1722:
	(863,5) 21
	[127,0] 2
1721:
	(863,5) 21
	[127,0] 2
1720:
	(863,5) 21
	[127,0] 2
1719:
	(863,5) 21
	[127,0] 2
1718:
	(863,5) 21
	[127,0] 2
1717:
	(863,5) 21
	[127,0] 2
1716:
	(863,5) 21
	[127,0] 2
1715:
	(863,5) 21
	[127,0] 2
1714:
	(863,5) 21
	[127,0] 2
1713:
	(863,5) 21
	[127,0] 2
1712:
	(863,5) 21
	[127,0] 2
1711:
	(863,5) 21
	[127,0] 2
1710:
	(863,5) 21
	[127,0] 2
1709:
	(863,5) 21
	[127,0] 2
1708:
	(863,5) 21
	[127,0] 2
1707:
	(863,5) 21
	[127,0] 2
1706:
	(863,5) 21
	[127,0] 2
1705:
	(863,5) 21
	[127,0] 2
1704:
	(863,5) 21
	[127,0] 2
1703:
	(863,5) 21
	[127,0] 2
1702:
	(863,5) 21
	[127,0] 2
1701:
	(863,5) 21
	[127,0] 2
1700:
	(863,5) 21
	[127,0] 2
1699:
	(863,5) 21
	[127,0] 2
1698:
	(863,5) 21
	[127,0] 2
1697:
	(863,5) 21
	[127,0] 2
1696:
	(863,5) 21
	[127,0] 2
1695:
	(863,5) 21
	[127,0] 2
1694:
	(864,7) 21
	[127,0] 2
1693:
	(864,7) 21
	[127,0] 2
1692:
	(863,5) 21
	[127,0] 2
1691:
	(644,5) 32
	[95,0] 1
1690:
	(427,5) 23
	[63,0] 1
1649:
	(217,6) 20
	[32,0] 1
1648:
	(217,6) 20
	[32,0] 1
1647:
	(4,209) 237
	[0,31] 33
1646:
	(217,6) 20
	[32,0] 1
1645:
	(4,426) 237
	[0,63] 33
1644:
	(217,6) 20
	[32,0] 1
1643:
	(217,6) 20
	[32,0] 1
1642:
	(217,6) 20
	[32,0] 1
1641:
	(217,6) 20
	[32,0] 1
1640:
	(217,6) 20
	[32,0] 1
1639:
	(217,6) 20
	[32,0] 1
1638:
	(217,6) 20
	[32,0] 1
1637:
	(217,6) 20
	[32,0] 1
1636:
	(217,6) 20
	[32,0] 1
1635:
	(217,6) 20
	[32,0] 1
1634:
	(217,6) 20
	[32,0] 1
1633:
	(217,6) 20
	[32,0] 1
1632:
	(217,6) 22
	[32,0] 1
1631:
	(217,6) 20
	[32,0] 1
1630:
	(217,6) 22
	[32,0] 1
1629:
	(217,6) 22
	[32,0] 1
1628:
	(217,6) 20
	[32,0] 1
1627:
	(217,6) 20
	[32,0] 1
1626:
	(217,6) 20
	[32,0] 1
1625:
	(217,6) 20
	[32,0] 1
1624:
	(217,6) 20
	[32,0] 1
1623:
	(217,6) 20
	[32,0] 1
1622:
	(217,6) 20
	[32,0] 1
1621:
	(217,6) 20
	[32,0] 1
1620:
	(217,6) 20
	[32,0] 1
1619:
	(217,6) 20
	[32,0] 1
1618:
	(217,6) 20
	[32,0] 1
1617:
	(217,6) 20
	[32,0] 1
1616:
	(217,6) 20
	[32,0] 1
1615:
	(217,6) 20
	[32,0] 1
1614:
	(217,6) 20
	[32,0] 1
1613:
	(217,6) 20
	[32,0] 1
1612:
	(217,6) 20
	[32,0] 1
1611:
	(217,6) 20
	[32,0] 1
1610:
	(217,6) 20
	[32,0] 1
1609:
	(217,6) 20
	[32,0] 1
1608:
	(217,6) 20
	[32,0] 1
1607:
	(217,6) 20
	[32,0] 1
1606:
	(217,6) 20
	[32,0] 1
1605:
	(217,6) 20
	[32,0] 1
1604:
	(217,6) 20
	[32,0] 1
1669:
	(7,856) 251
	[0,127] 34
1668:
	(7,856) 251
	[0,127] 34
1667:
	(7,856) 251
	[0,127] 34
1666:
	(7,856) 251
	[0,127] 34
1665:
	(7,856) 251
	[0,127] 34
1664:
	(7,856) 251
	[0,127] 34
1663:
	(7,856) 251
	[0,127] 34
1662:
	(7,856) 251
	[0,127] 34
1661:
	(7,856) 251
	[0,127] 34
1660:
	(7,856) 251
	[0,127] 34
1659:
	(7,856) 251
	[0,127] 34
1658:
	(7,856) 251
	[0,127] 34
1657:
	(7,865) 253
	[0,128] 34
1656:
	(7,865) 253
	[0,128] 34
1655:
	(7,856) 251
	[0,127] 34
1654:
	(7,856) 251
	[0,127] 34
1653:
	(7,856) 251
	[0,127] 34
1652:
	(7,856) 251
	[0,127] 34
1651:
	(7,856) 251
	[0,127] 34
1650:
	(7,856) 251
	[0,127] 34
694:
	(852,6) 255
	[126,0] 35
693:
	(852,6) 32
	[126,0] 3
1601:
	(422,14) 241
	[63,2] 33
1603:
	(5,851) 33
	[0,126] 3
1602:
	(214,5) 23
	[32,0] 1
692:
	(5,10) 467
	[0,1] 65
691:
	(5,10) 693
	[0,1] 97
1597:
	(205,10) 241
	[31,2] 33
1600:
	(4,12) 254
	[0,1] 34
1599:
	(9,4) 468
	[1,0] 65
1598:
	(9,4) 441
	[1,0] 63
1596:
	(634,6) 42
	[94,1] 2
1594:
	(417,6) 33
	[62,1] 2
1592:
	(5,437) 250
	[1,65] 34
1595:
	(5,633) 43
	[1,94] 2
1593:
	(5,416) 34
	[1,62] 2
1590:
	(8,421) 247
	[1,63] 34
1589:
	(8,211) 258
	[1,32] 34
1591:
	(206,4) 31
	[30,0] 3
1588:
	(218,9) 450
	[33,2] 64
1585:
	(202,7) 35
	[30,1] 3
1587:
	(8,217) 451
	[2,33] 64
1586:
	(6,201) 36
	[1,30] 3
1584:
	(3,13) 447
	[0,1] 64
1583:
	(38,5) 199
	[6,1] 27
1582:
	(3,6) 240
	[0,0] 34
1581:
	(3,13) 234
	[0,1] 33
1580:
	(5,20) 671
	[0,1] 96
1579:
	(5,20) 671
	[0,1] 96
1578:
	(5,20) 671
	[0,1] 96
1577:
	(3,13) 447
	[0,1] 64
1576:
	(3,13) 447
	[0,1] 64
1575:
	(3,13) 234
	[0,1] 33
1574:
	(5,20) 671
	[0,1] 96
1573:
	(3,13) 447
	[0,1] 64
1572:
	(3,13) 234
	[0,1] 33
1571:
	(3,13) 447
	[0,1] 64
1570:
	(5,20) 671
	[0,1] 96
1569:
	(3,13) 447
	[0,1] 64
1568:
	(3,13) 447
	[0,1] 64
1567:
	(9,20) 672
	[0,1] 96
1566:
	(5,20) 671
	[0,1] 96
1565:
	(3,13) 447
	[0,1] 64
1564:
	(3,13) 447
	[0,1] 64
1563:
	(3,13) 447
	[0,1] 64
1562:
	(3,13) 447
	[0,1] 64
1561:
	(5,20) 671
	[0,1] 96
1560:
	(3,13) 447
	[0,1] 64
1559:
	(5,20) 671
	[0,1] 96
1558:
	(3,13) 234
	[0,1] 33
1557:
	(3,14) 449
	[0,1] 64
1556:
	(3,13) 234
	[0,1] 33
1555:
	(3,14) 449
	[0,1] 64
1554:
	(5,20) 671
	[0,1] 96
1553:
	(5,20) 671
	[0,1] 96
1552:
	(3,13) 447
	[0,1] 64
1551:
	(5,20) 671
	[0,1] 96
1550:
	(3,13) 447
	[0,1] 64
1549:
	(5,22) 672
	[0,1] 96
1548:
	(3,13) 447
	[0,1] 64
1547:
	(3,14) 449
	[0,1] 64
1546:
	(5,20) 671
	[0,1] 96
1545:
	(3,13) 447
	[0,1] 64
1544:
	(3,14) 449
	[0,1] 64
1543:
	(5,20) 671
	[0,1] 96
1542:
	(3,13) 447
	[0,1] 64
1541:
	(3,13) 447
	[0,1] 64
1540:
	(5,20) 671
	[0,1] 96
1539:
	(5,20) 671
	[0,1] 96
1538:
	(5,20) 671
	[0,1] 96
1537:
	(3,14) 236
	[0,1] 33
1536:
	(3,13) 447
	[0,1] 64
1535:
	(3,13) 447
	[0,1] 64
1534:
	(3,13) 234
	[0,1] 33
1533:
	(3,13) 447
	[0,1] 64
1532:
	(3,13) 234
	[0,1] 33
1531:
	(3,13) 447
	[0,1] 64
1530:
	(3,13) 447
	[0,1] 64
1529:
	(3,13) 234
	[0,1] 33
1528:
	(5,20) 671
	[0,1] 96
1527:
	(3,13) 234
	[0,1] 33
1526:
	(5,20) 671
	[0,1] 96
1525:
	(3,13) 234
	[0,1] 33
1524:
	(5,20) 671
	[0,1] 96
1523:
	(3,13) 234
	[0,1] 33
1522:
	(3,13) 447
	[0,1] 64
1521:
	(3,13) 234
	[0,1] 33
1520:
	(3,13) 234
	[0,1] 33
1519:
	(5,20) 671
	[0,1] 96
1518:
	(3,13) 447
	[0,1] 64
1517:
	(3,13) 447
	[0,1] 64
1516:
	(3,13) 234
	[0,1] 33
1515:
	(3,14) 236
	[0,1] 33
1514:
	(3,14) 236
	[0,1] 33
1513:
	(5,20) 671
	[0,1] 96
1512:
	(3,13) 234
	[0,1] 33
1511:
	(5,20) 671
	[0,1] 96
1510:
	(5,20) 671
	[0,1] 96
1509:
	(3,13) 234
	[0,1] 33
1508:
	(5,20) 671
	[0,1] 96
1507:
	(5,20) 671
	[0,1] 96
1506:
	(3,13) 234
	[0,1] 33
1505:
	(5,20) 671
	[0,1] 96
1504:
	(5,20) 671
	[0,1] 96
1503:
	(3,13) 234
	[0,1] 33
1502:
	(3,13) 234
	[0,1] 33
1501:
	(3,13) 447
	[0,1] 64
1500:
	(3,13) 234
	[0,1] 33
1499:
	(3,13) 447
	[0,1] 64
1498:
	(3,13) 234
	[0,1] 33
1497:
	(5,20) 671
	[0,1] 96
1496:
	(3,13) 234
	[0,1] 33
1495:
	(3,13) 234
	[0,1] 33
1494:
	(5,20) 671
	[0,1] 96
1493:
	(3,13) 234
	[0,1] 33
1492:
	(3,13) 234
	[0,1] 33
1491:
	(3,13) 234
	[0,1] 33
1490:
	(3,13) 234
	[0,1] 33
1489:
	(5,20) 671
	[0,1] 96
1488:
	(3,13) 234
	[0,1] 33
1487:
	(3,13) 447
	[0,1] 64
1486:
	(3,13) 234
	[0,1] 33
1485:
	(3,13) 447
	[0,1] 64
1484:
	(3,13) 234
	[0,1] 33
1483:
	(3,13) 234
	[0,1] 33
1482:
	(5,20) 671
	[0,1] 96
1481:
	(5,20) 671
	[0,1] 96
1480:
	(3,13) 447
	[0,1] 64
1479:
	(3,14) 236
	[0,1] 33
1478:
	(3,13) 447
	[0,1] 64
1477:
	(3,13) 447
	[0,1] 64
1476:
	(3,13) 234
	[0,1] 33
1475:
	(3,13) 447
	[0,1] 64
1474:
	(3,13) 234
	[0,1] 33
1473:
	(5,20) 671
	[0,1] 96
1472:
	(3,13) 234
	[0,1] 33
1471:
	(3,13) 234
	[0,1] 33
1470:
	(162,5) 75
	[24,1] 9
1469:
	(3,13) 447
	[0,1] 64
1468:
	(3,13) 234
	[0,1] 33
1467:
	(3,13) 234
	[0,1] 33
1466:
	(3,13) 234
	[0,1] 33
1465:
	(3,13) 234
	[0,1] 33
1464:
	(5,20) 671
	[0,1] 96
1463:
	(3,13) 234
	[0,1] 33
1462:
	(5,20) 671
	[0,1] 96
1461:
	(3,13) 234
	[0,1] 33
1460:
	(5,20) 671
	[0,1] 96
1459:
	(3,13) 447
	[0,1] 64
1458:
	(3,13) 234
	[0,1] 33
1457:
	(3,13) 447
	[0,1] 64
1456:
	(3,13) 234
	[0,1] 33
1455:
	(3,13) 234
	[0,1] 33
1454:
	(5,20) 671
	[0,1] 96
1453:
	(3,13) 234
	[0,1] 33
1452:
	(3,13) 234
	[0,1] 33
1451:
	(5,20) 671
	[0,1] 96
1450:
	(3,13) 234
	[0,1] 33
1449:
	(3,13) 447
	[0,1] 64
1448:
	(5,20) 671
	[0,1] 96
1447:
	(3,13) 234
	[0,1] 33
1446:
	(3,13) 234
	[0,1] 33
1445:
	(3,13) 447
	[0,1] 64
1444:
	(5,20) 671
	[0,1] 96
1443:
	(3,13) 234
	[0,1] 33
1442:
	(3,13) 234
	[0,1] 33
1441:
	(3,13) 234
	[0,1] 33
1440:
	(3,13) 447
	[0,1] 64
1439:
	(3,13) 447
	[0,1] 64
1438:
	(5,20) 671
	[0,1] 96
1437:
	(3,13) 234
	[0,1] 33
1436:
	(3,13) 447
	[0,1] 64
1435:
	(3,13) 234
	[0,1] 33
1434:
	(10,21) 673
	[0,1] 96
1433:
	(3,13) 447
	[0,1] 64
1432:
	(3,13) 234
	[0,1] 33
1431:
	(3,13) 447
	[0,1] 64
1430:
	(5,20) 671
	[0,1] 96
1429:
	(5,20) 671
	[0,1] 96
1428:
	(3,13) 447
	[0,1] 64
1427:
	(5,20) 671
	[0,1] 96
1426:
	(5,20) 671
	[0,1] 96
1425:
	(5,20) 671
	[0,1] 96
1424:
	(3,13) 447
	[0,1] 64
1423:
	(10,21) 673
	[0,1] 96
1422:
	(6,19) 671
	[0,1] 96
1421:
	(5,20) 671
	[0,1] 96
1420:
	(3,13) 234
	[0,1] 33
1419:
	(3,13) 234
	[0,1] 33
1418:
	(3,13) 447
	[0,1] 64
1417:
	(5,20) 671
	[0,1] 96
1416:
	(5,20) 671
	[0,1] 96
1415:
	(5,20) 671
	[0,1] 96
1414:
	(5,20) 671
	[0,1] 96
1413:
	(5,20) 671
	[0,1] 96
1412:
	(3,13) 447
	[0,1] 64
1411:
	(3,13) 447
	[0,1] 64
1410:
	(3,13) 447
	[0,1] 64
1409:
	(5,20) 671
	[0,1] 96
1408:
	(3,13) 447
	[0,1] 64
1407:
	(3,13) 447
	[0,1] 64
1406:
	(5,20) 671
	[0,1] 96
1405:
	(3,13) 447
	[0,1] 64
1404:
	(5,20) 671
	[0,1] 96
1403:
	(3,13) 447
	[0,1] 64
1402:
	(5,20) 671
	[0,1] 96
1401:
	(3,13) 447
	[0,1] 64
1400:
	(3,13) 447
	[0,1] 64
1399:
	(3,13) 447
	[0,1] 64
1398:
	(3,13) 447
	[0,1] 64
1397:
	(5,20) 671
	[0,1] 96
1396:
	(3,13) 447
	[0,1] 64
1395:
	(3,13) 234
	[0,1] 33
1394:
	(5,20) 671
	[0,1] 96
1393:
	(3,13) 234
	[0,1] 33
1392:
	(3,13) 234
	[0,1] 33
1391:
	(5,20) 671
	[0,1] 96
1390:
	(3,13) 447
	[0,1] 64
1389:
	(3,6) 240
	[0,0] 34
1388:
	(3,6) 461
	[0,0] 66
1387:
	(3,6) 240
	[0,0] 34
1386:
	(3,6) 455
	[0,0] 66
1385:
	(3,6) 455
	[0,0] 66
1384:
	(3,6) 455
	[0,0] 66
1383:
	(3,6) 240
	[0,0] 34
1382:
	(3,6) 240
	[0,0] 34
1381:
	(3,6) 455
	[0,0] 66
1380:
	(4,103) 134
	[0,15] 18
1379:
	(3,6) 240
	[0,0] 34
1378:
	(3,6) 240
	[0,0] 34
1377:
	(3,6) 461
	[0,0] 66
1376:
	(4,50) 187
	[0,7] 26
1375:
	(4,22) 215
	[0,3] 30
1374:
	(3,6) 461
	[0,0] 66
1373:
	(3,6) 461
	[0,0] 66
1372:
	(3,6) 240
	[0,0] 34
1371:
	(3,6) 240
	[0,0] 34
1370:
	(3,6) 240
	[0,0] 34
1369:
	(3,6) 461
	[0,0] 66
1368:
	(3,6) 455
	[0,0] 66
1367:
	(3,6) 455
	[0,0] 66
1366:
	(3,6) 240
	[0,0] 34
1365:
	(3,6) 240
	[0,0] 34
1364:
	(3,6) 461
	[0,0] 66
1363:
	(3,6) 240
	[0,0] 34
1362:
	(3,6) 240
	[0,0] 34
1361:
	(3,6) 461
	[0,0] 66
1360:
	(3,6) 240
	[0,0] 34
1359:
	(3,6) 240
	[0,0] 34
1358:
	(3,6) 461
	[0,0] 66
1357:
	(644,5) 240
	[96,1] 33
1356:
	(9,21) 674
	[0,2] 96
1355:
	(3,6) 240
	[0,0] 34
1354:
	(3,6) 461
	[0,0] 66
1353:
	(3,6) 240
	[0,0] 34
1352:
	(3,6) 461
	[0,0] 66
1351:
	(3,6) 461
	[0,0] 66
1350:
	(3,6) 461
	[0,0] 66
1349:
	(3,6) 461
	[0,0] 66
1348:
	(3,6) 251
	[0,0] 35
1347:
	(3,6) 240
	[0,0] 34
1346:
	(3,6) 240
	[0,0] 34
1345:
	(3,6) 251
	[0,0] 35
1344:
	(3,6) 455
	[0,0] 66
1343:
	(3,6) 455
	[0,0] 66
1342:
	(3,6) 240
	[0,0] 34
1341:
	(3,6) 455
	[0,0] 66
1340:
	(3,6) 240
	[0,0] 34
1339:
	(3,6) 240
	[0,0] 34
1338:
	(3,6) 461
	[0,0] 66
1337:
	(3,6) 240
	[0,0] 34
1336:
	(3,6) 461
	[0,0] 66
1335:
	(3,6) 455
	[0,0] 66
1334:
	(3,6) 240
	[0,0] 34
1333:
	(3,6) 455
	[0,0] 66
1332:
	(3,6) 461
	[0,0] 66
1331:
	(3,6) 461
	[0,0] 66
1330:
	(3,6) 240
	[0,0] 34
1329:
	(3,6) 240
	[0,0] 34
1328:
	(3,6) 455
	[0,0] 66
1327:
	(3,6) 240
	[0,0] 34
1326:
	(3,6) 461
	[0,0] 66
1325:
	(3,6) 455
	[0,0] 66
1324:
	(3,6) 240
	[0,0] 34
1323:
	(3,6) 461
	[0,0] 66
1322:
	(2,5) 448
	[0,1] 64
1321:
	(2,14) 237
	[0,2] 33
1320:
	(9,12) 667
	[0,1] 96
1319:
	(9,12) 667
	[0,1] 96
1318:
	(2,5) 448
	[0,1] 64
1317:
	(2,5) 448
	[0,1] 64
1316:
	(9,12) 667
	[0,1] 96
1315:
	(2,5) 235
	[0,1] 33
1314:
	(9,12) 667
	[0,1] 96
1313:
	(2,5) 448
	[0,1] 64
1312:
	(2,14) 450
	[0,2] 64
1311:
	(2,5) 448
	[0,1] 64
1310:
	(2,5) 448
	[0,1] 64
1309:
	(2,5) 448
	[0,1] 64
1308:
	(2,5) 448
	[0,1] 64
1307:
	(9,12) 667
	[0,1] 96
1306:
	(9,12) 667
	[0,1] 96
1305:
	(2,5) 448
	[0,1] 64
1304:
	(9,12) 667
	[0,1] 96
1303:
	(2,5) 448
	[0,1] 64
1302:
	(2,5) 448
	[0,1] 64
1301:
	(9,12) 667
	[0,1] 96
1300:
	(9,21) 674
	[0,2] 96
1299:
	(9,12) 667
	[0,1] 96
1298:
	(9,12) 667
	[0,1] 96
1297:
	(9,12) 667
	[0,1] 96
1296:
	(9,12) 667
	[0,1] 96
1295:
	(2,5) 448
	[0,1] 64
1294:
	(2,5) 235
	[0,1] 33
1293:
	(2,5) 235
	[0,1] 33
1292:
	(10,14) 667
	[0,1] 96
1291:
	(9,12) 667
	[0,1] 96
1290:
	(9,12) 667
	[0,1] 96
1289:
	(2,5) 235
	[0,1] 33
1288:
	(9,12) 667
	[0,1] 96
1287:
	(2,5) 448
	[0,1] 64
1286:
	(9,12) 667
	[0,1] 96
1285:
	(9,12) 667
	[0,1] 96
1284:
	(2,5) 448
	[0,1] 64
1283:
	(2,5) 235
	[0,1] 33
1282:
	(2,5) 448
	[0,1] 64
1281:
	(2,5) 448
	[0,1] 64
1280:
	(9,12) 667
	[0,1] 96
1279:
	(9,12) 667
	[0,1] 96
1278:
	(9,12) 667
	[0,1] 96
1277:
	(2,5) 448
	[0,1] 64
1276:
	(9,12) 667
	[0,1] 96
1275:
	(2,5) 448
	[0,1] 64
1274:
	(9,12) 667
	[0,1] 96
1273:
	(9,12) 667
	[0,1] 96
1272:
	(9,12) 667
	[0,1] 96
1271:
	(2,5) 448
	[0,1] 64
1270:
	(2,5) 448
	[0,1] 64
1269:
	(2,5) 235
	[0,1] 33
1268:
	(2,5) 235
	[0,1] 33
1267:
	(2,5) 235
	[0,1] 33
1266:
	(2,5) 448
	[0,1] 64
1265:
	(2,5) 235
	[0,1] 33
1264:
	(9,12) 667
	[0,1] 96
1263:
	(2,5) 235
	[0,1] 33
1262:
	(9,12) 667
	[0,1] 96
1261:
	(9,12) 667
	[0,1] 96
1260:
	(2,5) 235
	[0,1] 33
1259:
	(2,5) 235
	[0,1] 33
1258:
	(2,5) 235
	[0,1] 33
1257:
	(2,5) 448
	[0,1] 64
1256:
	(2,5) 235
	[0,1] 33
1255:
	(9,12) 667
	[0,1] 96
1254:
	(2,5) 448
	[0,1] 64
1253:
	(2,5) 235
	[0,1] 33
1252:
	(9,12) 667
	[0,1] 96
1251:
	(2,5) 448
	[0,1] 64
1250:
	(9,12) 667
	[0,1] 96
1249:
	(2,5) 235
	[0,1] 33
1248:
	(2,14) 237
	[0,2] 33
1247:
	(9,12) 667
	[0,1] 96
1246:
	(2,5) 448
	[0,1] 64
1245:
	(2,5) 235
	[0,1] 33
1244:
	(2,5) 235
	[0,1] 33
1243:
	(9,12) 667
	[0,1] 96
1242:
	(3,6) 240
	[0,0] 34
1241:
	(2,5) 235
	[0,1] 33
1240:
	(2,5) 448
	[0,1] 64
1239:
	(9,12) 667
	[0,1] 96
1238:
	(2,5) 235
	[0,1] 33
1237:
	(2,5) 448
	[0,1] 64
1236:
	(2,5) 448
	[0,1] 64
1235:
	(2,5) 235
	[0,1] 33
1234:
	(2,5) 235
	[0,1] 33
1233:
	(2,5) 448
	[0,1] 64
1232:
	(9,12) 667
	[0,1] 96
1231:
	(9,12) 667
	[0,1] 96
1230:
	(2,5) 235
	[0,1] 33
1229:
	(2,14) 450
	[0,2] 64
1228:
	(2,5) 448
	[0,1] 64
1227:
	(2,5) 448
	[0,1] 64
1226:
	(2,5) 235
	[0,1] 33
1225:
	(2,5) 235
	[0,1] 33
1224:
	(2,5) 235
	[0,1] 33
1223:
	(2,5) 235
	[0,1] 33
1222:
	(9,12) 667
	[0,1] 96
1221:
	(2,5) 235
	[0,1] 33
1220:
	(2,5) 235
	[0,1] 33
1219:
	(2,5) 448
	[0,1] 64
1218:
	(2,5) 235
	[0,1] 33
1217:
	(2,5) 448
	[0,1] 64
1216:
	(2,5) 448
	[0,1] 64
1215:
	(2,5) 448
	[0,1] 64
1214:
	(2,5) 235
	[0,1] 33
1213:
	(2,14) 237
	[0,2] 33
1212:
	(2,5) 448
	[0,1] 64
1211:
	(9,12) 667
	[0,1] 96
1210:
	(9,12) 667
	[0,1] 96
1209:
	(2,14) 237
	[0,2] 33
1208:
	(9,12) 667
	[0,1] 96
1207:
	(2,5) 235
	[0,1] 33
1206:
	(2,5) 448
	[0,1] 64
1205:
	(2,5) 235
	[0,1] 33
1204:
	(9,12) 667
	[0,1] 96
1203:
	(2,5) 235
	[0,1] 33
1202:
	(2,5) 448
	[0,1] 64
1201:
	(2,5) 448
	[0,1] 64
1200:
	(2,5) 235
	[0,1] 33
1199:
	(9,12) 667
	[0,1] 96
1198:
	(2,5) 235
	[0,1] 33
1197:
	(2,5) 235
	[0,1] 33
1196:
	(9,12) 667
	[0,1] 96
1195:
	(9,12) 667
	[0,1] 96
1194:
	(2,5) 235
	[0,1] 33
1193:
	(2,5) 235
	[0,1] 33
1192:
	(2,5) 235
	[0,1] 33
1191:
	(2,5) 235
	[0,1] 33
1190:
	(9,12) 667
	[0,1] 96
1189:
	(2,5) 448
	[0,1] 64
1188:
	(2,5) 448
	[0,1] 64
1187:
	(2,5) 448
	[0,1] 64
1186:
	(2,5) 448
	[0,1] 64
1185:
	(2,5) 235
	[0,1] 33
1184:
	(2,5) 448
	[0,1] 64
1183:
	(2,5) 448
	[0,1] 64
1182:
	(2,5) 448
	[0,1] 64
1181:
	(2,5) 448
	[0,1] 64
1180:
	(2,5) 235
	[0,1] 33
1179:
	(2,5) 235
	[0,1] 33
1178:
	(2,5) 448
	[0,1] 64
1177:
	(2,5) 235
	[0,1] 33
1176:
	(9,12) 667
	[0,1] 96
1175:
	(4,7) 230
	[0,1] 32
1174:
	(2,5) 235
	[0,1] 33
1173:
	(2,5) 235
	[0,1] 33
1172:
	(2,5) 448
	[0,1] 64
1171:
	(2,5) 235
	[0,1] 33
1170:
	(8,20) 673
	[0,2] 96
1169:
	(9,12) 667
	[0,1] 96
1168:
	(2,5) 235
	[0,1] 33
1167:
	(2,14) 450
	[0,2] 64
1166:
	(9,12) 667
	[0,1] 96
1165:
	(2,14) 450
	[0,2] 64
1164:
	(2,5) 448
	[0,1] 64
1163:
	(9,12) 667
	[0,1] 96
1162:
	(9,12) 667
	[0,1] 96
1161:
	(7,17) 670
	[0,2] 96
1160:
	(9,12) 667
	[0,1] 96
1159:
	(9,12) 667
	[0,1] 96
1158:
	(9,12) 667
	[0,1] 96
1157:
	(2,5) 235
	[0,1] 33
1156:
	(9,12) 667
	[0,1] 96
1155:
	(2,5) 235
	[0,1] 33
1154:
	(2,5) 235
	[0,1] 33
1153:
	(9,12) 667
	[0,1] 96
1152:
	(2,5) 448
	[0,1] 64
1151:
	(2,5) 235
	[0,1] 33
1150:
	(2,5) 448
	[0,1] 64
1149:
	(2,5) 448
	[0,1] 64
1148:
	(2,5) 448
	[0,1] 64
1147:
	(2,5) 235
	[0,1] 33
1146:
	(9,12) 667
	[0,1] 96
1145:
	(2,5) 235
	[0,1] 33
1144:
	(2,5) 235
	[0,1] 33
1143:
	(2,5) 448
	[0,1] 64
1142:
	(2,5) 235
	[0,1] 33
1141:
	(9,12) 667
	[0,1] 96
1140:
	(2,5) 235
	[0,1] 33
1139:
	(9,12) 667
	[0,1] 96
1138:
	(2,5) 448
	[0,1] 64
1137:
	(2,5) 448
	[0,1] 64
1136:
	(2,5) 235
	[0,1] 33
1135:
	(2,5) 448
	[0,1] 64
1134:
	(9,12) 667
	[0,1] 96
1133:
	(9,12) 667
	[0,1] 96
1132:
	(2,5) 448
	[0,1] 64
1131:
	(2,5) 235
	[0,1] 33
1130:
	(2,5) 448
	[0,1] 64
1129:
	(7,213) 230
	[2,32] 31
1128:
	(54,4) 183
	[8,1] 25
1127:
	(107,4) 130
	[16,1] 17
1126:
	(26,4) 211
	[4,1] 29
1125:
	(227,4) 32
	[33,1] 2
1124:
	(666,4) 30
	[96,1] 2
1123:
	(666,4) 30
	[96,1] 2
1122:
	(440,4) 32
	[64,1] 2
1121:
	(666,4) 30
	[96,1] 2
1120:
	(227,4) 32
	[33,1] 2
1119:
	(666,4) 30
	[96,1] 2
1118:
	(440,4) 30
	[64,1] 2
1117:
	(440,4) 30
	[64,1] 2
1116:
	(227,4) 32
	[33,1] 2
1115:
	(227,4) 32
	[33,1] 2
1114:
	(440,4) 30
	[64,1] 2
1113:
	(666,4) 30
	[96,1] 2
1112:
	(671,4) 32
	[96,1] 2
1111:
	(440,4) 30
	[64,1] 2
1110:
	(666,4) 30
	[96,1] 2
1109:
	(666,4) 30
	[96,1] 2
1108:
	(440,4) 30
	[64,1] 2
1107:
	(227,4) 32
	[33,1] 2
1106:
	(440,4) 30
	[64,1] 2
1105:
	(440,4) 30
	[64,1] 2
1104:
	(227,4) 32
	[33,1] 2
1103:
	(227,4) 34
	[33,1] 2
1102:
	(227,4) 32
	[33,1] 2
1101:
	(440,4) 30
	[64,1] 2
1100:
	(666,4) 30
	[96,1] 2
1099:
	(666,4) 30
	[96,1] 2
1098:
	(440,4) 30
	[64,1] 2
1097:
	(440,4) 30
	[64,1] 2
1096:
	(666,4) 30
	[96,1] 2
1095:
	(227,4) 32
	[33,1] 2
1094:
	(666,4) 30
	[96,1] 2
1093:
	(227,4) 32
	[33,1] 2
1092:
	(227,4) 32
	[33,1] 2
1091:
	(666,4) 30
	[96,1] 2
1090:
	(227,4) 34
	[33,1] 2
1089:
	(666,4) 30
	[96,1] 2
1088:
	(440,4) 30
	[64,1] 2
1087:
	(666,4) 30
	[96,1] 2
1086:
	(227,4) 32
	[33,1] 2
1085:
	(227,4) 32
	[33,1] 2
1084:
	(227,4) 32
	[33,1] 2
1083:
	(440,4) 30
	[64,1] 2
1082:
	(227,4) 32
	[33,1] 2
1081:
	(440,4) 30
	[64,1] 2
1080:
	(440,4) 30
	[64,1] 2
1079:
	(666,4) 30
	[96,1] 2
1078:
	(666,4) 30
	[96,1] 2
1077:
	(227,4) 32
	[33,1] 2
1076:
	(227,4) 32
	[33,1] 2
1075:
	(440,4) 30
	[64,1] 2
1074:
	(440,4) 30
	[64,1] 2
1073:
	(227,4) 32
	[33,1] 2
1072:
	(666,4) 30
	[96,1] 2
1071:
	(666,4) 30
	[96,1] 2
1070:
	(440,4) 30
	[64,1] 2
1069:
	(440,4) 30
	[64,1] 2
1068:
	(440,4) 30
	[64,1] 2
1067:
	(227,4) 32
	[33,1] 2
1066:
	(666,4) 30
	[96,1] 2
1065:
	(440,4) 30
	[64,1] 2
1064:
	(440,4) 30
	[64,1] 2
1063:
	(440,4) 30
	[64,1] 2
1062:
	(440,4) 30
	[64,1] 2
1061:
	(227,4) 32
	[33,1] 2
1060:
	(666,4) 30
	[96,1] 2
1059:
	(666,4) 30
	[96,1] 2
1058:
	(227,4) 32
	[33,1] 2
1057:
	(666,4) 30
	[96,1] 2
1056:
	(227,4) 32
	[33,1] 2
1055:
	(227,4) 32
	[33,1] 2
1054:
	(666,4) 30
	[96,1] 2
1053:
	(227,4) 32
	[33,1] 2
1052:
	(666,4) 30
	[96,1] 2
1051:
	(227,4) 32
	[33,1] 2
1050:
	(666,4) 30
	[96,1] 2
1049:
	(227,4) 32
	[33,1] 2
1048:
	(227,4) 32
	[33,1] 2
1047:
	(440,4) 32
	[64,1] 2
1046:
	(227,4) 32
	[33,1] 2
1045:
	(666,4) 30
	[96,1] 2
1044:
	(666,4) 30
	[96,1] 2
1043:
	(666,4) 30
	[96,1] 2
1042:
	(227,4) 32
	[33,1] 2
1041:
	(440,4) 30
	[64,1] 2
1040:
	(669,4) 32
	[96,1] 2
1039:
	(440,4) 30
	[64,1] 2
1038:
	(227,4) 32
	[33,1] 2
1037:
	(227,4) 32
	[33,1] 2
1036:
	(440,4) 30
	[64,1] 2
1035:
	(440,4) 30
	[64,1] 2
1034:
	(227,4) 32
	[33,1] 2
1033:
	(666,4) 30
	[96,1] 2
1032:
	(227,4) 32
	[33,1] 2
1031:
	(666,4) 30
	[96,1] 2
1030:
	(227,4) 32
	[33,1] 2
1029:
	(440,4) 30
	[64,1] 2
1028:
	(227,4) 32
	[33,1] 2
1027:
	(440,4) 30
	[64,1] 2
1026:
	(666,4) 30
	[96,1] 2
1025:
	(440,4) 30
	[64,1] 2
1024:
	(440,4) 30
	[64,1] 2
1023:
	(666,4) 30
	[96,1] 2
1022:
	(666,4) 30
	[96,1] 2
1021:
	(227,4) 32
	[33,1] 2
1020:
	(227,4) 32
	[33,1] 2
1019:
	(227,4) 32
	[33,1] 2
1018:
	(440,4) 30
	[64,1] 2
1017:
	(440,4) 30
	[64,1] 2
1016:
	(227,4) 32
	[33,1] 2
1015:
	(666,4) 30
	[96,1] 2
1014:
	(440,4) 30
	[64,1] 2
1013:
	(440,4) 30
	[64,1] 2
1012:
	(440,4) 30
	[64,1] 2
1011:
	(440,4) 30
	[64,1] 2
1010:
	(227,4) 32
	[33,1] 2
1009:
	(666,4) 30
	[96,1] 2
1008:
	(666,4) 30
	[96,1] 2
1007:
	(440,4) 30
	[64,1] 2
1006:
	(440,4) 30
	[64,1] 2
1005:
	(440,4) 30
	[64,1] 2
1004:
	(11,4) 226
	[2,1] 31
1003:
	(440,4) 30
	[64,1] 2
1002:
	(227,4) 32
	[33,1] 2
1001:
	(440,4) 30
	[64,1] 2
1000:
	(227,4) 32
	[33,1] 2
999:
	(227,4) 32
	[33,1] 2
998:
	(227,4) 32
	[33,1] 2
997:
	(227,4) 32
	[33,1] 2
996:
	(227,4) 32
	[33,1] 2
995:
	(666,4) 30
	[96,1] 2
994:
	(440,4) 30
	[64,1] 2
993:
	(666,4) 30
	[96,1] 2
992:
	(666,4) 30
	[96,1] 2
991:
	(227,4) 32
	[33,1] 2
990:
	(227,4) 34
	[33,1] 2
989:
	(666,4) 30
	[96,1] 2
988:
	(440,4) 30
	[64,1] 2
987:
	(227,4) 32
	[33,1] 2
986:
	(227,4) 32
	[33,1] 2
985:
	(227,4) 32
	[33,1] 2
984:
	(666,4) 30
	[96,1] 2
983:
	(440,4) 30
	[64,1] 2
982:
	(227,4) 32
	[33,1] 2
981:
	(227,4) 32
	[33,1] 2
980:
	(227,4) 32
	[33,1] 2
979:
	(666,4) 30
	[96,1] 2
978:
	(666,4) 30
	[96,1] 2
977:
	(666,4) 30
	[96,1] 2
976:
	(227,4) 32
	[33,1] 2
975:
	(666,4) 30
	[96,1] 2
974:
	(667,4) 30
	[96,1] 2
973:
	(671,4) 32
	[96,1] 2
972:
	(666,4) 30
	[96,1] 2
971:
	(440,4) 32
	[64,1] 2
970:
	(440,4) 30
	[64,1] 2
969:
	(227,4) 32
	[33,1] 2
968:
	(227,4) 32
	[33,1] 2
967:
	(440,4) 30
	[64,1] 2
966:
	(227,4) 32
	[33,1] 2
965:
	(666,4) 30
	[96,1] 2
964:
	(440,4) 30
	[64,1] 2
963:
	(666,4) 30
	[96,1] 2
962:
	(440,4) 30
	[64,1] 2
961:
	(227,4) 32
	[33,1] 2
960:
	(227,4) 32
	[33,1] 2
959:
	(666,4) 30
	[96,1] 2
958:
	(227,4) 32
	[33,1] 2
957:
	(227,4) 34
	[33,1] 2
956:
	(430,4) 246
	[64,1] 32
955:
	(213,4) 237
	[32,1] 32
954:
	(10,4) 237
	[1,1] 33
953:
	(10,4) 237
	[1,1] 33
952:
	(10,4) 237
	[1,1] 33
951:
	(10,4) 237
	[1,1] 33
950:
	(10,4) 237
	[1,1] 33
949:
	(10,4) 237
	[1,1] 33
948:
	(10,4) 237
	[1,1] 33
947:
	(10,4) 237
	[1,1] 33
946:
	(10,4) 237
	[1,1] 33
945:
	(10,4) 237
	[1,1] 33
944:
	(10,4) 237
	[1,1] 33
943:
	(10,4) 237
	[1,1] 33
942:
	(10,4) 237
	[1,1] 33
941:
	(10,4) 237
	[1,1] 33
940:
	(10,4) 237
	[1,1] 33
939:
	(10,4) 237
	[1,1] 33
938:
	(10,4) 237
	[1,1] 33
937:
	(10,4) 237
	[1,1] 33
936:
	(10,4) 237
	[1,1] 33
935:
	(10,4) 237
	[1,1] 33
934:
	(10,4) 237
	[1,1] 33
933:
	(10,4) 237
	[1,1] 33
932:
	(10,4) 237
	[1,1] 33
931:
	(10,4) 237
	[1,1] 33
930:
	(10,4) 237
	[1,1] 33
929:
	(10,4) 237
	[1,1] 33
928:
	(10,4) 237
	[1,1] 33
927:
	(46,11) 191
	[7,2] 26
926:
	(18,9) 219
	[3,2] 30
925:
	(99,10) 138
	[15,2] 18
924:
	(9,9) 682
	[0,0] 97
923:
	(2,2) 458
	[0,0] 65
922:
	(2,2) 458
	[0,0] 65
921:
	(9,9) 682
	[0,0] 97
920:
	(2,2) 458
	[0,0] 65
919:
	(9,9) 682
	[0,0] 97
918:
	(9,9) 682
	[0,0] 97
917:
	(2,2) 458
	[0,0] 65
916:
	(9,9) 682
	[0,0] 97
915:
	(9,9) 682
	[0,0] 97
914:
	(2,2) 458
	[0,0] 65
913:
	(2,2) 458
	[0,0] 65
912:
	(2,2) 458
	[0,0] 65
911:
	(2,2) 458
	[0,0] 65
910:
	(2,2) 458
	[0,0] 65
909:
	(2,2) 458
	[0,0] 65
908:
	(9,9) 682
	[0,0] 97
907:
	(2,2) 458
	[0,0] 65
906:
	(9,9) 682
	[0,0] 97
905:
	(2,2) 458
	[0,0] 65
904:
	(9,9) 682
	[0,0] 97
903:
	(2,2) 458
	[0,0] 65
902:
	(2,2) 458
	[0,0] 65
901:
	(2,2) 458
	[0,0] 65
900:
	(9,9) 682
	[0,0] 97
899:
	(2,2) 458
	[0,0] 65
898:
	(2,2) 458
	[0,0] 65
897:
	(2,2) 458
	[0,0] 65
896:
	(9,9) 682
	[0,0] 97
895:
	(2,2) 458
	[0,0] 65
894:
	(2,2) 458
	[0,0] 65
893:
	(2,2) 458
	[0,0] 65
892:
	(9,9) 682
	[0,0] 97
891:
	(2,2) 458
	[0,0] 65
890:
	(9,9) 682
	[0,0] 97
889:
	(2,2) 458
	[0,0] 65
888:
	(9,9) 682
	[0,0] 97
887:
	(2,2) 458
	[0,0] 65
886:
	(2,2) 458
	[0,0] 65
885:
	(9,9) 682
	[0,0] 97
884:
	(9,9) 682
	[0,0] 97
883:
	(2,2) 458
	[0,0] 65
882:
	(2,2) 458
	[0,0] 65
881:
	(9,9) 682
	[0,0] 97
880:
	(2,2) 458
	[0,0] 65
879:
	(9,9) 682
	[0,0] 97
878:
	(2,2) 458
	[0,0] 65
877:
	(9,9) 682
	[0,0] 97
876:
	(9,9) 682
	[0,0] 97
875:
	(2,2) 461
	[0,0] 65
874:
	(2,2) 458
	[0,0] 65
873:
	(9,9) 682
	[0,0] 97
872:
	(9,9) 682
	[0,0] 97
871:
	(9,9) 682
	[0,0] 97
870:
	(9,9) 682
	[0,0] 97
869:
	(9,9) 682
	[0,0] 97
868:
	(2,2) 458
	[0,0] 65
867:
	(9,9) 682
	[0,0] 97
866:
	(2,2) 458
	[0,0] 65
865:
	(2,2) 458
	[0,0] 65
864:
	(2,2) 458
	[0,0] 65
863:
	(2,2) 458
	[0,0] 65
862:
	(2,2) 458
	[0,0] 65
861:
	(2,2) 461
	[0,0] 65
860:
	(2,2) 458
	[0,0] 65
859:
	(9,9) 682
	[0,0] 97
858:
	(2,2) 458
	[0,0] 65
857:
	(9,9) 682
	[0,0] 97
856:
	(8,8) 684
	[0,0] 97
855:
	(2,2) 458
	[0,0] 65
854:
	(7,5) 683
	[0,0] 97
853:
	(2,2) 458
	[0,0] 65
852:
	(9,9) 682
	[0,0] 97
851:
	(2,2) 458
	[0,0] 65
850:
	(9,9) 682
	[0,0] 97
849:
	(2,2) 458
	[0,0] 65
848:
	(9,9) 682
	[0,0] 97
847:
	(9,9) 682
	[0,0] 97
846:
	(9,9) 682
	[0,0] 97
845:
	(2,2) 458
	[0,0] 65
844:
	(9,9) 682
	[0,0] 97
843:
	(9,9) 682
	[0,0] 97
842:
	(9,9) 682
	[0,0] 97
841:
	(2,2) 458
	[0,0] 65
840:
	(2,2) 458
	[0,0] 65
839:
	(2,2) 461
	[0,0] 65
838:
	(9,9) 682
	[0,0] 97
837:
	(9,9) 682
	[0,0] 97
836:
	(2,2) 458
	[0,0] 65
835:
	(2,2) 458
	[0,0] 65
834:
	(9,9) 682
	[0,0] 97
833:
	(9,9) 685
	[0,0] 97
832:
	(9,9) 682
	[0,0] 97
831:
	(9,9) 682
	[0,0] 97
830:
	(2,2) 458
	[0,0] 65
829:
	(9,9) 682
	[0,0] 97
828:
	(9,9) 682
	[0,0] 97
827:
	(2,2) 458
	[0,0] 65
826:
	(9,9) 682
	[0,0] 97
825:
	(9,9) 682
	[0,0] 97
824:
	(2,2) 458
	[0,0] 65
823:
	(2,2) 458
	[0,0] 65
822:
	(9,9) 682
	[0,0] 97
821:
	(9,9) 682
	[0,0] 97
820:
	(2,2) 458
	[0,0] 65
819:
	(9,9) 682
	[0,0] 97
818:
	(2,2) 458
	[0,0] 65
817:
	(9,9) 682
	[0,0] 97
816:
	(2,2) 458
	[0,0] 65
815:
	(9,9) 682
	[0,0] 97
814:
	(9,9) 682
	[0,0] 97
813:
	(9,9) 682
	[0,0] 97
812:
	(9,9) 682
	[0,0] 97
811:
	(2,2) 458
	[0,0] 65
810:
	(9,9) 682
	[0,0] 97
809:
	(11,11) 683
	[0,0] 97
808:
	(2,2) 458
	[0,0] 65
807:
	(2,2) 461
	[0,0] 65
806:
	(9,9) 682
	[0,0] 97
805:
	(9,9) 682
	[0,0] 97
804:
	(9,9) 682
	[0,0] 97
803:
	(2,2) 458
	[0,0] 65
802:
	(2,2) 458
	[0,0] 65
801:
	(9,9) 682
	[0,0] 97
800:
	(9,9) 685
	[0,0] 97
799:
	(9,9) 682
	[0,0] 97
798:
	(2,2) 458
	[0,0] 65
797:
	(2,2) 458
	[0,0] 65
796:
	(2,2) 245
	[0,0] 34
795:
	(2,2) 244
	[0,0] 34
794:
	(440,4) 30
	[64,1] 2
793:
	(2,2) 245
	[0,0] 34
792:
	(666,4) 30
	[96,1] 2
791:
	(666,4) 30
	[96,1] 2
790:
	(440,4) 30
	[64,1] 2
789:
	(440,4) 30
	[64,1] 2
788:
	(666,4) 30
	[96,1] 2
787:
	(2,2) 248
	[0,0] 34
786:
	(2,2) 245
	[0,0] 34
785:
	(2,2) 244
	[0,0] 34
784:
	(2,2) 245
	[0,0] 34
783:
	(2,2) 245
	[0,0] 34
782:
	(2,2) 245
	[0,0] 34
781:
	(2,2) 244
	[0,0] 34
780:
	(2,2) 244
	[0,0] 34
779:
	(2,2) 244
	[0,0] 34
778:
	(2,2) 245
	[0,0] 34
777:
	(440,4) 30
	[64,1] 2
776:
	(2,2) 245
	[0,0] 34
775:
	(2,2) 245
	[0,0] 34
774:
	(2,2) 244
	[0,0] 34
773:
	(2,2) 245
	[0,0] 34
772:
	(2,2) 244
	[0,0] 34
771:
	(2,2) 248
	[0,0] 34
770:
	(2,2) 245
	[0,0] 34
769:
	(2,2) 245
	[0,0] 34
768:
	(227,4) 32
	[33,1] 2
767:
	(440,4) 30
	[64,1] 2
766:
	(440,4) 30
	[64,1] 2
765:
	(440,4) 32
	[64,1] 2
764:
	(2,2) 245
	[0,0] 34
763:
	(2,2) 244
	[0,0] 34
762:
	(2,2) 244
	[0,0] 34
761:
	(2,2) 244
	[0,0] 34
760:
	(2,2) 244
	[0,0] 34
759:
	(2,2) 245
	[0,0] 34
758:
	(666,4) 30
	[96,1] 2
757:
	(2,2) 245
	[0,0] 34
756:
	(666,4) 30
	[96,1] 2
755:
	(666,4) 30
	[96,1] 2
754:
	(2,2) 244
	[0,0] 34
753:
	(440,4) 30
	[64,1] 2
752:
	(2,2) 245
	[0,0] 34
751:
	(2,2) 244
	[0,0] 34
750:
	(440,4) 30
	[64,1] 2
749:
	(666,4) 30
	[96,1] 2
748:
	(2,2) 244
	[0,0] 34
747:
	(2,2) 245
	[0,0] 34
746:
	(2,2) 244
	[0,0] 34
745:
	(440,4) 30
	[64,1] 2
744:
	(666,4) 30
	[96,1] 2
743:
	(2,2) 244
	[0,0] 34
742:
	(440,4) 30
	[64,1] 2
741:
	(2,2) 245
	[0,0] 34
740:
	(2,2) 245
	[0,0] 34
739:
	(2,2) 245
	[0,0] 34
738:
	(665,4) 32
	[96,1] 2
737:
	(2,2) 245
	[0,0] 34
736:
	(2,2) 244
	[0,0] 34
735:
	(2,2) 244
	[0,0] 34
734:
	(2,2) 244
	[0,0] 34
733:
	(2,2) 244
	[0,0] 34
732:
	(2,2) 244
	[0,0] 34
731:
	(2,2) 244
	[0,0] 34
730:
	(2,2) 244
	[0,0] 34
729:
	(2,2) 248
	[0,0] 34
728:
	(2,2) 248
	[0,0] 34
727:
	(666,4) 30
	[96,1] 2
726:
	(2,2) 244
	[0,0] 34
725:
	(2,2) 245
	[0,0] 34
724:
	(2,2) 244
	[0,0] 34
723:
	(2,2) 245
	[0,0] 34
722:
	(2,2) 244
	[0,0] 34
721:
	(440,4) 30
	[64,1] 2
720:
	(2,2) 244
	[0,0] 34
719:
	(2,2) 244
	[0,0] 34
718:
	(666,4) 30
	[96,1] 2
717:
	(2,2) 244
	[0,0] 34
716:
	(2,2) 245
	[0,0] 34
715:
	(2,2) 245
	[0,0] 34
714:
	(2,2) 245
	[0,0] 34
713:
	(2,2) 245
	[0,0] 34
712:
	(2,2) 245
	[0,0] 34
711:
	(2,2) 245
	[0,0] 34
710:
	(2,2) 245
	[0,0] 34
709:
	(2,2) 244
	[0,0] 34
708:
	(10,4) 237
	[1,1] 33
707:
	(11,13) 239
	[1,2] 33
706:
	(10,4) 237
	[1,1] 33
705:
	(11,13) 239
	[1,2] 33
704:
	(10,4) 237
	[1,1] 33
703:
	(3,3) 234
	[0,0] 33
702:
	(3,3) 234
	[0,0] 33
701:
	(3,3) 234
	[0,0] 33
700:
	(3,3) 243
	[0,0] 34
699:
	(3,3) 234
	[0,0] 33
698:
	(3,3) 254
	[0,0] 35
697:
	(3,3) 243
	[0,0] 34
696:
	(3,3) 243
	[0,0] 34
695:
	(3,3) 234
	[0,0] 33
2984:
	(8,8) 671
	[0,0] 97
682:
	(4,7) 675
	[0,0] 97
2983:
	(8,8) 671
	[0,0] 97
681:
	(4,8) 678
	[0,0] 97
680:
	(4,7) 675
	[0,0] 97
2982:
	(8,8) 671
	[0,0] 97
679:
	(4,8) 678
	[0,0] 97
678:
	(4,7) 675
	[0,0] 97
2981:
	(8,8) 671
	[0,0] 97
677:
	(4,8) 678
	[0,0] 97
676:
	(4,7) 675
	[0,0] 97
2980:
	(8,8) 671
	[0,0] 97
675:
	(4,8) 678
	[0,0] 97
674:
	(4,7) 675
	[0,0] 97
2979:
	(8,8) 671
	[0,0] 97
673:
	(4,8) 678
	[0,0] 97
672:
	(4,7) 675
	[0,0] 97
2978:
	(8,8) 671
	[0,0] 97
671:
	(4,8) 678
	[0,0] 97
670:
	(4,7) 675
	[0,0] 97
2977:
	(8,8) 671
	[0,0] 97
669:
	(4,8) 678
	[0,0] 97
668:
	(4,7) 675
	[0,0] 97
2976:
	(8,8) 671
	[0,0] 97
667:
	(4,8) 678
	[0,0] 97
666:
	(4,7) 675
	[0,0] 97
2975:
	(8,8) 671
	[0,0] 97
665:
	(4,8) 678
	[0,0] 97
664:
	(4,7) 675
	[0,0] 97
2974:
	(8,8) 671
	[0,0] 97
663:
	(4,8) 678
	[0,0] 97
662:
	(4,7) 675
	[0,0] 97
2973:
	(8,8) 671
	[0,0] 97
661:
	(4,8) 678
	[0,0] 97
660:
	(4,7) 675
	[0,0] 97
2972:
	(8,8) 671
	[0,0] 97
659:
	(4,8) 678
	[0,0] 97
658:
	(4,7) 675
	[0,0] 97
2971:
	(8,8) 671
	[0,0] 97
657:
	(4,8) 678
	[0,0] 97
656:
	(4,7) 675
	[0,0] 97
2970:
	(8,8) 671
	[0,0] 97
655:
	(4,8) 678
	[0,0] 97
654:
	(4,7) 675
	[0,0] 97
2969:
	(8,8) 671
	[0,0] 97
653:
	(4,8) 678
	[0,0] 97
652:
	(4,7) 675
	[0,0] 97
2968:
	(8,8) 671
	[0,0] 97
651:
	(4,8) 678
	[0,0] 97
650:
	(4,7) 675
	[0,0] 97
2967:
	(8,8) 671
	[0,0] 97
649:
	(4,8) 678
	[0,0] 97
648:
	(4,7) 675
	[0,0] 97
2966:
	(8,8) 671
	[0,0] 97
647:
	(4,8) 678
	[0,0] 97
646:
	(4,7) 675
	[0,0] 97
2965:
	(8,8) 671
	[0,0] 97
645:
	(4,8) 678
	[0,0] 97
644:
	(4,7) 675
	[0,0] 97
2964:
	(8,8) 671
	[0,0] 97
643:
	(4,8) 678
	[0,0] 97
642:
	(4,7) 675
	[0,0] 97
2963:
	(8,8) 671
	[0,0] 97
641:
	(4,8) 678
	[0,0] 97
640:
	(4,7) 675
	[0,0] 97
2962:
	(8,8) 671
	[0,0] 97
639:
	(4,8) 678
	[0,0] 97
638:
	(4,7) 675
	[0,0] 97
2961:
	(8,8) 671
	[0,0] 97
637:
	(4,8) 678
	[0,0] 97
636:
	(4,7) 675
	[0,0] 97
2960:
	(8,8) 671
	[0,0] 97
635:
	(4,8) 678
	[0,0] 97
634:
	(4,7) 675
	[0,0] 97
2959:
	(8,8) 671
	[0,0] 97
633:
	(4,8) 678
	[0,0] 97
632:
	(4,7) 675
	[0,0] 97
2958:
	(8,8) 671
	[0,0] 97
631:
	(4,8) 678
	[0,0] 97
630:
	(4,7) 675
	[0,0] 97
2957:
	(8,8) 671
	[0,0] 97
629:
	(4,8) 678
	[0,0] 97
628:
	(4,7) 675
	[0,0] 97
2956:
	(8,8) 671
	[0,0] 97
627:
	(4,8) 678
	[0,0] 97
626:
	(4,7) 675
	[0,0] 97
2955:
	(8,8) 671
	[0,0] 97
625:
	(4,8) 678
	[0,0] 97
624:
	(4,7) 675
	[0,0] 97
2954:
	(8,8) 686
	[0,0] 97
623:
	(4,8) 678
	[0,0] 97
622:
	(4,7) 682
	[0,0] 97
2953:
	(8,8) 686
	[0,0] 97
621:
	(4,8) 685
	[0,0] 97
620:
	(4,7) 689
	[0,0] 97
2952:
	(8,8) 671
	[0,0] 97
619:
	(4,8) 692
	[0,0] 97
618:
	(4,7) 675
	[0,0] 97
2951:
	(8,8) 671
	[0,0] 97
617:
	(4,8) 678
	[0,0] 97
616:
	(4,7) 675
	[0,0] 97
2950:
	(8,8) 671
	[0,0] 97
615:
	(4,8) 678
	[0,0] 97
614:
	(4,7) 675
	[0,0] 97
2949:
	(8,8) 671
	[0,0] 97
613:
	(4,8) 678
	[0,0] 97
612:
	(4,7) 675
	[0,0] 97
2948:
	(8,8) 671
	[0,0] 97
611:
	(4,8) 678
	[0,0] 97
610:
	(4,7) 675
	[0,0] 97
2947:
	(8,8) 671
	[0,0] 97
609:
	(4,8) 678
	[0,0] 97
608:
	(4,7) 675
	[0,0] 97
2946:
	(8,8) 671
	[0,0] 97
607:
	(4,8) 678
	[0,0] 97
606:
	(4,7) 675
	[0,0] 97
2945:
	(8,8) 671
	[0,0] 97
605:
	(4,8) 678
	[0,0] 97
604:
	(4,7) 675
	[0,0] 97
2944:
	(8,8) 671
	[0,0] 97
603:
	(4,8) 678
	[0,0] 97
602:
	(4,7) 675
	[0,0] 97
2943:
	(8,8) 671
	[0,0] 97
601:
	(4,8) 678
	[0,0] 97
600:
	(4,7) 675
	[0,0] 97
2942:
	(8,8) 671
	[0,0] 97
599:
	(4,8) 678
	[0,0] 97
598:
	(4,7) 675
	[0,0] 97
2941:
	(8,8) 671
	[0,0] 97
597:
	(4,8) 678
	[0,0] 97
596:
	(4,7) 675
	[0,0] 97
2940:
	(8,8) 671
	[0,0] 97
595:
	(4,8) 678
	[0,0] 97
594:
	(4,7) 675
	[0,0] 97
2939:
	(8,8) 671
	[0,0] 97
593:
	(4,8) 678
	[0,0] 97
592:
	(4,7) 675
	[0,0] 97
2938:
	(8,8) 671
	[0,0] 97
591:
	(4,8) 678
	[0,0] 97
590:
	(4,7) 675
	[0,0] 97
2937:
	(8,8) 671
	[0,0] 97
589:
	(4,8) 678
	[0,0] 97
588:
	(4,7) 675
	[0,0] 97
2936:
	(8,8) 671
	[0,0] 97
587:
	(4,8) 678
	[0,0] 97
586:
	(4,7) 675
	[0,0] 97
2935:
	(8,8) 671
	[0,0] 97
585:
	(4,8) 678
	[0,0] 97
584:
	(4,7) 675
	[0,0] 97
2934:
	(8,8) 671
	[0,0] 97
583:
	(4,8) 678
	[0,0] 97
582:
	(4,7) 675
	[0,0] 97
2933:
	(8,8) 671
	[0,0] 97
581:
	(4,8) 678
	[0,0] 97
580:
	(4,7) 675
	[0,0] 97
2932:
	(8,8) 671
	[0,0] 97
579:
	(4,8) 678
	[0,0] 97
578:
	(4,7) 675
	[0,0] 97
2931:
	(8,8) 671
	[0,0] 97
577:
	(4,8) 678
	[0,0] 97
576:
	(4,7) 675
	[0,0] 97
2930:
	(8,8) 671
	[0,0] 97
575:
	(4,8) 678
	[0,0] 97
574:
	(4,7) 675
	[0,0] 97
2929:
	(8,8) 671
	[0,0] 97
573:
	(4,8) 678
	[0,0] 97
572:
	(4,7) 675
	[0,0] 97
2928:
	(8,8) 671
	[0,0] 97
571:
	(4,8) 678
	[0,0] 97
570:
	(4,7) 675
	[0,0] 97
2927:
	(8,8) 671
	[0,0] 97
569:
	(4,8) 678
	[0,0] 97
568:
	(4,7) 675
	[0,0] 97
2926:
	(8,8) 671
	[0,0] 97
567:
	(4,8) 678
	[0,0] 97
566:
	(4,7) 675
	[0,0] 97
2925:
	(8,8) 671
	[0,0] 97
565:
	(4,8) 678
	[0,0] 97
564:
	(4,7) 675
	[0,0] 97
2924:
	(10,10) 671
	[0,0] 97
563:
	(4,13) 678
	[0,0] 97
562:
	(9,7) 682
	[0,0] 97
561:
	(6,8) 675
	[0,0] 97
2923:
	(8,8) 671
	[0,0] 97
560:
	(4,12) 679
	[0,0] 97
559:
	(8,5) 683
	[0,0] 97
558:
	(4,7) 675
	[0,0] 97
2922:
	(7,7) 685
	[0,0] 97
557:
	(4,7) 678
	[0,0] 97
2921:
	(4,6) 683
	[0,0] 97
556:
	(3,3) 676
	[0,0] 97
555:
	(3,3) 676
	[0,0] 97
554:
	(3,3) 676
	[0,0] 97
553:
	(3,3) 676
	[0,0] 97
552:
	(3,3) 676
	[0,0] 97
551:
	(3,3) 676
	[0,0] 97
550:
	(3,3) 676
	[0,0] 97
549:
	(3,3) 676
	[0,0] 97
548:
	(3,3) 676
	[0,0] 97
547:
	(3,3) 676
	[0,0] 97
546:
	(3,3) 676
	[0,0] 97
545:
	(3,3) 676
	[0,0] 97
544:
	(3,3) 676
	[0,0] 97
543:
	(3,3) 676
	[0,0] 97
542:
	(3,3) 676
	[0,0] 97
541:
	(3,3) 676
	[0,0] 97
540:
	(3,3) 676
	[0,0] 97
539:
	(3,3) 676
	[0,0] 97
538:
	(3,3) 676
	[0,0] 97
537:
	(3,3) 676
	[0,0] 97
536:
	(3,3) 676
	[0,0] 97
535:
	(3,3) 676
	[0,0] 97
534:
	(3,3) 676
	[0,0] 97
533:
	(3,3) 676
	[0,0] 97
532:
	(3,3) 676
	[0,0] 97
531:
	(3,3) 676
	[0,0] 97
530:
	(3,3) 676
	[0,0] 97
529:
	(3,3) 676
	[0,0] 97
528:
	(3,3) 676
	[0,0] 97
527:
	(3,3) 676
	[0,0] 97
526:
	(3,3) 676
	[0,0] 97
525:
	(3,3) 676
	[0,0] 97
524:
	(3,3) 676
	[0,0] 97
523:
	(3,3) 676
	[0,0] 97
522:
	(3,3) 676
	[0,0] 97
521:
	(3,3) 676
	[0,0] 97
520:
	(3,3) 676
	[0,0] 97
519:
	(3,3) 676
	[0,0] 97
518:
	(3,3) 676
	[0,0] 97
517:
	(3,3) 678
	[0,0] 97
516:
	(3,3) 676
	[0,0] 97
515:
	(3,3) 683
	[0,0] 97
514:
	(3,3) 676
	[0,0] 97
513:
	(3,3) 676
	[0,0] 97
512:
	(3,3) 676
	[0,0] 97
511:
	(3,3) 682
	[0,0] 97
510:
	(3,3) 676
	[0,0] 97
509:
	(3,3) 676
	[0,0] 97
508:
	(3,3) 690
	[0,0] 97
507:
	(3,3) 676
	[0,0] 97
506:
	(3,3) 676
	[0,0] 97
505:
	(3,3) 676
	[0,0] 97
504:
	(3,3) 676
	[0,0] 97
503:
	(3,3) 676
	[0,0] 97
502:
	(3,3) 676
	[0,0] 97
501:
	(3,3) 676
	[0,0] 97
500:
	(3,3) 676
	[0,0] 97
499:
	(3,3) 676
	[0,0] 97
498:
	(3,3) 676
	[0,0] 97
497:
	(3,3) 676
	[0,0] 97
496:
	(3,3) 676
	[0,0] 97
495:
	(3,3) 676
	[0,0] 97
494:
	(3,3) 676
	[0,0] 97
492:
	(2,3) 687
	[0,0] 97
491:
	(2,3) 680
	[0,0] 97
490:
	(2,3) 680
	[0,0] 97
489:
	(2,3) 680
	[0,0] 97
488:
	(2,3) 694
	[0,0] 97
487:
	(2,3) 680
	[0,0] 97
486:
	(2,3) 680
	[0,0] 97
485:
	(2,3) 680
	[0,0] 97
484:
	(2,3) 680
	[0,0] 97
483:
	(2,3) 680
	[0,0] 97
482:
	(2,3) 680
	[0,0] 97
481:
	(2,3) 680
	[0,0] 97
480:
	(2,3) 680
	[0,0] 97
479:
	(2,3) 680
	[0,0] 97
478:
	(2,3) 680
	[0,0] 97
477:
	(2,3) 680
	[0,0] 97
476:
	(3,5) 680
	[0,0] 97
475:
	(2,3) 680
	[0,0] 97
474:
	(2,3) 680
	[0,0] 97
473:
	(2,3) 680
	[0,0] 97
472:
	(2,3) 680
	[0,0] 97
471:
	(2,3) 680
	[0,0] 97
470:
	(2,3) 680
	[0,0] 97
469:
	(2,3) 680
	[0,0] 97
468:
	(2,3) 680
	[0,0] 97
467:
	(2,3) 680
	[0,0] 97
466:
	(2,3) 680
	[0,0] 97
465:
	(2,3) 680
	[0,0] 97
464:
	(2,3) 680
	[0,0] 97
463:
	(2,3) 680
	[0,0] 97
462:
	(2,3) 687
	[0,0] 97
493:
	(3,5) 682
	[0,0] 97
461:
	(2,3) 680
	[0,0] 97
460:
	(2,3) 680
	[0,0] 97
459:
	(2,3) 680
	[0,0] 97
458:
	(2,3) 680
	[0,0] 97
457:
	(2,3) 680
	[0,0] 97
456:
	(2,3) 680
	[0,0] 97
455:
	(2,3) 680
	[0,0] 97
454:
	(2,3) 680
	[0,0] 97
453:
	(2,3) 680
	[0,0] 97
452:
	(2,3) 680
	[0,0] 97
451:
	(2,3) 680
	[0,0] 97
450:
	(2,3) 680
	[0,0] 97
449:
	(2,3) 680
	[0,0] 97
448:
	(2,3) 680
	[0,0] 97
447:
	(2,3) 680
	[0,0] 97
446:
	(2,3) 680
	[0,0] 97
445:
	(2,3) 680
	[0,0] 97
444:
	(2,3) 680
	[0,0] 97
443:
	(2,3) 680
	[0,0] 97
442:
	(2,3) 680
	[0,0] 97
441:
	(2,3) 680
	[0,0] 97
440:
	(2,3) 680
	[0,0] 97
439:
	(2,3) 680
	[0,0] 97
438:
	(2,3) 680
	[0,0] 97
437:
	(2,3) 680
	[0,0] 97
436:
	(2,3) 680
	[0,0] 97
435:
	(2,3) 680
	[0,0] 97
434:
	(2,3) 680
	[0,0] 97
433:
	(2,3) 680
	[0,0] 97
432:
	(2,3) 680
	[0,0] 97
431:
	(2,3) 680
	[0,0] 97
430:
	(2,3) 680
	[0,0] 97
429:
	(2,2) 685
	[0,0] 97
428:
	(2,2) 683
	[0,0] 97
427:
	(2,2) 683
	[0,0] 97
426:
	(2,2) 685
	[0,0] 97
2985:
	(9,98) 139
	[2,15] 18
2986:
	(10,45) 192
	[2,7] 26
690:
	(5,94) 143
	[1,14] 19
689:
	(39,9) 198
	[6,2] 27
2987:
	(8,17) 220
	[2,3] 30
688:
	(39,6) 198
	[6,1] 27
687:
	(5,38) 199
	[1,6] 27
686:
	(11,7) 226
	[2,2] 31
685:
	(54,4) 183
	[8,1] 25
684:
	(11,4) 226
	[2,1] 31
683:
	(26,4) 211
	[4,1] 29
395:
	(12,10) 239
	[2,1] 33
394:
	(12,10) 239
	[2,1] 33
3031:
	(8,218) 243
	[1,32] 34
3030:
	(172,7) 289
	[24,1] 42
3029:
	(142,7) 319
	[20,1] 46
3028:
	(112,8) 349
	[16,1] 50
3027:
	(59,7) 402
	[8,1] 58
3026:
	(45,7) 416
	[8,1] 58
3025:
	(52,7) 409
	[8,1] 58
3024:
	(22,6) 439
	[4,1] 62
3023:
	(29,6) 432
	[4,1] 62
3022:
	(36,6) 425
	[4,1] 62
3021:
	(15,11) 446
	[4,1] 62
3020:
	(29,6) 432
	[4,1] 62
3019:
	(29,6) 432
	[4,1] 62
3018:
	(36,6) 425
	[4,1] 62
3017:
	(15,11) 446
	[4,1] 62
3016:
	(14,5) 447
	[2,1] 64
3015:
	(21,5) 440
	[2,1] 64
3014:
	(14,5) 447
	[2,1] 64
3013:
	(14,5) 447
	[2,1] 64
3012:
	(21,5) 440
	[2,1] 64
3011:
	(14,5) 447
	[2,1] 64
3010:
	(14,5) 447
	[2,1] 64
3009:
	(14,5) 447
	[2,1] 64
3008:
	(7,10) 454
	[2,1] 64
3007:
	(14,5) 447
	[2,1] 64
3006:
	(14,5) 447
	[2,1] 64
3005:
	(7,10) 454
	[2,1] 64
3004:
	(14,5) 447
	[2,1] 64
3003:
	(7,10) 454
	[2,1] 64
3002:
	(7,10) 454
	[2,1] 64
3001:
	(7,10) 454
	[2,1] 64
3000:
	(10,4) 451
	[1,1] 65
2999:
	(10,4) 451
	[1,1] 65
2998:
	(10,4) 451
	[1,1] 65
2997:
	(10,4) 451
	[1,1] 65
2996:
	(10,4) 451
	[1,1] 65
2995:
	(10,4) 451
	[1,1] 65
2994:
	(10,4) 451
	[1,1] 65
2993:
	(10,4) 451
	[1,1] 65
2992:
	(10,4) 451
	[1,1] 65
2991:
	(10,4) 451
	[1,1] 65
2990:
	(10,4) 451
	[1,1] 65
2989:
	(10,4) 451
	[1,1] 65
2988:
	(10,4) 451
	[1,1] 65

-----------------------------------
Sum of T(sa0)s: ∞
Sum of T(sa1)s: ∞
Testability index: ∞