0:
	(1,1) ∞
	[0,0] ∞
1:
	(1,1) 38
	[0,0] 8
x:
	(1,1) ∞
	[0,0] ∞
2:
	(1,1) 38
	[0,0] 8
3:
	(1,1) 34
	[0,0] 7
4:
	(1,1) 34
	[0,0] 7
5:
	(1,1) 62
	[0,0] 12
6:
	(1,1) 61
	[0,0] 12
7:
	(1,1) 61
	[0,0] 12
8:
	(1,1) 62
	[0,0] 12
9:
	(1,1) 61
	[0,0] 12
10:
	(1,1) 62
	[0,0] 12
11:
	(1,1) 61
	[0,0] 12
12:
	(1,1) 62
	[0,0] 12
13:
	(1,1) 61
	[0,0] 12
14:
	(1,1) 61
	[0,0] 12
15:
	(1,1) 61
	[0,0] 12
16:
	(1,1) 61
	[0,0] 12
17:
	(1,1) 62
	[0,0] 12
18:
	(1,1) 61
	[0,0] 12
19:
	(1,1) 61
	[0,0] 12
20:
	(1,1) ∞
	[0,0] ∞
21:
	(1,1) ∞
	[0,0] ∞
22:
	(1,1) ∞
	[0,0] ∞
23:
	(1,1) ∞
	[0,0] ∞
24:
	(1,1) ∞
	[0,0] ∞
25:
	(1,1) ∞
	[0,0] ∞
26:
	(1,1) ∞
	[0,0] ∞
27:
	(1,1) ∞
	[0,0] ∞
28:
	(1,1) ∞
	[0,0] ∞
29:
	(1,1) ∞
	[0,0] ∞
30:
	(1,1) ∞
	[0,0] ∞
31:
	(1,1) ∞
	[0,0] ∞
32:
	(1,1) ∞
	[0,0] ∞
33:
	(1,1) ∞
	[0,0] ∞
34:
	(1,1) ∞
	[0,0] ∞
35:
	(1,1) ∞
	[0,0] ∞
36:
	(1,1) 34
	[0,0] 7
37:
	(1,1) 61
	[0,0] 12
38:
	(1,1) 61
	[0,0] 12
39:
	(1,1) 61
	[0,0] 12
362:
	(32749,9) 241
	[4094,2] 40
274:
	(7,30) 33012
	[2,4] 4141
606:
	(10,499) 32494
	[2,63] 4072
203:
	(4,11) 51
	[1,2] 10
465:
	(52,7) 200
	[8,1] 32
71:
	(3,28) 27
	[1,5] 6
283:
	(5,32781) 209
	[1,4098] 36
295:
	(2734,4) 2994
	[432,1] 476
377:
	(7,1747) 232
	[1,275] 39
173:
	(3,1021) 31972
	[1,128] 4007
360:
	(5,32748) 245
	[1,4094] 41
635:
	(7,7) 55
	[1,1] 11
74:
	(3,28) 27
	[1,5] 6
381:
	(4084,11) 28909
	[511,2] 3624
163:
	(3,29) 173
	[1,4] 28
611:
	(10,16371) 16622
	[2,2047] 2088
422:
	(1366,4) 438
	[216,1] 72
348:
	(5,2028) 30965
	[1,254] 3881
136:
	(3,3) 60
	[0,0] 12
537:
	(22,28) 33
	[4,4] 7
427:
	(16,4) 186
	[2,1] 30
612:
	(10,32755) 235
	[2,4095] 39
463:
	(7,9) 58
	[1,1] 12
504:
	(7,2726) 263
	[1,431] 44
411:
	(54,4) 1716
	[8,1] 273
580:
	(3,144) 49
	[0,22] 11
52:
	(30,35) 0
	[7,7] 0
572:
	(30,29) 39
	[4,5] 8
480:
	(4,1018) 31975
	[0,127] 4008
266:
	(3,∞) 59
	[1,∞] 11
619:
	(10,10775) 422
	[2,1702] 69
391:
	(32756,11) 234
	[4095,2] 39
436:
	(3,12) 190
	[0,1] 31
494:
	(5,2740) 265
	[1,433] 44
62:
	(3,60) 1710
	[1,9] 272
435:
	(3,19) 183
	[0,2] 30
481:
	(4,8186) 24807
	[0,1023] 3112
201:
	(4,11) 51
	[1,2] 10
624:
	(8,173) 1623
	[2,28] 260
352:
	(4077,6) 28916
	[510,1] 3625
533:
	(6,182) 70
	[1,27] 13
607:
	(10,1011) 31982
	[2,127] 4008
190:
	(3,21882) 251
	[1,3456] 42
364:
	(65517,6) 65766
	[8190,1] 8231
438:
	(3,54) 252
	[0,7] 40
594:
	(31,26) 4
	[6,6] 1
525:
	(3,5466) 254
	[0,863] 43
426:
	(10942,4) 271
	[1728,1] 45
639:
	(8,8) 55
	[1,1] 11
343:
	(493,6) 32500
	[62,1] 4073
130:
	(3,3) 59
	[0,0] 12
551:
	(22,28) 33
	[4,4] 7
522:
	(15,20) 61
	[2,3] 12
178:
	(3,32765) 225
	[1,4096] 38
138:
	(3,3) 59
	[0,0] 12
337:
	(109,6) 32884
	[14,1] 4121
258:
	(3,∞) 59
	[1,∞] 11
515:
	(1359,13) 424
	[215,2] 70
471:
	(4,65530) 214
	[0,8191] 37
311:
	(5297,6) 5903
	[837,1] 935
171:
	(3,253) 32740
	[1,32] 4103
530:
	(3,163) 30
	[0,26] 7
413:
	(2734,4) 271
	[432,1] 45
280:
	(31,127) 32988
	[8,16] 4135
419:
	(26,4) 1744
	[4,1] 277
58:
	(3,32) 1738
	[1,5] 276
263:
	(4,∞) 59
	[1,∞] 11
49:
	(30,35) 0
	[7,7] 0
636:
	(∞,8) 70
	[∞,2] 14
460:
	(5,47) 142
	[1,7] 24
512:
	(5463,13) 257
	[863,2] 43
488:
	(10,11) 73
	[1,2] 14
600:
	(32785,22) 192
	[4098,5] 32
267:
	(3,∞) 59
	[1,∞] 11
301:
	(5,508) 1283
	[1,81] 206
552:
	(30,22) 102
	[4,3] 17
617:
	(21,1537) 233
	[5,243] 38
134:
	(3,3) 60
	[0,0] 12
371:
	(262125,9) 227
	[32766,2] 38
63:
	(3,67) 1703
	[1,10] 271
191:
	(4,11) 51
	[1,2] 10
412:
	(44,4) 208
	[6,1] 34
195:
	(4,12) 51
	[1,2] 10
409:
	(47,4) 1723
	[7,1] 274
55:
	(30,35) 0
	[7,7] 0
567:
	(3,25) 30
	[0,4] 7
595:
	(40,4) 1730
	[6,1] 275
170:
	(3,125) 32868
	[1,16] 4119
451:
	(3,57) 1713
	[0,8] 273
573:
	(5,68) 64
	[1,10] 11
473:
	(4,4090) 28903
	[0,511] 3624
347:
	(1005,9) 31988
	[126,2] 4009
609:
	(10,4083) 28910
	[2,511] 3624
449:
	(3,64) 1706
	[0,9] 272
53:
	(30,35) 0
	[7,7] 0
615:
	(10,262131) 221
	[2,32767] 37
511:
	(12,16) 48
	[2,2] 10
308:
	(2561,6) 3167
	[405,1] 503
325:
	(30,4) 32963
	[4,1] 4131
593:
	(19,24) 11
	[5,5] 2
328:
	(262142,4) 262351
	[32768,1] 32804
521:
	(17,16) 44
	[2,3] 9
641:
	(8,8) 55
	[1,1] 11
389:
	(244,11) 32749
	[31,2] 4104
368:
	(131053,9) 227
	[16382,2] 38
632:
	(7,7) 55
	[1,1] 11
588:
	(12,7) 23
	[2,2] 5
346:
	(1005,6) 31988
	[126,1] 4009
475:
	(4,506) 32487
	[0,63] 4072
518:
	(12,14) 69
	[2,2] 13
571:
	(11,68) 74
	[2,11] 14
441:
	(3,47) 205
	[0,6] 34
350:
	(2029,9) 30964
	[254,2] 3881
307:
	(5,2560) 432
	[1,405] 71
79:
	(3,28) 27
	[1,5] 6
499:
	(5,167) 56
	[1,26] 10
169:
	(3,61) 32932
	[1,8] 4127
41:
	(30,35) 0
	[7,7] 0
470:
	(4,131066) 214
	[0,16383] 37
627:
	(7,7) 55
	[1,1] 11
429:
	(7,44) 245
	[2,6] 38
469:
	(4,524279) 214
	[0,65535] 37
503:
	(7,5462) 263
	[1,863] 44
287:
	(7,340) 1620
	[2,54] 259
486:
	(6,32900) 77
	[1,4116] 14
297:
	(340,4) 1451
	[54,1] 233
355:
	(8173,6) 24820
	[1022,1] 3113
602:
	(8,19) 32974
	[2,3] 4132
457:
	(89,5) 163
	[12,1] 28
304:
	(5,1192) 599
	[1,189] 98
262:
	(3,∞) 59
	[1,∞] 11
194:
	(4,11) 51
	[1,2] 10
139:
	(3,3) 59
	[0,0] 12
424:
	(23,4) 179
	[3,1] 29
313:
	(5,10768) 432
	[1,1701] 71
410:
	(30,4) 222
	[4,1] 36
546:
	(22,28) 33
	[4,4] 7
51:
	(30,35) 0
	[7,7] 0
579:
	(3,33) 30
	[0,5] 7
390:
	(516,11) 1280
	[82,2] 206
646:
	(2,2) 66
	[0,0] 13
193:
	(4,11) 51
	[1,2] 10
447:
	(3,12) 240
	[0,1] 39
421:
	(5470,4) 271
	[864,1] 45
261:
	(4,∞) 59
	[1,∞] 11
583:
	(44,5) 1726
	[7,1] 274
40:
	(30,35) 0
	[7,7] 0
333:
	(5,44) 32949
	[1,6] 4129
302:
	(509,6) 1282
	[81,1] 206
183:
	(3,166) 27
	[1,27] 6
590:
	(1674,6) 96
	[264,1] 17
637:
	(∞,7) 71
	[∞,2] 14
299:
	(682,4) 1109
	[108,1] 179
46:
	(30,35) 0
	[7,7] 0
379:
	(51,4) 201
	[7,1] 33
472:
	(4,32762) 228
	[0,4095] 39
395:
	(1012,11) 31981
	[127,2] 4008
498:
	(5,10948) 265
	[1,1729] 44
386:
	(21717,10) 421
	[3430,2] 69
294:
	(167,4) 1624
	[27,1] 260
414:
	(21883,4) 271
	[3456,1] 45
575:
	(7,140) 58
	[1,22] 12
140:
	(3,3) 59
	[0,0] 12
319:
	(126,4) 32867
	[16,1] 4119
418:
	(340,4) 1472
	[54,1] 236
72:
	(3,28) 27
	[1,5] 6
539:
	(22,28) 33
	[4,4] 7
453:
	(3,36) 1734
	[0,5] 276
586:
	(1542,19) 228
	[244,3] 37
363:
	(5,65516) 231
	[1,8190] 39
70:
	(3,28) 27
	[1,5] 6
256:
	(4,∞) 59
	[1,∞] 11
538:
	(22,28) 33
	[4,4] 7
500:
	(7,165) 74
	[1,26] 14
327:
	(32766,4) 32981
	[4096,1] 4133
185:
	(3,681) 1110
	[1,108] 179
630:
	(7,7) 55
	[1,1] 11
618:
	(9,21716) 422
	[2,3430] 69
638:
	(7,7) 55
	[1,1] 11
506:
	(46,10) 96
	[8,2] 17
351:
	(5,4076) 28917
	[1,510] 3625
466:
	(118,6) 80
	[19,1] 15
509:
	(160,9) 33
	[26,2] 7
479:
	(4,16378) 16615
	[0,2047] 2088
315:
	(10769,9) 428
	[1701,2] 70
255:
	(3,∞) 59
	[1,∞] 11
397:
	(262132,11) 220
	[32767,2] 37
166:
	(3,147) 46
	[1,23] 10
603:
	(10,51) 32942
	[2,7] 4128
417:
	(23,4) 229
	[3,1] 37
268:
	(4,∞) 59
	[1,∞] 11
278:
	(19,254) 33000
	[5,32] 4138
502:
	(7,10934) 263
	[1,1727] 44
385:
	(10776,11) 421
	[1702,2] 69
358:
	(16365,6) 16628
	[2046,1] 2089
434:
	(27,5) 225
	[4,1] 36
317:
	(1022,4) 31971
	[128,1] 4007
388:
	(16372,11) 16621
	[2047,2] 2088
402:
	(2568,11) 421
	[406,2] 69
257:
	(3,∞) 59
	[1,∞] 11
59:
	(3,39) 1731
	[1,6] 275
631:
	(7,7) 55
	[1,1] 11
392:
	(2,2) 33
	[0,0] 7
604:
	(10,115) 32878
	[2,15] 4120
581:
	(3,72) 65
	[0,11] 13
45:
	(30,35) 0
	[7,7] 0
353:
	(4077,9) 28916
	[510,2] 3625
443:
	(7,37) 83
	[2,6] 15
142:
	(3,3) 59
	[0,0] 12
177:
	(3,16381) 16612
	[1,2048] 2087
416:
	(16,4) 236
	[2,1] 38
517:
	(333,13) 1458
	[53,2] 234
69:
	(3,28) 27
	[1,5] 6
81:
	(3,15) 237
	[1,2] 38
202:
	(4,11) 51
	[1,2] 10
548:
	(22,28) 33
	[4,4] 7
485:
	(5,156) 37
	[1,25] 8
303:
	(509,9) 1287
	[81,2] 207
83:
	(3,29) 223
	[1,4] 36
310:
	(5,5296) 432
	[1,837] 71
318:
	(131070,4) 131285
	[16384,1] 16421
553:
	(21,29) 47
	[3,4] 10
401:
	(174,9) 1622
	[28,2] 260
456:
	(3,26) 176
	[0,3] 29
131:
	(3,3) 59
	[0,0] 12
186:
	(3,1365) 418
	[1,216] 69
493:
	(5,346) 1466
	[1,55] 235
545:
	(22,28) 33
	[4,4] 7
487:
	(3,10) 80
	[0,2] 15
430:
	(7,37) 61
	[2,6] 11
540:
	(22,28) 33
	[4,4] 7
196:
	(4,11) 51
	[1,2] 10
610:
	(10,8179) 24814
	[2,1023] 3112
455:
	(3,15) 1755
	[0,2] 279
77:
	(3,28) 27
	[1,5] 6
272:
	(7,2046) 33012
	[2,256] 4141
260:
	(3,∞) 59
	[1,∞] 11
440:
	(3,50) 1720
	[0,7] 274
372:
	(5,524268) 225
	[1,65534] 38
432:
	(5,17) 142
	[1,3] 24
67:
	(3,28) 27
	[1,5] 6
162:
	(3,22) 180
	[1,3] 29
399:
	(20,9) 32973
	[3,2] 4132
382:
	(52,11) 32941
	[7,2] 4128
398:
	(131060,11) 220
	[16383,2] 37
495:
	(5,21889) 265
	[1,3457] 44
482:
	(4,250) 32743
	[0,31] 4104
446:
	(3,19) 233
	[0,2] 38
338:
	(109,9) 32884
	[14,2] 4121
205:
	(4,11) 51
	[1,2] 10
265:
	(3,∞) 59
	[1,∞] 11
529:
	(3,336) 1455
	[0,53] 234
206:
	(4,11) 51
	[1,2] 10
270:
	(3,∞) 59
	[1,∞] 11
561:
	(3,25) 30
	[0,4] 7
279:
	(23,255) 32996
	[6,32] 4137
491:
	(5,95) 59
	[1,15] 11
291:
	(9,1535) 245
	[2,243] 41
324:
	(2046,4) 30947
	[256,1] 3879
642:
	(7,7) 55
	[1,1] 11
305:
	(1193,6) 1799
	[189,1] 287
461:
	(48,6) 204
	[7,1] 33
556:
	(3,25) 30
	[0,4] 7
374:
	(2,2) 33
	[0,0] 7
577:
	(69,17) 68
	[11,3] 13
293:
	(10942,4) 11196
	[1728,1] 1771
589:
	(1601,6) 169
	[253,1] 28
477:
	(4,58) 32935
	[0,7] 4128
629:
	(7,7) 55
	[1,1] 11
340:
	(237,6) 32756
	[30,1] 4105
281:
	(35,13) 32984
	[9,2] 4134
445:
	(3,26) 226
	[0,3] 37
78:
	(3,28) 27
	[1,5] 6
43:
	(30,35) 0
	[7,7] 0
564:
	(3,25) 30
	[0,4] 7
420:
	(61,4) 1709
	[9,1] 272
64:
	(3,28) 27
	[1,5] 6
448:
	(3,5) 30
	[0,0] 7
613:
	(10,65523) 221
	[2,8191] 37
259:
	(4,∞) 59
	[1,∞] 11
378:
	(682,4) 1130
	[108,1] 182
439:
	(3,40) 212
	[0,5] 35
180:
	(3,131069) 211
	[1,16384] 36
373:
	(2,2) 33
	[0,0] 7
44:
	(30,35) 0
	[7,7] 0
484:
	(157,6) 66
	[25,1] 11
73:
	(3,28) 27
	[1,5] 6
458:
	(40,5) 162
	[5,1] 27
396:
	(8180,11) 24813
	[1023,2] 3112
454:
	(3,29) 1741
	[0,4] 277
616:
	(9,524272) 221
	[2,65535] 37
423:
	(37,4) 215
	[5,1] 35
68:
	(3,28) 27
	[1,5] 6
563:
	(3,25) 30
	[0,4] 7
370:
	(262125,6) 262368
	[32766,1] 32806
490:
	(56,8) 196
	[9,1] 31
628:
	(8,8) 55
	[1,1] 11
129:
	(3,3) 60
	[0,0] 12
437:
	(3,5) 30
	[0,0] 7
336:
	(5,108) 32885
	[1,14] 4121
408:
	(9,4) 193
	[1,1] 31
547:
	(22,28) 33
	[4,4] 7
406:
	(13,4) 146
	[2,1] 25
312:
	(5297,9) 428
	[837,2] 70
349:
	(2029,6) 30964
	[254,1] 3881
75:
	(3,28) 27
	[1,5] 6
172:
	(3,509) 32484
	[1,64] 4071
513:
	(10935,13) 257
	[1727,2] 43
316:
	(5,21712) 426
	[1,3429] 70
380:
	(116,11) 32877
	[15,2] 4120
633:
	(7,7) 55
	[1,1] 11
80:
	(3,8) 27
	[1,1] 6
132:
	(3,3) 60
	[0,0] 12
375:
	(12,5) 1758
	[2,1] 279
76:
	(3,28) 27
	[1,5] 6
431:
	(5,1784) 62
	[1,281] 12
576:
	(141,13) 52
	[22,2] 11
433:
	(3,6) 64
	[0,1] 13
407:
	(9,4) 180
	[1,1] 30
334:
	(45,6) 32948
	[6,1] 4129
354:
	(5,8172) 24821
	[1,1022] 3113
587:
	(16,7) 23
	[3,2] 5
188:
	(3,5469) 251
	[1,864] 42
200:
	(4,11) 51
	[1,2] 10
622:
	(10,1199) 589
	[2,190] 96
47:
	(30,35) 0
	[7,7] 0
331:
	(65534,4) 65749
	[8192,1] 8229
605:
	(10,243) 32750
	[2,31] 4104
534:
	(23,17) 38
	[3,3] 8
625:
	(21,32784) 193
	[5,4098] 32
560:
	(3,25) 30
	[0,4] 7
168:
	(3,29) 32964
	[1,4] 4131
286:
	(1366,4) 417
	[216,1] 69
282:
	(14,43) 32976
	[2,11] 4132
321:
	(62,4) 32931
	[8,1] 4127
361:
	(32749,6) 32998
	[4094,1] 4135
592:
	(1701,5) 69
	[268,1] 13
474:
	(4,2042) 30951
	[0,255] 3880
137:
	(3,3) 59
	[0,0] 12
164:
	(3,36) 27
	[1,6] 6
550:
	(22,28) 33
	[4,4] 7
640:
	(8,8) 55
	[1,1] 11
345:
	(5,1004) 31989
	[1,126] 4009
56:
	(3,18) 1752
	[1,3] 278
442:
	(5,3) 34
	[0,0] 8
192:
	(4,12) 51
	[1,2] 10
599:
	(1538,22) 232
	[243,5] 38
425:
	(19,4) 1751
	[3,1] 278
591:
	(11,16) 19
	[3,3] 4
367:
	(131053,6) 131302
	[16382,1] 16423
450:
	(3,22) 1748
	[0,3] 278
526:
	(3,2730) 254
	[0,431] 43
570:
	(5,107) 80
	[1,16] 15
292:
	(13,1536) 241
	[3,243] 40
492:
	(5,1372) 432
	[1,217] 71
404:
	(148,4) 45
	[23,1] 10
541:
	(22,28) 33
	[4,4] 7
184:
	(3,339) 1452
	[1,54] 233
582:
	(9,4) 193
	[1,1] 31
182:
	(3,524282) 211
	[1,65536] 36
384:
	(1200,11) 588
	[190,2] 96
175:
	(3,4093) 28900
	[1,512] 3623
536:
	(22,28) 33
	[4,4] 7
322:
	(510,4) 32483
	[64,1] 4071
542:
	(22,28) 33
	[4,4] 7
284:
	(9,32782) 205
	[2,4098] 35
452:
	(3,43) 1727
	[0,6] 275
332:
	(13,7) 32980
	[2,2] 4133
614:
	(10,131059) 221
	[2,16383] 37
86:
	(3,50) 202
	[1,7] 33
634:
	(8,8) 55
	[1,1] 11
57:
	(3,25) 1745
	[1,4] 277
644:
	(7,7) 55
	[1,1] 11
462:
	(42,9) 100
	[7,2] 18
505:
	(5,5476) 265
	[1,865] 44
566:
	(3,25) 30
	[0,4] 7
339:
	(5,236) 32757
	[1,30] 4105
645:
	(16,∞) 62
	[4,∞] 12
320:
	(254,4) 32739
	[32,1] 4103
527:
	(3,1362) 421
	[0,215] 70
535:
	(13,133) 63
	[2,19] 12
464:
	(4,9) 30
	[0,1] 7
179:
	(3,65533) 211
	[1,8192] 36
359:
	(16365,9) 16628
	[2046,2] 2089
264:
	(3,∞) 59
	[1,∞] 11
543:
	(22,28) 33
	[4,4] 7
204:
	(4,12) 51
	[1,2] 10
344:
	(493,9) 32500
	[62,2] 4073
161:
	(3,15) 187
	[1,2] 30
428:
	(30,4) 172
	[4,1] 28
510:
	(21876,13) 257
	[3455,2] 43
608:
	(10,2035) 30958
	[2,255] 3880
544:
	(22,28) 33
	[4,4] 7
596:
	(68,4) 1702
	[10,1] 271
405:
	(76,4) 78
	[12,1] 14
199:
	(4,12) 51
	[1,2] 10
48:
	(30,35) 0
	[7,7] 0
369:
	(5,262124) 231
	[1,32766] 39
524:
	(3,10938) 254
	[0,1727] 43
520:
	(77,5) 125
	[12,1] 20
165:
	(3,75) 62
	[1,12] 12
330:
	(13,4) 32980
	[2,1] 4133
143:
	(3,3) 59
	[0,0] 12
309:
	(2561,9) 428
	[405,2] 70
620:
	(10,5303) 422
	[2,838] 69
523:
	(3,21879) 254
	[0,3455] 43
269:
	(3,∞) 59
	[1,∞] 11
584:
	(72,5) 1698
	[11,1] 270
623:
	(10,515) 1281
	[2,82] 206
501:
	(7,21875) 263
	[1,3455] 44
468:
	(4,262138) 214
	[0,32767] 37
85:
	(3,43) 209
	[1,6] 34
357:
	(5,16364) 16629
	[1,2046] 2089
549:
	(22,28) 33
	[4,4] 7
562:
	(3,25) 30
	[0,4] 7
176:
	(3,8189) 24804
	[1,1024] 3111
497:
	(5,688) 1124
	[1,109] 181
376:
	(33,4) 1737
	[5,1] 276
565:
	(3,25) 30
	[0,4] 7
275:
	(7,131070) 207
	[2,16384] 35
342:
	(5,492) 32501
	[1,62] 4073
135:
	(3,3) 59
	[0,0] 12
514:
	(2727,13) 257
	[431,2] 43
300:
	(167,7) 1629
	[27,2] 261
483:
	(18,11) 136
	[3,2] 23
528:
	(3,678) 1113
	[0,107] 180
181:
	(3,262141) 211
	[1,32768] 36
306:
	(1193,9) 595
	[189,2] 97
643:
	(7,7) 55
	[1,1] 11
160:
	(3,8) 27
	[1,1] 6
489:
	(10,11) 54
	[1,2] 11
403:
	(37,4) 95
	[6,1] 15
298:
	(5470,4) 5730
	[864,1] 908
128:
	(3,3) 59
	[0,0] 12
277:
	(15,2047) 33004
	[4,256] 4139
66:
	(3,28) 27
	[1,5] 6
467:
	(54,6) 148
	[7,1] 25
569:
	(3,25) 30
	[0,4] 7
290:
	(5,1534) 249
	[1,243] 42
574:
	(5,179) 60
	[1,27] 12
133:
	(3,3) 59
	[0,0] 12
326:
	(8190,4) 24803
	[1024,1] 3111
383:
	(524273,10) 220
	[65535,2] 37
356:
	(8173,9) 24820
	[1022,2] 3113
329:
	(16382,4) 16611
	[2048,1] 2087
60:
	(3,46) 1724
	[1,7] 274
187:
	(3,2733) 251
	[1,432] 42
400:
	(2036,11) 30957
	[255,2] 3880
568:
	(3,25) 30
	[0,4] 7
508:
	(7,674) 1122
	[1,107] 181
335:
	(45,9) 32948
	[6,2] 4129
557:
	(3,25) 30
	[0,4] 7
271:
	(32766,4) 224
	[4096,1] 38
516:
	(675,13) 1116
	[107,2] 180
597:
	(54,4) 1716
	[8,1] 273
478:
	(4,26) 32967
	[0,3] 4132
507:
	(7,332) 1464
	[1,53] 235
366:
	(5,131052) 231
	[1,16382] 39
167:
	(3,12) 27
	[1,2] 6
54:
	(30,35) 0
	[7,7] 0
555:
	(3,25) 30
	[0,4] 7
558:
	(3,25) 30
	[0,4] 7
532:
	(92,6) 160
	[15,1] 25
476:
	(4,122) 32871
	[0,15] 4120
459:
	(3,33) 219
	[0,4] 36
598:
	(26,4) 1744
	[4,1] 277
365:
	(65517,9) 227
	[8190,2] 38
496:
	(7,1358) 430
	[1,215] 71
341:
	(237,9) 32756
	[30,2] 4105
61:
	(3,53) 1717
	[1,8] 273
289:
	(167,11) 1616
	[27,3] 258
65:
	(3,28) 27
	[1,5] 6
601:
	(13,5) 189
	[2,1] 30
393:
	(500,11) 32493
	[63,2] 4072
273:
	(7,8190) 33012
	[2,1024] 4141
323:
	(4094,4) 28899
	[512,1] 3623
296:
	(1366,4) 1626
	[216,1] 260
394:
	(65524,11) 220
	[8191,2] 37
174:
	(3,2045) 30948
	[1,256] 3879
87:
	(3,57) 249
	[1,8] 39
197:
	(4,12) 51
	[1,2] 10
519:
	(64,9) 188
	[11,1] 29
198:
	(4,11) 51
	[1,2] 10
444:
	(114,5) 84
	[18,1] 16
288:
	(7,5470) 247
	[2,864] 41
42:
	(30,35) 0
	[7,7] 0
621:
	(10,2567) 422
	[2,406] 69
141:
	(3,3) 60
	[0,0] 12
415:
	(40,4) 1730
	[6,1] 275
189:
	(3,10941) 251
	[1,1728] 42
387:
	(5304,11) 421
	[838,2] 69
314:
	(10769,6) 11369
	[1701,1] 1798
626:
	(1746,6) 24
	[275,1] 6
285:
	(13,32783) 201
	[3,4098] 34
84:
	(3,36) 216
	[1,5] 35
578:
	(30,36) 33
	[5,5] 7
276:
	(7,126) 33012
	[2,16] 4141
531:
	(6,132) 70
	[1,19] 13
585:
	(58,5) 1712
	[9,1] 272
50:
	(30,35) 0
	[7,7] 0
82:
	(3,22) 230
	[1,3] 37
554:
	(3,25) 30
	[0,4] 7
559:
	(3,25) 30
	[0,4] 7
1_1[203]:
	(1,1) ∞
	[0,0] ∞
1_2[71]:
	(1,1) 58
	[0,0] 12
1_3[71]:
	(1,1) ∞
	[0,0] ∞
1_4[173]:
	(1,1) 32996
	[0,0] 4136
1_5[173]:
	(1,1) ∞
	[0,0] ∞
1_6[74]:
	(1,1) 58
	[0,0] 12
1_7[74]:
	(1,1) ∞
	[0,0] ∞
1_8[163]:
	(1,1) 205
	[0,0] 33
1_9[163]:
	(1,1) ∞
	[0,0] ∞
1_10[266]:
	(1,1) ∞
	[0,0] ∞
1_11[62]:
	(1,1) 1773
	[0,0] 282
1_12[62]:
	(1,1) ∞
	[0,0] ∞
1_13[201]:
	(1,1) ∞
	[0,0] ∞
1_14[190]:
	(1,1) 22136
	[0,0] 3499
1_15[190]:
	(1,1) ∞
	[0,0] ∞
1_16[178]:
	(1,1) 32993
	[0,0] 4135
1_17[178]:
	(1,1) ∞
	[0,0] ∞
1_18[258]:
	(1,1) ∞
	[0,0] ∞
1_19[171]:
	(1,1) 32996
	[0,0] 4136
1_20[171]:
	(1,1) ∞
	[0,0] ∞
1_21[58]:
	(1,1) 1773
	[0,0] 282
1_22[58]:
	(1,1) ∞
	[0,0] ∞
1_23[263]:
	(1,1) ∞
	[0,0] ∞
1_24[267]:
	(1,1) ∞
	[0,0] ∞
1_25[63]:
	(1,1) 1773
	[0,0] 282
1_26[63]:
	(1,1) ∞
	[0,0] ∞
1_27[191]:
	(1,1) ∞
	[0,0] ∞
1_28[195]:
	(1,1) ∞
	[0,0] ∞
1_29[170]:
	(1,1) 32996
	[0,0] 4136
1_30[170]:
	(1,1) ∞
	[0,0] ∞
1_31[79]:
	(1,1) 58
	[0,0] 12
1_32[79]:
	(1,1) ∞
	[0,0] ∞
1_33[169]:
	(1,1) 32996
	[0,0] 4136
1_34[169]:
	(1,1) ∞
	[0,0] ∞
1_35[262]:
	(1,1) ∞
	[0,0] ∞
1_36[194]:
	(1,1) ∞
	[0,0] ∞
1_37[193]:
	(1,1) ∞
	[0,0] ∞
1_38[261]:
	(1,1) ∞
	[0,0] ∞
1_39[183]:
	(1,1) 196
	[0,0] 34
1_40[183]:
	(1,1) ∞
	[0,0] ∞
1_41[72]:
	(1,1) 58
	[0,0] 12
1_42[72]:
	(1,1) ∞
	[0,0] ∞
1_43[70]:
	(1,1) 58
	[0,0] 12
1_44[70]:
	(1,1) ∞
	[0,0] ∞
1_45[256]:
	(1,1) ∞
	[0,0] ∞
1_46[185]:
	(1,1) 1794
	[0,0] 288
1_47[185]:
	(1,1) ∞
	[0,0] ∞
1_48[255]:
	(1,1) ∞
	[0,0] ∞
1_49[166]:
	(1,1) 196
	[0,0] 34
1_50[166]:
	(1,1) ∞
	[0,0] ∞
1_51[268]:
	(1,1) ∞
	[0,0] ∞
1_52[257]:
	(1,1) ∞
	[0,0] ∞
1_53[59]:
	(1,1) 1773
	[0,0] 282
1_54[59]:
	(1,1) ∞
	[0,0] ∞
1_55[177]:
	(1,1) 32996
	[0,0] 4136
1_56[177]:
	(1,1) ∞
	[0,0] ∞
1_57[69]:
	(1,1) 58
	[0,0] 12
1_58[69]:
	(1,1) ∞
	[0,0] ∞
1_59[81]:
	(1,1) 255
	[0,0] 41
1_60[81]:
	(1,1) ∞
	[0,0] ∞
1_61[202]:
	(1,1) ∞
	[0,0] ∞
1_62[83]:
	(1,1) 255
	[0,0] 41
1_63[83]:
	(1,1) ∞
	[0,0] ∞
1_64[186]:
	(1,1) 1786
	[0,0] 286
1_65[186]:
	(1,1) ∞
	[0,0] ∞
1_66[196]:
	(1,1) ∞
	[0,0] ∞
1_67[77]:
	(1,1) 58
	[0,0] 12
1_68[77]:
	(1,1) ∞
	[0,0] ∞
1_69[260]:
	(1,1) ∞
	[0,0] ∞
1_70[67]:
	(1,1) 58
	[0,0] 12
1_71[67]:
	(1,1) ∞
	[0,0] ∞
1_72[162]:
	(1,1) 205
	[0,0] 33
1_73[162]:
	(1,1) ∞
	[0,0] ∞
1_74[205]:
	(1,1) ∞
	[0,0] ∞
1_75[265]:
	(1,1) ∞
	[0,0] ∞
1_76[206]:
	(1,1) ∞
	[0,0] ∞
1_77[270]:
	(1,1) ∞
	[0,0] ∞
1_78[78]:
	(1,1) 58
	[0,0] 12
1_79[78]:
	(1,1) ∞
	[0,0] ∞
1_80[64]:
	(1,1) 58
	[0,0] 12
1_81[64]:
	(1,1) ∞
	[0,0] ∞
1_82[259]:
	(1,1) ∞
	[0,0] ∞
1_83[180]:
	(1,1) 131283
	[0,0] 16421
1_84[180]:
	(1,1) ∞
	[0,0] ∞
1_85[73]:
	(1,1) 58
	[0,0] 12
1_86[73]:
	(1,1) ∞
	[0,0] ∞
1_87[68]:
	(1,1) 58
	[0,0] 12
1_88[68]:
	(1,1) ∞
	[0,0] ∞
1_89[75]:
	(1,1) 58
	[0,0] 12
1_90[75]:
	(1,1) ∞
	[0,0] ∞
1_91[172]:
	(1,1) 32996
	[0,0] 4136
1_92[172]:
	(1,1) ∞
	[0,0] ∞
1_93[80]:
	(1,1) 38
	[0,0] 8
1_94[80]:
	(1,1) ∞
	[0,0] ∞
1_95[76]:
	(1,1) 58
	[0,0] 12
1_96[76]:
	(1,1) ∞
	[0,0] ∞
1_97[188]:
	(1,1) 5723
	[0,0] 907
1_98[188]:
	(1,1) ∞
	[0,0] ∞
1_99[200]:
	(1,1) ∞
	[0,0] ∞
1_100[168]:
	(1,1) 32996
	[0,0] 4136
1_101[168]:
	(1,1) ∞
	[0,0] ∞
1_102[164]:
	(1,1) 66
	[0,0] 13
1_103[164]:
	(1,1) ∞
	[0,0] ∞
1_104[56]:
	(1,1) 1773
	[0,0] 282
1_105[56]:
	(1,1) ∞
	[0,0] ∞
1_106[192]:
	(1,1) ∞
	[0,0] ∞
1_107[184]:
	(1,1) 1794
	[0,0] 288
1_108[184]:
	(1,1) ∞
	[0,0] ∞
1_109[182]:
	(1,1) 524496
	[0,0] 65573
1_110[182]:
	(1,1) ∞
	[0,0] ∞
1_111[175]:
	(1,1) 32996
	[0,0] 4136
1_112[175]:
	(1,1) ∞
	[0,0] ∞
1_113[86]:
	(1,1) 255
	[0,0] 41
1_114[86]:
	(1,1) ∞
	[0,0] ∞
1_115[57]:
	(1,1) 1773
	[0,0] 282
1_116[57]:
	(1,1) ∞
	[0,0] ∞
1_117[179]:
	(1,1) 65747
	[0,0] 8229
1_118[179]:
	(1,1) ∞
	[0,0] ∞
1_119[264]:
	(1,1) ∞
	[0,0] ∞
1_120[204]:
	(1,1) ∞
	[0,0] ∞
1_121[161]:
	(1,1) 205
	[0,0] 33
1_122[161]:
	(1,1) ∞
	[0,0] ∞
1_123[199]:
	(1,1) ∞
	[0,0] ∞
1_124[165]:
	(1,1) 140
	[0,0] 25
1_125[165]:
	(1,1) ∞
	[0,0] ∞
1_126[269]:
	(1,1) ∞
	[0,0] ∞
1_127[85]:
	(1,1) 255
	[0,0] 41
1_128[85]:
	(1,1) ∞
	[0,0] ∞
1_129[176]:
	(1,1) 32996
	[0,0] 4136
1_130[176]:
	(1,1) ∞
	[0,0] ∞
1_131[181]:
	(1,1) 262355
	[0,0] 32805
1_132[181]:
	(1,1) ∞
	[0,0] ∞
1_133[160]:
	(1,1) 38
	[0,0] 8
1_134[160]:
	(1,1) ∞
	[0,0] ∞
1_135[66]:
	(1,1) 58
	[0,0] 12
1_136[66]:
	(1,1) ∞
	[0,0] ∞
1_137[60]:
	(1,1) 1773
	[0,0] 282
1_138[60]:
	(1,1) ∞
	[0,0] ∞
1_139[187]:
	(1,1) 2987
	[0,0] 475
1_140[187]:
	(1,1) ∞
	[0,0] ∞
1_141[167]:
	(1,1) 42
	[0,0] 9
1_142[167]:
	(1,1) ∞
	[0,0] ∞
1_143[61]:
	(1,1) 1773
	[0,0] 282
1_144[61]:
	(1,1) ∞
	[0,0] ∞
1_145[65]:
	(1,1) 58
	[0,0] 12
1_146[65]:
	(1,1) ∞
	[0,0] ∞
1_147[174]:
	(1,1) 32996
	[0,0] 4136
1_148[174]:
	(1,1) ∞
	[0,0] ∞
1_149[87]:
	(1,1) 309
	[0,0] 48
1_150[87]:
	(1,1) ∞
	[0,0] ∞
1_151[197]:
	(1,1) ∞
	[0,0] ∞
1_152[198]:
	(1,1) ∞
	[0,0] ∞
1_153[189]:
	(1,1) 11195
	[0,0] 1771
1_154[189]:
	(1,1) ∞
	[0,0] ∞
1_155[84]:
	(1,1) 255
	[0,0] 41
1_156[84]:
	(1,1) ∞
	[0,0] ∞
1_157[82]:
	(1,1) 255
	[0,0] 41
1_158[82]:
	(1,1) ∞
	[0,0] ∞
2_1[203]:
	(1,1) 66
	[0,0] 13
2_2[71]:
	(1,1) 58
	[0,0] 12
2_3[173]:
	(1,1) 32996
	[0,0] 4136
2_4[74]:
	(1,1) 58
	[0,0] 12
2_5[163]:
	(1,1) 205
	[0,0] 33
2_6[266]:
	(1,1) ∞
	[0,0] ∞
2_7[62]:
	(1,1) 1773
	[0,0] 282
2_8[201]:
	(1,1) 66
	[0,0] 13
2_9[190]:
	(1,1) 22136
	[0,0] 3499
2_10[178]:
	(1,1) 32993
	[0,0] 4135
2_11[258]:
	(1,1) ∞
	[0,0] ∞
2_12[171]:
	(1,1) 32996
	[0,0] 4136
2_13[58]:
	(1,1) 1773
	[0,0] 282
2_14[263]:
	(1,1) ∞
	[0,0] ∞
2_15[267]:
	(1,1) ∞
	[0,0] ∞
2_16[63]:
	(1,1) 1773
	[0,0] 282
2_17[191]:
	(1,1) 66
	[0,0] 13
2_18[195]:
	(1,1) 67
	[0,0] 13
2_19[170]:
	(1,1) 32996
	[0,0] 4136
2_20[79]:
	(1,1) 58
	[0,0] 12
2_21[169]:
	(1,1) 32996
	[0,0] 4136
2_22[262]:
	(1,1) ∞
	[0,0] ∞
2_23[194]:
	(1,1) 66
	[0,0] 13
2_24[193]:
	(1,1) 66
	[0,0] 13
2_25[261]:
	(1,1) ∞
	[0,0] ∞
2_26[183]:
	(1,1) 196
	[0,0] 34
2_27[72]:
	(1,1) 58
	[0,0] 12
2_28[70]:
	(1,1) 58
	[0,0] 12
2_29[256]:
	(1,1) ∞
	[0,0] ∞
2_30[185]:
	(1,1) 1794
	[0,0] 288
2_31[255]:
	(1,1) ∞
	[0,0] ∞
2_32[166]:
	(1,1) 196
	[0,0] 34
2_33[268]:
	(1,1) ∞
	[0,0] ∞
2_34[257]:
	(1,1) ∞
	[0,0] ∞
2_35[59]:
	(1,1) 1773
	[0,0] 282
2_36[177]:
	(1,1) 32996
	[0,0] 4136
2_37[69]:
	(1,1) 58
	[0,0] 12
2_38[81]:
	(1,1) 255
	[0,0] 41
2_39[202]:
	(1,1) 66
	[0,0] 13
2_40[83]:
	(1,1) 255
	[0,0] 41
2_41[186]:
	(1,1) 1786
	[0,0] 286
2_42[196]:
	(1,1) 66
	[0,0] 13
2_43[77]:
	(1,1) 58
	[0,0] 12
2_44[260]:
	(1,1) ∞
	[0,0] ∞
2_45[67]:
	(1,1) 58
	[0,0] 12
2_46[162]:
	(1,1) 205
	[0,0] 33
2_47[205]:
	(1,1) 66
	[0,0] 13
2_48[265]:
	(1,1) ∞
	[0,0] ∞
2_49[206]:
	(1,1) 66
	[0,0] 13
2_50[270]:
	(1,1) ∞
	[0,0] ∞
2_51[78]:
	(1,1) 58
	[0,0] 12
2_52[64]:
	(1,1) 58
	[0,0] 12
2_53[259]:
	(1,1) ∞
	[0,0] ∞
2_54[180]:
	(1,1) 131283
	[0,0] 16421
2_55[73]:
	(1,1) 58
	[0,0] 12
2_56[68]:
	(1,1) 58
	[0,0] 12
2_57[75]:
	(1,1) 58
	[0,0] 12
2_58[172]:
	(1,1) 32996
	[0,0] 4136
2_59[80]:
	(1,1) 38
	[0,0] 8
2_60[76]:
	(1,1) 58
	[0,0] 12
2_61[188]:
	(1,1) 5723
	[0,0] 907
2_62[200]:
	(1,1) 66
	[0,0] 13
2_63[168]:
	(1,1) 32996
	[0,0] 4136
2_64[164]:
	(1,1) 66
	[0,0] 13
2_65[56]:
	(1,1) 1773
	[0,0] 282
2_66[192]:
	(1,1) 67
	[0,0] 13
2_67[184]:
	(1,1) 1794
	[0,0] 288
2_68[182]:
	(1,1) 524496
	[0,0] 65573
2_69[175]:
	(1,1) 32996
	[0,0] 4136
2_70[86]:
	(1,1) 255
	[0,0] 41
2_71[57]:
	(1,1) 1773
	[0,0] 282
2_72[179]:
	(1,1) 65747
	[0,0] 8229
2_73[264]:
	(1,1) ∞
	[0,0] ∞
2_74[204]:
	(1,1) 67
	[0,0] 13
2_75[161]:
	(1,1) 205
	[0,0] 33
2_76[199]:
	(1,1) 67
	[0,0] 13
2_77[165]:
	(1,1) 140
	[0,0] 25
2_78[269]:
	(1,1) ∞
	[0,0] ∞
2_79[85]:
	(1,1) 255
	[0,0] 41
2_80[176]:
	(1,1) 32996
	[0,0] 4136
2_81[181]:
	(1,1) 262355
	[0,0] 32805
2_82[160]:
	(1,1) 38
	[0,0] 8
2_83[66]:
	(1,1) 58
	[0,0] 12
2_84[60]:
	(1,1) 1773
	[0,0] 282
2_85[187]:
	(1,1) 2987
	[0,0] 475
2_86[167]:
	(1,1) 42
	[0,0] 9
2_87[61]:
	(1,1) 1773
	[0,0] 282
2_88[65]:
	(1,1) 58
	[0,0] 12
2_89[174]:
	(1,1) 32996
	[0,0] 4136
2_90[87]:
	(1,1) 309
	[0,0] 48
2_91[197]:
	(1,1) 67
	[0,0] 13
2_92[198]:
	(1,1) 66
	[0,0] 13
2_93[189]:
	(1,1) 11195
	[0,0] 1771
2_94[84]:
	(1,1) 255
	[0,0] 41
2_95[82]:
	(1,1) 255
	[0,0] 41
3_1[646]:
	(1,1) 67
	[0,0] 13
3_2[373]:
	(1,1) 34
	[0,0] 7
4_1[392]:
	(1,1) 34
	[0,0] 7
4_2[128]:
	(1,1) 61
	[0,0] 12
36_1[136]:
	(1,1) 62
	[0,0] 12
36_2[140]:
	(1,1) 61
	[0,0] 12
36_3[374]:
	(1,1) 34
	[0,0] 7
36_4[132]:
	(1,1) 62
	[0,0] 12
36_5[128]:
	(1,1) 61
	[0,0] 12
37_1[129]:
	(1,1) 62
	[0,0] 12
37_2[137]:
	(1,1) 61
	[0,0] 12
37_3[133]:
	(1,1) 61
	[0,0] 12
37_4[141]:
	(1,1) 62
	[0,0] 12
38_1[130]:
	(1,1) 61
	[0,0] 12
38_2[138]:
	(1,1) 61
	[0,0] 12
38_3[134]:
	(1,1) 62
	[0,0] 12
38_4[142]:
	(1,1) 61
	[0,0] 12
39_1[139]:
	(1,1) 61
	[0,0] 12
39_2[131]:
	(1,1) 61
	[0,0] 12
39_3[143]:
	(1,1) 61
	[0,0] 12
39_4[135]:
	(1,1) 61
	[0,0] 12
173_1[347]:
	(3,1021) 31994
	[1,128] 4010
173_2[317]:
	(3,1021) 31972
	[1,128] 4007
173_3[276]:
	(3,1021) 33016
	[1,128] 4142
360_1[362]:
	(5,32748) 245
	[1,4094] 41
360_2[611]:
	(5,32748) 32988
	[1,4094] 4134
360_3[361]:
	(5,32748) 32999
	[1,4094] 4135
348_1[607]:
	(5,2028) 32988
	[1,254] 4134
348_2[350]:
	(5,2028) 30968
	[1,254] 3882
348_3[349]:
	(5,2028) 30965
	[1,254] 3881
427_1[435]:
	(16,4) 186
	[2,1] 30
427_2[458]:
	(16,4) 186
	[2,1] 30
266_1[267]:
	(3,∞) 62
	[1,∞] 12
266_2[633]:
	(3,∞) 59
	[1,∞] 11
62_1[420]:
	(3,60) 1710
	[1,9] 272
62_2[584]:
	(3,60) 1767
	[1,9] 280
190_1[414]:
	(3,21882) 272
	[1,3456] 45
190_2[618]:
	(3,21882) 428
	[1,3456] 70
190_3[291]:
	(3,21882) 251
	[1,3456] 42
594_1[52]:
	(31,26) 4
	[6,6] 1
594_2[49]:
	(31,26) 4
	[6,6] 1
594_3[55]:
	(31,26) 4
	[6,6] 1
594_4[53]:
	(31,26) 4
	[6,6] 1
594_5[41]:
	(31,26) 4
	[6,6] 1
594_6[51]:
	(31,26) 4
	[6,6] 1
594_7[40]:
	(31,26) 4
	[6,6] 1
594_8[46]:
	(31,26) 4
	[6,6] 1
594_9[45]:
	(31,26) 4
	[6,6] 1
594_10[43]:
	(31,26) 4
	[6,6] 1
594_11[44]:
	(31,26) 4
	[6,6] 1
594_12[47]:
	(31,26) 4
	[6,6] 1
594_13[48]:
	(31,26) 4
	[6,6] 1
594_14[54]:
	(31,26) 4
	[6,6] 1
594_15[42]:
	(31,26) 4
	[6,6] 1
594_16[50]:
	(31,26) 4
	[6,6] 1
178_1[362]:
	(3,32765) 247
	[1,4096] 41
178_2[327]:
	(3,32765) 32982
	[1,4096] 4133
178_3[271]:
	(3,32765) 225
	[1,4096] 38
258_1[631]:
	(3,∞) 59
	[1,∞] 11
258_2[259]:
	(3,∞) 63
	[1,∞] 12
171_1[278]:
	(3,253) 33016
	[1,32] 4142
171_2[320]:
	(3,253) 32740
	[1,32] 4103
171_3[341]:
	(3,253) 32762
	[1,32] 4106
58_1[583]:
	(3,32) 1767
	[1,5] 280
58_2[376]:
	(3,32) 1738
	[1,5] 276
263_1[640]:
	(4,∞) 59
	[1,∞] 11
263_2[264]:
	(4,∞) 62
	[1,∞] 12
460_1[461]:
	(5,47) 205
	[1,7] 33
460_2[483]:
	(5,47) 142
	[1,7] 24
267_1[637]:
	(3,∞) 75
	[1,∞] 15
267_2[268]:
	(3,∞) 63
	[1,∞] 12
267_3[642]:
	(3,∞) 59
	[1,∞] 11
301_1[624]:
	(5,508) 1791
	[1,81] 287
301_2[302]:
	(5,508) 1283
	[1,81] 206
301_3[303]:
	(5,508) 1291
	[1,81] 208
552_1[573]:
	(30,22) 102
	[4,3] 17
552_2[570]:
	(30,22) 157
	[4,3] 27
552_3[574]:
	(30,22) 209
	[4,3] 35
191_1[538]:
	(4,11) 51
	[1,2] 10
191_2[375]:
	(4,11) 1759
	[1,2] 279
170_1[319]:
	(3,125) 32868
	[1,16] 4119
170_2[338]:
	(3,125) 32890
	[1,16] 4122
170_3[276]:
	(3,125) 33016
	[1,16] 4142
307_1[308]:
	(5,2560) 3168
	[1,405] 503
307_2[622]:
	(5,2560) 1783
	[1,405] 285
307_3[309]:
	(5,2560) 432
	[1,405] 71
169_1[274]:
	(3,61) 33016
	[1,8] 4142
169_2[321]:
	(3,61) 32932
	[1,8] 4127
169_3[335]:
	(3,61) 32954
	[1,8] 4130
304_1[305]:
	(5,1192) 1800
	[1,189] 287
304_2[623]:
	(5,1192) 1791
	[1,189] 287
304_3[306]:
	(5,1192) 599
	[1,189] 98
262_1[263]:
	(3,∞) 63
	[1,∞] 12
262_2[638]:
	(3,∞) 59
	[1,∞] 11
424_1[456]:
	(23,4) 179
	[3,1] 29
424_2[458]:
	(23,4) 179
	[3,1] 29
313_1[315]:
	(5,10768) 432
	[1,1701] 71
313_2[620]:
	(5,10768) 5720
	[1,1701] 906
313_3[314]:
	(5,10768) 11370
	[1,1701] 1798
646_1[203]:
	(2,2) 66
	[0,0] 13
646_2[266]:
	(2,2) ∞
	[0,0] ∞
646_3[201]:
	(2,2) 66
	[0,0] 13
646_4[258]:
	(2,2) ∞
	[0,0] ∞
646_5[263]:
	(2,2) ∞
	[0,0] ∞
646_6[267]:
	(2,2) ∞
	[0,0] ∞
646_7[191]:
	(2,2) 66
	[0,0] 13
646_8[195]:
	(2,2) 67
	[0,0] 13
646_9[262]:
	(2,2) ∞
	[0,0] ∞
646_10[194]:
	(2,2) 66
	[0,0] 13
646_11[193]:
	(2,2) 66
	[0,0] 13
646_12[261]:
	(2,2) ∞
	[0,0] ∞
646_13[256]:
	(2,2) ∞
	[0,0] ∞
646_14[255]:
	(2,2) ∞
	[0,0] ∞
646_15[268]:
	(2,2) ∞
	[0,0] ∞
646_16[257]:
	(2,2) ∞
	[0,0] ∞
646_17[202]:
	(2,2) 66
	[0,0] 13
646_18[196]:
	(2,2) 66
	[0,0] 13
646_19[260]:
	(2,2) ∞
	[0,0] ∞
646_20[205]:
	(2,2) 66
	[0,0] 13
646_21[265]:
	(2,2) ∞
	[0,0] ∞
646_22[206]:
	(2,2) 66
	[0,0] 13
646_23[270]:
	(2,2) ∞
	[0,0] ∞
646_24[259]:
	(2,2) ∞
	[0,0] ∞
646_25[200]:
	(2,2) 66
	[0,0] 13
646_26[192]:
	(2,2) 67
	[0,0] 13
646_27[264]:
	(2,2) ∞
	[0,0] ∞
646_28[204]:
	(2,2) 67
	[0,0] 13
646_29[199]:
	(2,2) 67
	[0,0] 13
646_30[269]:
	(2,2) ∞
	[0,0] ∞
646_31[197]:
	(2,2) 67
	[0,0] 13
646_32[198]:
	(2,2) 66
	[0,0] 13
261_1[639]:
	(4,∞) 59
	[1,∞] 11
261_2[262]:
	(4,∞) 62
	[1,∞] 12
333_1[602]:
	(5,44) 32988
	[1,6] 4134
333_2[334]:
	(5,44) 32949
	[1,6] 4129
333_3[335]:
	(5,44) 32952
	[1,6] 4130
183_1[294]:
	(3,166) 1625
	[1,27] 260
183_2[509]:
	(3,166) 39
	[1,27] 8
183_3[587]:
	(3,166) 27
	[1,27] 6
183_4[300]:
	(3,166) 1633
	[1,27] 262
183_5[289]:
	(3,166) 1624
	[1,27] 260
379_1[438]:
	(51,4) 255
	[7,1] 40
379_2[457]:
	(51,4) 201
	[7,1] 33
363_1[612]:
	(5,65516) 32985
	[1,8190] 4133
363_2[364]:
	(5,65516) 65767
	[1,8190] 8231
363_3[365]:
	(5,65516) 231
	[1,8190] 39
256_1[257]:
	(4,∞) 62
	[1,∞] 12
256_2[634]:
	(4,∞) 59
	[1,∞] 11
185_1[287]:
	(3,681) 1624
	[1,108] 260
185_2[299]:
	(3,681) 1110
	[1,108] 179
185_3[303]:
	(3,681) 1293
	[1,108] 208
185_4[378]:
	(3,681) 1131
	[1,108] 182
506_1[571]:
	(46,10) 96
	[8,2] 17
506_2[520]:
	(46,10) 156
	[8,2] 24
351_1[352]:
	(5,4076) 28917
	[1,510] 3625
351_2[353]:
	(5,4076) 28920
	[1,510] 3626
351_3[608]:
	(5,4076) 32988
	[1,510] 4134
255_1[627]:
	(3,∞) 59
	[1,∞] 11
255_2[256]:
	(3,∞) 63
	[1,∞] 12
166_1[521]:
	(3,147) 57
	[1,23] 11
166_2[518]:
	(3,147) 80
	[1,23] 14
166_3[506]:
	(3,147) 139
	[1,23] 24
166_4[466]:
	(3,147) 195
	[1,23] 33
166_5[430]:
	(3,147) 65
	[1,23] 12
166_6[404]:
	(3,147) 46
	[1,23] 10
417_1[434]:
	(23,4) 229
	[3,1] 37
417_2[445]:
	(23,4) 229
	[3,1] 37
268_1[636]:
	(4,∞) 74
	[1,∞] 15
268_2[641]:
	(4,∞) 59
	[1,∞] 11
268_3[269]:
	(4,∞) 62
	[1,∞] 12
257_1[258]:
	(3,∞) 62
	[1,∞] 12
257_2[632]:
	(3,∞) 59
	[1,∞] 11
59_1[595]:
	(3,39) 1731
	[1,6] 275
59_2[415]:
	(3,39) 1731
	[1,6] 275
443_1[485]:
	(7,37) 186
	[2,6] 31
443_2[487]:
	(7,37) 83
	[2,6] 15
177_1[359]:
	(3,16381) 16634
	[1,2048] 2090
177_2[329]:
	(3,16381) 16612
	[1,2048] 2087
177_3[273]:
	(3,16381) 33016
	[1,2048] 4142
81_1[434]:
	(3,15) 249
	[1,2] 39
81_2[416]:
	(3,15) 237
	[1,2] 38
485_1[494]:
	(5,156) 3000
	[1,25] 476
485_2[498]:
	(5,156) 11208
	[1,25] 1772
485_3[509]:
	(5,156) 37
	[1,25] 8
485_4[493]:
	(5,156) 1807
	[1,25] 289
485_5[495]:
	(5,156) 22149
	[1,25] 3500
485_6[484]:
	(5,156) 67
	[1,25] 11
485_7[492]:
	(5,156) 1799
	[1,25] 287
485_8[505]:
	(5,156) 5736
	[1,25] 908
485_9[497]:
	(5,156) 1807
	[1,25] 289
83_1[410]:
	(3,29) 223
	[1,4] 36
83_2[490]:
	(3,29) 249
	[1,4] 39
310_1[311]:
	(5,5296) 5904
	[1,837] 935
310_2[312]:
	(5,5296) 432
	[1,837] 71
310_3[621]:
	(5,5296) 2984
	[1,837] 474
553_1[572]:
	(21,29) 47
	[3,4] 10
553_2[552]:
	(21,29) 103
	[3,4] 17
553_3[571]:
	(21,29) 121
	[3,4] 22
553_4[575]:
	(21,29) 177
	[3,4] 31
186_1[422]:
	(3,1365) 439
	[1,216] 72
186_2[286]:
	(3,1365) 418
	[1,216] 69
186_3[306]:
	(3,1365) 601
	[1,216] 98
186_4[296]:
	(3,1365) 1627
	[1,216] 260
260_1[635]:
	(3,∞) 59
	[1,∞] 11
260_2[261]:
	(3,∞) 63
	[1,∞] 12
372_1[615]:
	(5,524268) 262347
	[1,65534] 32803
372_2[616]:
	(5,524268) 225
	[1,65534] 38
265_1[266]:
	(3,∞) 62
	[1,∞] 12
265_2[637]:
	(3,∞) 75
	[1,∞] 15
265_3[643]:
	(3,∞) 59
	[1,∞] 11
270_1[636]:
	(3,∞) 75
	[1,∞] 15
270_2[629]:
	(3,∞) 59
	[1,∞] 11
374_1[487]:
	(2,2) 88
	[0,0] 17
374_2[437]:
	(2,2) 33
	[0,0] 7
374_3[433]:
	(2,2) 68
	[0,0] 14
374_4[442]:
	(2,2) 37
	[0,0] 8
259_1[260]:
	(4,∞) 62
	[1,∞] 12
259_2[628]:
	(4,∞) 59
	[1,∞] 11
180_1[368]:
	(3,131069) 233
	[1,16384] 39
180_2[318]:
	(3,131069) 131286
	[1,16384] 16421
180_3[275]:
	(3,131069) 211
	[1,16384] 36
373_1[580]:
	(2,2) 191
	[0,0] 33
373_2[436]:
	(2,2) 200
	[0,0] 32
373_3[435]:
	(2,2) 200
	[0,0] 32
373_4[438]:
	(2,2) 304
	[0,0] 47
373_5[525]:
	(2,2) 5718
	[0,0] 906
373_6[530]:
	(2,2) 191
	[0,0] 33
373_7[567]:
	(2,2) 53
	[0,0] 11
373_8[451]:
	(2,2) 1768
	[0,0] 281
373_9[449]:
	(2,2) 1768
	[0,0] 281
373_10[441]:
	(2,2) 250
	[0,0] 40
373_11[579]:
	(2,2) 61
	[0,0] 12
373_12[447]:
	(2,2) 250
	[0,0] 40
373_13[453]:
	(2,2) 1768
	[0,0] 281
373_14[581]:
	(2,2) 135
	[0,0] 24
373_15[456]:
	(2,2) 200
	[0,0] 32
373_16[455]:
	(2,2) 1768
	[0,0] 281
373_17[440]:
	(2,2) 1768
	[0,0] 281
373_18[446]:
	(2,2) 250
	[0,0] 40
373_19[529]:
	(2,2) 1789
	[0,0] 287
373_20[561]:
	(2,2) 53
	[0,0] 11
373_21[556]:
	(2,2) 53
	[0,0] 11
373_22[445]:
	(2,2) 250
	[0,0] 40
373_23[564]:
	(2,2) 53
	[0,0] 11
373_24[448]:
	(2,2) 33
	[0,0] 7
373_25[439]:
	(2,2) 250
	[0,0] 40
373_26[454]:
	(2,2) 1768
	[0,0] 281
373_27[563]:
	(2,2) 53
	[0,0] 11
373_28[437]:
	(2,2) 33
	[0,0] 7
373_29[560]:
	(2,2) 53
	[0,0] 11
373_30[442]:
	(2,2) 37
	[0,0] 8
373_31[450]:
	(2,2) 1768
	[0,0] 281
373_32[526]:
	(2,2) 2982
	[0,0] 474
373_33[452]:
	(2,2) 1768
	[0,0] 281
373_34[566]:
	(2,2) 53
	[0,0] 11
373_35[527]:
	(2,2) 1781
	[0,0] 285
373_36[524]:
	(2,2) 11190
	[0,0] 1770
373_37[523]:
	(2,2) 22131
	[0,0] 3498
373_38[562]:
	(2,2) 53
	[0,0] 11
373_39[565]:
	(2,2) 53
	[0,0] 11
373_40[528]:
	(2,2) 1789
	[0,0] 287
373_41[569]:
	(2,2) 53
	[0,0] 11
373_42[568]:
	(2,2) 53
	[0,0] 11
373_43[557]:
	(2,2) 53
	[0,0] 11
373_44[555]:
	(2,2) 53
	[0,0] 11
373_45[558]:
	(2,2) 53
	[0,0] 11
373_46[459]:
	(2,2) 250
	[0,0] 40
373_47[554]:
	(2,2) 53
	[0,0] 11
373_48[559]:
	(2,2) 53
	[0,0] 11
484_1[504]:
	(157,6) 2832
	[25,1] 450
484_2[499]:
	(157,6) 66
	[25,1] 11
484_3[503]:
	(157,6) 5568
	[25,1] 882
484_4[500]:
	(157,6) 82
	[25,1] 15
484_5[502]:
	(157,6) 11040
	[25,1] 1746
484_6[501]:
	(157,6) 21981
	[25,1] 3474
484_7[508]:
	(157,6) 1639
	[25,1] 263
484_8[507]:
	(157,6) 1639
	[25,1] 263
484_9[496]:
	(157,6) 1631
	[25,1] 261
423_1[457]:
	(37,4) 215
	[5,1] 35
423_2[439]:
	(37,4) 215
	[5,1] 35
336_1[337]:
	(5,108) 32885
	[1,14] 4121
336_2[603]:
	(5,108) 32988
	[1,14] 4134
336_3[338]:
	(5,108) 32888
	[1,14] 4122
408_1[436]:
	(9,4) 193
	[1,1] 31
408_2[499]:
	(9,4) 214
	[1,1] 35
172_1[279]:
	(3,509) 33016
	[1,64] 4142
172_2[322]:
	(3,509) 32484
	[1,64] 4071
172_3[344]:
	(3,509) 32506
	[1,64] 4074
316_1[619]:
	(5,21712) 11192
	[1,3429] 1770
316_2[618]:
	(5,21712) 426
	[1,3429] 70
80_1[407]:
	(3,8) 181
	[1,1] 30
80_2[591]:
	(3,8) 27
	[1,1] 6
407_1[460]:
	(9,4) 180
	[1,1] 30
407_2[447]:
	(9,4) 243
	[1,1] 39
354_1[609]:
	(5,8172) 32988
	[1,1022] 4134
354_2[355]:
	(5,8172) 24821
	[1,1022] 3113
354_3[356]:
	(5,8172) 24824
	[1,1022] 3114
188_1[421]:
	(3,5469) 272
	[1,864] 45
188_2[312]:
	(3,5469) 434
	[1,864] 71
188_3[298]:
	(3,5469) 5731
	[1,864] 908
188_4[288]:
	(3,5469) 251
	[1,864] 42
534_1[537]:
	(23,17) 38
	[3,3] 8
534_2[551]:
	(23,17) 38
	[3,3] 8
534_3[546]:
	(23,17) 38
	[3,3] 8
534_4[539]:
	(23,17) 38
	[3,3] 8
534_5[538]:
	(23,17) 38
	[3,3] 8
534_6[548]:
	(23,17) 38
	[3,3] 8
534_7[545]:
	(23,17) 38
	[3,3] 8
534_8[540]:
	(23,17) 38
	[3,3] 8
534_9[547]:
	(23,17) 38
	[3,3] 8
534_10[550]:
	(23,17) 38
	[3,3] 8
534_11[541]:
	(23,17) 38
	[3,3] 8
534_12[536]:
	(23,17) 38
	[3,3] 8
534_13[542]:
	(23,17) 38
	[3,3] 8
534_14[543]:
	(23,17) 38
	[3,3] 8
534_15[544]:
	(23,17) 38
	[3,3] 8
534_16[549]:
	(23,17) 38
	[3,3] 8
168_1[274]:
	(3,29) 33016
	[1,4] 4142
168_2[325]:
	(3,29) 32964
	[1,4] 4131
168_3[332]:
	(3,29) 32984
	[1,4] 4134
164_1[588]:
	(3,36) 27
	[1,6] 6
164_2[443]:
	(3,36) 87
	[1,6] 16
164_3[430]:
	(3,36) 65
	[1,6] 12
164_4[432]:
	(3,36) 156
	[1,6] 26
164_5[433]:
	(3,36) 67
	[1,6] 13
164_6[403]:
	(3,36) 96
	[1,6] 15
164_7[601]:
	(3,36) 199
	[1,6] 31
345_1[606]:
	(5,1004) 32988
	[1,126] 4134
345_2[347]:
	(5,1004) 31992
	[1,126] 4010
345_3[346]:
	(5,1004) 31989
	[1,126] 4009
56_1[586]:
	(3,18) 1767
	[1,3] 280
56_2[425]:
	(3,18) 1752
	[1,3] 278
442_1[480]:
	(5,3) 32988
	[0,0] 4135
442_2[481]:
	(5,3) 32988
	[0,0] 4135
442_3[471]:
	(5,3) 65739
	[0,0] 8228
442_4[473]:
	(5,3) 32988
	[0,0] 4135
442_5[475]:
	(5,3) 32988
	[0,0] 4135
442_6[470]:
	(5,3) 131275
	[0,0] 16420
442_7[469]:
	(5,3) 524488
	[0,0] 65572
442_8[472]:
	(5,3) 32985
	[0,0] 4134
442_9[479]:
	(5,3) 32988
	[0,0] 4135
442_10[482]:
	(5,3) 32988
	[0,0] 4135
442_11[477]:
	(5,3) 32988
	[0,0] 4135
442_12[474]:
	(5,3) 32988
	[0,0] 4135
442_13[464]:
	(5,3) 34
	[0,0] 8
442_14[468]:
	(5,3) 262347
	[0,0] 32804
442_15[478]:
	(5,3) 32988
	[0,0] 4135
442_16[476]:
	(5,3) 32988
	[0,0] 4135
404_1[485]:
	(148,4) 45
	[23,1] 10
404_2[574]:
	(148,4) 91
	[23,1] 16
184_1[287]:
	(3,339) 1624
	[1,54] 260
184_2[297]:
	(3,339) 1452
	[1,54] 233
184_3[418]:
	(3,339) 1473
	[1,54] 236
184_4[300]:
	(3,339) 1633
	[1,54] 262
182_1[616]:
	(3,524282) 227
	[1,65536] 38
182_2[284]:
	(3,524282) 211
	[1,65536] 36
175_1[353]:
	(3,4093) 28922
	[1,512] 3626
175_2[272]:
	(3,4093) 33016
	[1,512] 4142
175_3[323]:
	(3,4093) 28900
	[1,512] 3623
57_1[419]:
	(3,25) 1745
	[1,4] 277
57_2[598]:
	(3,25) 1745
	[1,4] 277
339_1[604]:
	(5,236) 32988
	[1,30] 4134
339_2[340]:
	(5,236) 32757
	[1,30] 4105
339_3[341]:
	(5,236) 32760
	[1,30] 4106
179_1[331]:
	(3,65533) 65750
	[1,8192] 8229
179_2[365]:
	(3,65533) 233
	[1,8192] 39
179_3[285]:
	(3,65533) 211
	[1,8192] 36
264_1[265]:
	(3,∞) 62
	[1,∞] 12
264_2[644]:
	(3,∞) 59
	[1,∞] 11
405_1[491]:
	(76,4) 78
	[12,1] 14
405_2[570]:
	(76,4) 111
	[12,1] 19
405_3[462]:
	(76,4) 105
	[12,1] 19
405_4[444]:
	(76,4) 122
	[12,1] 22
369_1[371]:
	(5,262124) 231
	[1,32766] 39
369_2[370]:
	(5,262124) 262369
	[1,32766] 32806
369_3[614]:
	(5,262124) 131275
	[1,32766] 16419
165_1[465]:
	(3,75) 249
	[1,12] 39
165_2[443]:
	(3,75) 87
	[1,12] 16
165_3[405]:
	(3,75) 79
	[1,12] 14
165_4[489]:
	(3,75) 62
	[1,12] 12
269_1[630]:
	(3,∞) 59
	[1,∞] 11
269_2[270]:
	(3,∞) 62
	[1,∞] 12
85_1[412]:
	(3,43) 209
	[1,6] 34
85_2[429]:
	(3,43) 249
	[1,6] 39
357_1[358]:
	(5,16364) 16629
	[1,2046] 2089
357_2[610]:
	(5,16364) 32988
	[1,2046] 4134
357_3[359]:
	(5,16364) 16632
	[1,2046] 2090
176_1[326]:
	(3,8189) 24804
	[1,1024] 3111
176_2[356]:
	(3,8189) 24826
	[1,1024] 3114
176_3[273]:
	(3,8189) 33016
	[1,1024] 4142
342_1[343]:
	(5,492) 32501
	[1,62] 4073
342_2[605]:
	(5,492) 32988
	[1,62] 4134
342_3[344]:
	(5,492) 32504
	[1,62] 4074
181_1[371]:
	(3,262141) 233
	[1,32768] 39
181_2[328]:
	(3,262141) 262352
	[1,32768] 32804
181_3[275]:
	(3,262141) 211
	[1,32768] 36
160_1[588]:
	(3,8) 27
	[1,1] 6
160_2[408]:
	(3,8) 194
	[1,1] 31
160_3[582]:
	(3,8) 194
	[1,1] 31
403_1[460]:
	(37,4) 152
	[6,1] 25
403_2[573]:
	(37,4) 95
	[6,1] 15
403_3[431]:
	(37,4) 1809
	[6,1] 287
403_4[462]:
	(37,4) 105
	[6,1] 19
403_5[444]:
	(37,4) 161
	[6,1] 28
60_1[409]:
	(3,46) 1724
	[1,7] 274
60_2[585]:
	(3,46) 1767
	[1,7] 280
187_1[295]:
	(3,2733) 2995
	[1,432] 476
187_2[413]:
	(3,2733) 272
	[1,432] 45
187_3[292]:
	(3,2733) 251
	[1,432] 42
187_4[309]:
	(3,2733) 434
	[1,432] 71
366_1[368]:
	(5,131052) 231
	[1,16382] 39
366_2[613]:
	(5,131052) 65739
	[1,16382] 8227
366_3[367]:
	(5,131052) 131303
	[1,16382] 16423
167_1[281]:
	(3,12) 33016
	[1,2] 4142
167_2[406]:
	(3,12) 147
	[1,2] 25
167_3[587]:
	(3,12) 27
	[1,2] 6
167_4[332]:
	(3,12) 32984
	[1,2] 4134
167_5[464]:
	(3,12) 36
	[1,2] 7
167_6[330]:
	(3,12) 32981
	[1,2] 4133
61_1[411]:
	(3,53) 1717
	[1,8] 273
61_2[597]:
	(3,53) 1717
	[1,8] 273
174_1[350]:
	(3,2045) 30970
	[1,256] 3882
174_2[272]:
	(3,2045) 33016
	[1,256] 4142
174_3[324]:
	(3,2045) 30948
	[1,256] 3879
444_1[486]:
	(114,5) 32863
	[18,1] 4112
444_2[466]:
	(114,5) 84
	[18,1] 16
189_1[426]:
	(3,10941) 272
	[1,1728] 45
189_2[315]:
	(3,10941) 434
	[1,1728] 71
189_3[293]:
	(3,10941) 11197
	[1,1728] 1771
189_4[288]:
	(3,10941) 251
	[1,1728] 42
626_1[377]:
	(1746,6) 233
	[275,1] 39
626_2[594]:
	(1746,6) 24
	[275,1] 6
626_3[431]:
	(1746,6) 100
	[275,1] 18

-----------------------------------
Sum of T(sa0)s: ∞
Sum of T(sa1)s: ∞
Testability index: ∞