0:
	(1,1) ∞
	[0,0] ∞
1:
	(1,1) 266
	[0,0] 62
x:
	(1,1) ∞
	[0,0] ∞
2:
	(1,1) 266
	[0,0] 62
3:
	(1,1) 267
	[0,0] 62
370:
	(6,15375) 1946
	[1,3520] 447
6:
	(3,3073) 417
	[1,704] 97
5:
	(3,1534) 414
	[1,352] 96
7:
	(3,6149) 407
	[1,1408] 95
8:
	(3,12298) 407
	[1,2816] 95
369:
	(10,1531) 417
	[0,351] 97
4:
	(3,263) 0
	[1,61] 0
368:
	(10,3070) 420
	[0,703] 98
367:
	(10,6146) 410
	[0,1407] 96
366:
	(10,12295) 410
	[0,2815] 96
38:
	(3,265) 282
	[1,62] 65
62:
	(3,4485100852) 268
	[1,1040187392] 62
63:
	(3,8970201709) 268
	[1,2080374784] 62
64:
	(3,17940403418) 268
	[1,4160749568] 62
65:
	(3,35880806842) 268
	[1,8321499136] 62
66:
	(3,71761613684) 268
	[1,16642998272] 62
67:
	(3,143523227374) 268
	[1,33285996544] 62
45:
	(3,34217) 268
	[1,7936] 62
68:
	(3,287046454748) 291
	[1,66571993088] 66
61:
	(3,2242550426) 268
	[1,520093696] 62
60:
	(3,1121275210) 268
	[1,260046848] 62
39:
	(3,533) 282
	[1,124] 65
40:
	(3,1066) 271
	[1,248] 63
41:
	(3,2137) 268
	[1,496] 62
42:
	(3,4274) 268
	[1,992] 62
43:
	(3,8553) 268
	[1,1984] 62
44:
	(3,17106) 268
	[1,3968] 62
37:
	(3,130) 287
	[1,31] 66
55:
	(3,35039849) 268
	[1,8126464] 62
47:
	(3,136873) 268
	[1,31744] 62
48:
	(3,273746) 268
	[1,63488] 62
49:
	(3,547496) 268
	[1,126976] 62
50:
	(3,1094992) 268
	[1,253952] 62
51:
	(3,2189989) 268
	[1,507904] 62
52:
	(3,4379978) 268
	[1,1015808] 62
53:
	(3,8759961) 268
	[1,2031616] 62
54:
	(3,17519922) 268
	[1,4063232] 62
46:
	(3,68434) 268
	[1,15872] 62
56:
	(3,70079698) 268
	[1,16252928] 62
57:
	(3,140159400) 268
	[1,32505856] 62
58:
	(3,280318800) 268
	[1,65011712] 62
59:
	(3,560637605) 268
	[1,130023424] 62
365:
	(5,3069) 425
	[0,703] 98
364:
	(5,6145) 415
	[0,1407] 96
363:
	(5,12294) 415
	[0,2815] 96
362:
	(5,1530) 422
	[0,351] 97
361:
	(11,260) 3
	[1,60] 1
359:
	(5,17940403415) 271
	[0,4160749567] 63
358:
	(5,2134) 271
	[0,495] 63
357:
	(4,3085) 426
	[0,706] 98
356:
	(4,6161) 416
	[0,1410] 96
355:
	(4,12310) 416
	[0,2818] 96
354:
	(5,2242550423) 271
	[0,520093695] 63
353:
	(5,4485100849) 271
	[0,1040187391] 63
352:
	(5,1121275207) 271
	[0,260046847] 63
351:
	(5,8970201706) 271
	[0,2080374783] 63
350:
	(4,1546) 423
	[0,354] 97
349:
	(5,35880806839) 271
	[0,8321499135] 63
348:
	(5,71761613681) 271
	[0,16642998271] 63
347:
	(5,143523227371) 271
	[0,33285996543] 63
346:
	(5,287046454745) 294
	[0,66571993087] 67
345:
	(5,259) 9
	[0,60] 2
344:
	(5,262) 285
	[0,61] 66
343:
	(5,530) 285
	[0,123] 66
342:
	(5,1063) 274
	[0,247] 64
408:
	(3,1511) 441
	[1,348] 100
360:
	(1526,4) 426
	[350,0] 98
341:
	(5,4271) 271
	[0,991] 63
340:
	(5,8550) 271
	[0,1983] 63
339:
	(5,34214) 271
	[0,7935] 63
338:
	(5,68431) 271
	[0,15871] 63
337:
	(5,17103) 271
	[0,3967] 63
336:
	(5,136870) 271
	[0,31743] 63
335:
	(5,273743) 271
	[0,63487] 63
334:
	(5,547493) 271
	[0,126975] 63
333:
	(5,1094989) 271
	[0,253951] 63
332:
	(5,2189986) 271
	[0,507903] 63
331:
	(5,4379975) 271
	[0,1015807] 63
330:
	(5,8759958) 271
	[0,2031615] 63
329:
	(5,17519919) 271
	[0,4063231] 63
328:
	(5,35039846) 271
	[0,8126463] 63
327:
	(5,70079695) 271
	[0,16252927] 63
326:
	(5,140159397) 271
	[0,32505855] 63
325:
	(5,280318797) 271
	[0,65011711] 63
324:
	(5,560637602) 271
	[0,130023423] 63
323:
	(5,268) 9
	[1,61] 1
322:
	(5,127) 290
	[0,30] 67
321:
	(1519,3) 433
	[349,0] 99
320:
	(3,1508) 444
	[0,347] 101
318:
	(123,4) 145
	[29,0] 33
319:
	(10,3) 1959
	[2,0] 449
317:
	(3,122) 146
	[0,29] 33
316:
	(6,2) 262
	[1,0] 61
315:
	(1501,116) 451
	[346,28] 102
314:
	(115,1500) 153
	[28,346] 34
313:
	(4485100725,10) 395
	[1040187362,2] 92
312:
	(264,4) 13
	[61,1] 1
311:
	(12299,4) 427
	[2816,1] 98
310:
	(1512,4) 440
	[348,1] 100
309:
	(3074,4) 437
	[704,1] 100
308:
	(6150,4) 427
	[1408,1] 98
307:
	(1535,4) 434
	[352,1] 99
306:
	(68307,10) 395
	[15842,2] 92
305:
	(273619,10) 395
	[63458,2] 92
304:
	(70079571,10) 395
	[16252898,2] 92
303:
	(280318673,10) 395
	[65011682,2] 92
302:
	(17519795,10) 395
	[4063202,2] 92
301:
	(560637478,12) 395
	[130023394,2] 92
300:
	(136746,12) 395
	[31714,2] 92
299:
	(140159273,12) 395
	[32505826,2] 92
298:
	(2189862,12) 395
	[507874,2] 92
297:
	(8759834,11) 395
	[2031586,2] 92
296:
	(4147,10) 395
	[962,2] 92
295:
	(35039722,12) 395
	[8126434,2] 92
294:
	(547369,12) 395
	[126946,2] 92
293:
	(71761613557,10) 395
	[16642998242,2] 92
292:
	(17940403291,10) 395
	[4160749538,2] 92
291:
	(35880806715,11) 395
	[8321499106,2] 92
290:
	(406,11) 409
	[94,2] 95
289:
	(4618,11) 1942
	[1057,2] 446
288:
	(2010,11) 395
	[466,2] 92
287:
	(1094865,10) 395
	[253922,2] 92
286:
	(1542,9) 1952
	[353,2] 448
285:
	(4379851,10) 395
	[1015778,2] 92
284:
	(939,10) 398
	[218,2] 93
283:
	(2242550299,11) 395
	[520093666,2] 92
282:
	(1121275083,10) 395
	[260046818,2] 92
281:
	(8970201582,12) 395
	[2080374754,2] 92
280:
	(138,9) 409
	[32,2] 95
279:
	(8426,12) 395
	[1954,2] 92
278:
	(10767,10) 1942
	[2465,2] 446
277:
	(16979,10) 395
	[3938,2] 92
276:
	(143523227247,11) 395
	[33285996514,2] 92
275:
	(287046454621,10) 418
	[66571993058,2] 96
274:
	(34090,11) 395
	[7906,2] 92
273:
	(135,161) 133
	[31,36] 31
397:
	(9,287046454620) 419
	[2,66571993058] 96
396:
	(10,143523227246) 396
	[2,33285996514] 92
185:
	(5,287046454616) 423
	[1,66571993057] 97
184:
	(143523227240,9) 402
	[33285996513,2] 93
402:
	(9,71761613556) 396
	[2,16642998242] 92
183:
	(143523227240,6) 143523227799
	[33285996513,1] 33285996641
182:
	(5,143523227239) 406
	[1,33285996513] 94
401:
	(10,35880806714) 396
	[2,8321499106] 92
181:
	(71761613553,6) 71761614092
	[16642998241,1] 16642998366
180:
	(5,71761613552) 400
	[1,16642998241] 93
179:
	(35880806708,9) 402
	[8321499105,2] 93
400:
	(9,17940403290) 396
	[2,4160749538] 92
178:
	(35880806708,6) 35880807244
	[8321499105,1] 8321499229
177:
	(5,35880806707) 406
	[1,8321499105] 94
399:
	(11,8970201581) 396
	[2,2080374754] 92
395:
	(9,4485100724) 396
	[2,1040187362] 92
176:
	(17940403287,6) 17940403826
	[4160749537,1] 4160749662
175:
	(5,17940403286) 400
	[1,4160749537] 93
174:
	(8970201575,10) 402
	[2080374753,2] 93
394:
	(10,2242550298) 396
	[2,520093666] 92
173:
	(5,4485100720) 400
	[1,1040187361] 93
172:
	(8970201575,7) 8970202111
	[2080374753,1] 2080374877
171:
	(6,8970201574) 406
	[1,2080374753] 94
170:
	(2242550292,9) 402
	[520093665,2] 93
393:
	(9,1121275082) 396
	[2,260046818] 92
169:
	(2242550292,6) 2242550828
	[520093665,1] 520093789
168:
	(5,2242550291) 406
	[1,520093665] 94
392:
	(11,560637477) 396
	[2,130023394] 92
391:
	(9,280318672) 396
	[2,65011682] 92
389:
	(9,70079570) 396
	[2,16252898] 92
167:
	(1121275079,6) 1121275618
	[260046817,1] 260046942
166:
	(5,1121275078) 400
	[1,260046817] 93
165:
	(560637471,10) 402
	[130023393,2] 93
390:
	(11,140159272) 396
	[2,32505826] 92
388:
	(11,35039721) 396
	[2,8126434] 92
387:
	(9,17519794) 396
	[2,4063202] 92
164:
	(5,280318668) 400
	[1,65011681] 93
163:
	(5,70079566) 400
	[1,16252897] 93
162:
	(560637471,7) 560638007
	[130023393,1] 130023517
161:
	(6,560637470) 406
	[1,130023393] 94
160:
	(140159266,10) 402
	[32505825,2] 93
159:
	(35039715,10) 402
	[8126433,2] 93
386:
	(10,8759833) 396
	[2,2031586] 92
158:
	(5,17519790) 400
	[1,4063201] 93
157:
	(35039715,7) 35040251
	[8126433,1] 8126557
156:
	(6,35039714) 406
	[1,8126433] 94
155:
	(140159266,7) 140159802
	[32505825,1] 32505949
154:
	(6,140159265) 406
	[1,32505825] 94
153:
	(8759827,9) 402
	[2031585,2] 93
385:
	(9,4379850) 396
	[2,1015778] 92
152:
	(8759827,6) 8760363
	[2031585,1] 2031709
151:
	(5,8759826) 406
	[1,2031585] 94
384:
	(11,2189861) 396
	[2,507874] 92
383:
	(9,1094864) 396
	[2,253922] 92
381:
	(9,273618) 396
	[2,63458] 92
150:
	(6569835,5) 2190397
	[1523681,1] 507998
149:
	(5,4379846) 400
	[1,1015777] 93
148:
	(2189855,10) 402
	[507873,2] 93
382:
	(11,547368) 396
	[2,126946] 92
380:
	(11,136745) 396
	[2,31714] 92
379:
	(9,68306) 396
	[2,15842] 92
147:
	(5,1094860) 400
	[1,253921] 93
146:
	(5,273614) 400
	[1,63457] 93
145:
	(2189855,7) 2190391
	[507873,1] 507997
144:
	(6,2189854) 406
	[1,507873] 94
143:
	(136739,10) 402
	[31713,2] 93
142:
	(547362,10) 402
	[126945,2] 93
378:
	(10,34089) 396
	[2,7906] 92
141:
	(5,68302) 400
	[1,15841] 93
140:
	(547362,7) 547898
	[126945,1] 127069
139:
	(6,547361) 406
	[1,126945] 94
138:
	(136739,7) 137275
	[31713,1] 31837
137:
	(6,136738) 406
	[1,31713] 94
136:
	(34083,9) 402
	[7905,2] 93
377:
	(9,16978) 396
	[2,3938] 92
135:
	(34083,6) 34619
	[7905,1] 8029
134:
	(5,34082) 406
	[1,7905] 94
376:
	(11,8425) 396
	[2,1954] 92
375:
	(9,4146) 396
	[2,962] 92
133:
	(5,16974) 400
	[1,3937] 93
132:
	(25527,5) 8961
	[5921,1] 2078
131:
	(8419,10) 402
	[1953,2] 93
374:
	(10,2009) 396
	[2,466] 92
130:
	(5,4142) 400
	[1,961] 93
129:
	(8419,7) 8955
	[1953,1] 2077
128:
	(6,8418) 406
	[1,1953] 94
127:
	(2003,9) 402
	[465,2] 93
373:
	(9,938) 399
	[2,218] 93
126:
	(513277,5) 34490
	[119040,1] 7999
125:
	(131399437,5) 8760234
	[30474240,1] 2031679
124:
	(2003,6) 2539
	[465,1] 589
123:
	(5,2002) 406
	[1,465] 94
372:
	(10,405) 410
	[2,94] 95
122:
	(96359586,5) 43800085
	[22347776,1] 10158143
121:
	(5,934) 403
	[1,217] 94
120:
	(934,5) 1474
	[217,1] 342
119:
	(376402,5) 171365
	[87296,1] 39743
118:
	(399,9) 416
	[93,2] 96
371:
	(8,137) 410
	[2,32] 95
117:
	(420478203,5) 140159673
	[97517568,1] 32505919
116:
	(1642491,5) 547769
	[380928,1] 127039
115:
	(26279886,5) 8760234
	[6094848,1] 2031679
114:
	(6727651281,5) 2242550699
	[1560281088,1] 520093759
113:
	(102654,5) 34490
	[23808,1] 7999
112:
	(6414,5) 2410
	[1488,1] 559
111:
	(399,6) 938
	[93,1] 218
110:
	(5,398) 420
	[1,93] 97
109:
	(131,7) 416
	[31,2] 96
108:
	(143523227375,4) 143523227664
	[33285996544,1] 33285996610
107:
	(560637606,4) 560637872
	[130023424,1] 130023486
106:
	(35880806843,4) 35880807109
	[8321499136,1] 8321499198
105:
	(131,4) 687
	[31,1] 159
104:
	(17519923,4) 17520197
	[4063232,1] 4063295
103:
	(534,4) 803
	[124,1] 187
102:
	(140159401,4) 140159667
	[32505856,1] 32505918
101:
	(2189990,4) 2190256
	[507904,1] 507966
100:
	(4275,4) 4549
	[992,1] 1055
99:
	(68435,4) 68709
	[15872,1] 15935
98:
	(8554,4) 8820
	[1984,1] 2046
97:
	(280318801,4) 280319075
	[65011712,1] 65011775
96:
	(34218,4) 34484
	[7936,1] 7998
95:
	(71761613685,4) 71761613960
	[16642998272,1] 16642998335
94:
	(17107,4) 17381
	[3968,1] 4031
93:
	(8970201710,4) 8970201976
	[2080374784,1] 2080374846
92:
	(266,4) 552
	[62,1] 128
91:
	(2242550427,4) 2242550693
	[520093696,1] 520093758
90:
	(35039850,4) 35040116
	[8126464,1] 8126526
89:
	(547497,4) 547763
	[126976,1] 127038
88:
	(4485100853,4) 4485101127
	[1040187392,1] 1040187455
87:
	(136874,4) 137140
	[31744,1] 31806
86:
	(8759962,4) 8760228
	[2031616,1] 2031678
85:
	(70079699,4) 70079972
	[16252928,1] 16252991
84:
	(4379979,4) 4380253
	[1015808,1] 1015871
83:
	(2138,4) 2404
	[496,1] 558
82:
	(273747,4) 274020
	[63488,1] 63551
81:
	(17940403419,4) 17940403694
	[4160749568,1] 4160749631
80:
	(1121275211,4) 1121275486
	[260046848,1] 260046911
79:
	(1094993,4) 1095267
	[253952,1] 254015
78:
	(1067,4) 1341
	[248,1] 311
405:
	(9,10766) 1943
	[2,2465] 446
404:
	(10,4617) 1943
	[2,1057] 446
193:
	(5,10762) 1947
	[1,2464] 447
192:
	(4611,9) 1949
	[1056,2] 447
403:
	(8,1541) 1953
	[2,353] 448
191:
	(4611,6) 8098
	[1056,1] 1855
190:
	(5,4610) 1953
	[1,1056] 448
189:
	(1535,7) 1959
	[352,2] 449
188:
	(6150,4) 6559
	[1408,1] 1503
187:
	(1535,4) 5028
	[352,1] 1152
186:
	(3074,4) 3489
	[704,1] 800
223:
	(1338,113) 315
	[310,28] 70
222:
	(81,1337) 347
	[20,310] 78
221:
	(17,1336) 411
	[4,310] 94
220:
	(63,4379982) 365
	[16,1015808] 82
219:
	(31,17109) 397
	[8,3968] 90
218:
	(31,1121275213) 397
	[8,260046848] 90
217:
	(31,4379981) 397
	[8,1015808] 90
216:
	(9,1335) 419
	[2,310] 96
215:
	(5,1334) 423
	[1,310] 97
214:
	(15,17940403420) 413
	[4,4160749568] 94
213:
	(15,273748) 413
	[4,63488] 94
212:
	(15,1121275212) 413
	[4,260046848] 94
211:
	(15,17108) 413
	[4,3968] 94
210:
	(15,70079700) 413
	[4,16252928] 94
209:
	(15,4379980) 413
	[4,1015808] 94
208:
	(7,4275) 421
	[2,992] 96
207:
	(7,71761613685) 421
	[2,16642998272] 96
206:
	(7,273747) 421
	[2,63488] 96
205:
	(7,17940403419) 421
	[2,4160749568] 96
204:
	(7,70079699) 421
	[2,16252928] 96
203:
	(7,4485100853) 421
	[2,1040187392] 96
202:
	(7,17107) 421
	[2,3968] 96
201:
	(266,7) 1491
	[62,2] 345
200:
	(7,1094993) 421
	[2,253952] 96
199:
	(7,280318801) 421
	[2,65011712] 96
198:
	(7,68435) 421
	[2,15872] 96
197:
	(7,17519923) 421
	[2,4063232] 96
196:
	(7,4379979) 421
	[2,1015808] 96
195:
	(7,1121275211) 421
	[2,260046848] 96
194:
	(1067,4) 690
	[248,1] 159
406:
	(15374,5) 1947
	[3520,1] 447
225:
	(3074,7) 14247
	[704,2] 3263
224:
	(12299,4) 5022
	[2816,1] 1151
407:
	(160,134) 134
	[36,31] 31
272:
	(156,133) 138
	[35,31] 32
271:
	(113,1075) 158
	[28,249] 35
270:
	(81,1074) 190
	[20,249] 43
269:
	(53,1073) 218
	[13,249] 50
268:
	(19,155) 252
	[3,35] 60
267:
	(37,1072) 234
	[9,249] 54
266:
	(31,70079703) 240
	[8,16252928] 55
265:
	(143,18) 264
	[33,3] 62
264:
	(27,2139) 244
	[7,496] 56
263:
	(23,70079702) 248
	[6,16252928] 57
262:
	(12,142) 270
	[2,33] 63
261:
	(31,273749) 240
	[8,63488] 55
260:
	(19,70079701) 252
	[5,16252928] 58
259:
	(6,141) 276
	[1,33] 64
258:
	(19,2138) 252
	[5,496] 58
257:
	(137,5) 280
	[32,1] 65
256:
	(15,273748) 256
	[4,63488] 59
255:
	(15,70079700) 256
	[4,16252928] 59
254:
	(15,17108) 256
	[4,3968] 59
253:
	(15,4379980) 256
	[4,1015808] 59
252:
	(15,17940403420) 256
	[4,4160749568] 59
251:
	(11,6155) 396
	[2,1409] 93
250:
	(7,273747) 264
	[2,63488] 61
249:
	(5,3078) 412
	[1,705] 96
248:
	(5,12303) 402
	[1,2817] 94
247:
	(5,538) 277
	[1,125] 64
246:
	(5,270) 277
	[1,63] 64
245:
	(5,1071) 266
	[1,249] 62
244:
	(7,1121275211) 264
	[2,260046848] 61
243:
	(7,1094993) 264
	[2,253952] 61
242:
	(5,6154) 402
	[1,1409] 94
241:
	(7,17940403419) 264
	[2,4160749568] 61
240:
	(7,70079699) 264
	[2,16252928] 61
239:
	(7,4275) 264
	[2,992] 61
238:
	(7,68435) 264
	[2,15872] 61
237:
	(7,17107) 264
	[2,3968] 61
236:
	(7,17519923) 264
	[2,4063232] 61
235:
	(7,71761613685) 264
	[2,16642998272] 61
234:
	(7,4379979) 264
	[2,1015808] 61
233:
	(7,280318801) 264
	[2,65011712] 61
232:
	(131,4) 286
	[31,1] 66
231:
	(12299,4) 406
	[2816,1] 95
230:
	(3074,4) 416
	[704,1] 97
229:
	(534,4) 281
	[124,1] 65
228:
	(6150,4) 406
	[1408,1] 95
227:
	(266,4) 281
	[62,1] 65
226:
	(1067,4) 270
	[248,1] 63
398:
	(1339,114) 314
	[310,28] 70
77:
	(4,34135) 264
	[1,7918] 61
432:
	(8,34131) 268
	[1,7917] 62
431:
	(34095,7) 304
	[7909,1] 70
430:
	(35,137) 34364
	[8,32] 7971
429:
	(11360,6) 23039
	[2635,1] 5344
428:
	(15,267) 34384
	[4,62] 7975
427:
	(19,136) 34380
	[4,32] 7975
426:
	(22734,7) 11665
	[5274,1] 2705
73:
	(4,2141) 34395
	[1,497] 7978
70:
	(4,269) 34130
	[1,63] 7916
71:
	(4,537) 34395
	[1,125] 7978
72:
	(4,1070) 33329
	[1,249] 7730
69:
	(4,134) 34395
	[1,32] 7978
74:
	(4,4278) 30121
	[1,993] 6986
76:
	(4,17110) 17289
	[1,3969] 4010
75:
	(4,8557) 34395
	[1,1985] 7978
425:
	(7,1067) 34392
	[2,248] 7977
424:
	(10693,5) 23706
	[2480,1] 5499
423:
	(666,5) 33733
	[155,1] 7824
422:
	(1342,6) 33057
	[312,1] 7667
421:
	(21391,6) 13008
	[4962,1] 3017
420:
	(7,266) 34392
	[2,62] 7977
419:
	(9,135) 34390
	[2,32] 7977
418:
	(9,2142) 34390
	[2,497] 7977
417:
	(1071,5) 33328
	[249,1] 7730
416:
	(4279,5) 30120
	[993,1] 6986
415:
	(17111,5) 17288
	[3969,1] 4010
414:
	(270,5) 34129
	[63,1] 7916
413:
	(8554,4) 25845
	[1984,1] 5995
412:
	(2138,4) 32261
	[496,1] 7483
411:
	(131,4) 34268
	[31,1] 7948
410:
	(534,4) 33865
	[124,1] 7855
409:
	(2,2) 34403
	[0,0] 7980
1_1[6]:
	(1,1) 3493
	[0,0] 802
1_2[6]:
	(1,1) ∞
	[0,0] ∞
1_3[5]:
	(1,1) 1951
	[0,0] 449
1_4[5]:
	(1,1) ∞
	[0,0] ∞
1_5[7]:
	(1,1) 6559
	[0,0] 1504
1_6[7]:
	(1,1) ∞
	[0,0] ∞
1_7[8]:
	(1,1) 12708
	[0,0] 2912
1_8[8]:
	(1,1) ∞
	[0,0] ∞
1_9[4]:
	(1,1) 266
	[0,0] 62
1_10[4]:
	(1,1) ∞
	[0,0] ∞
1_11[38]:
	(1,1) 550
	[0,0] 128
1_12[38]:
	(1,1) ∞
	[0,0] ∞
1_13[62]:
	(1,1) 4485101123
	[0,0] 1040187455
1_14[62]:
	(1,1) ∞
	[0,0] ∞
1_15[63]:
	(1,1) 8970201980
	[0,0] 2080374847
1_16[63]:
	(1,1) ∞
	[0,0] ∞
1_17[64]:
	(1,1) 17940403689
	[0,0] 4160749631
1_18[64]:
	(1,1) ∞
	[0,0] ∞
1_19[65]:
	(1,1) 35880807113
	[0,0] 8321499199
1_20[65]:
	(1,1) ∞
	[0,0] ∞
1_21[66]:
	(1,1) 71761613955
	[0,0] 16642998335
1_22[66]:
	(1,1) ∞
	[0,0] ∞
1_23[67]:
	(1,1) 143523227645
	[0,0] 33285996607
1_24[67]:
	(1,1) ∞
	[0,0] ∞
1_25[45]:
	(1,1) 34488
	[0,0] 7999
1_26[45]:
	(1,1) ∞
	[0,0] ∞
1_27[68]:
	(1,1) 287046455042
	[0,0] 66571993155
1_28[68]:
	(1,1) ∞
	[0,0] ∞
1_29[61]:
	(1,1) 2242550697
	[0,0] 520093759
1_30[61]:
	(1,1) ∞
	[0,0] ∞
1_31[60]:
	(1,1) 1121275481
	[0,0] 260046911
1_32[60]:
	(1,1) ∞
	[0,0] ∞
1_33[39]:
	(1,1) 818
	[0,0] 190
1_34[39]:
	(1,1) ∞
	[0,0] ∞
1_35[40]:
	(1,1) 1340
	[0,0] 312
1_36[40]:
	(1,1) ∞
	[0,0] ∞
1_37[41]:
	(1,1) 2408
	[0,0] 559
1_38[41]:
	(1,1) ∞
	[0,0] ∞
1_39[42]:
	(1,1) 4545
	[0,0] 1055
1_40[42]:
	(1,1) ∞
	[0,0] ∞
1_41[43]:
	(1,1) 8824
	[0,0] 2047
1_42[43]:
	(1,1) ∞
	[0,0] ∞
1_43[44]:
	(1,1) 17377
	[0,0] 4031
1_44[44]:
	(1,1) ∞
	[0,0] ∞
1_45[37]:
	(1,1) 420
	[0,0] 98
1_46[37]:
	(1,1) ∞
	[0,0] ∞
1_47[55]:
	(1,1) 35040120
	[0,0] 8126527
1_48[55]:
	(1,1) ∞
	[0,0] ∞
1_49[47]:
	(1,1) 137144
	[0,0] 31807
1_50[47]:
	(1,1) ∞
	[0,0] ∞
1_51[48]:
	(1,1) 274017
	[0,0] 63551
1_52[48]:
	(1,1) ∞
	[0,0] ∞
1_53[49]:
	(1,1) 547767
	[0,0] 127039
1_54[49]:
	(1,1) ∞
	[0,0] ∞
1_55[50]:
	(1,1) 1095263
	[0,0] 254015
1_56[50]:
	(1,1) ∞
	[0,0] ∞
1_57[51]:
	(1,1) 2190260
	[0,0] 507967
1_58[51]:
	(1,1) ∞
	[0,0] ∞
1_59[52]:
	(1,1) 4380249
	[0,0] 1015871
1_60[52]:
	(1,1) ∞
	[0,0] ∞
1_61[53]:
	(1,1) 8760232
	[0,0] 2031679
1_62[53]:
	(1,1) ∞
	[0,0] ∞
1_63[54]:
	(1,1) 17520193
	[0,0] 4063295
1_64[54]:
	(1,1) ∞
	[0,0] ∞
1_65[46]:
	(1,1) 68705
	[0,0] 15935
1_66[46]:
	(1,1) ∞
	[0,0] ∞
1_67[56]:
	(1,1) 70079969
	[0,0] 16252991
1_68[56]:
	(1,1) ∞
	[0,0] ∞
1_69[57]:
	(1,1) 140159671
	[0,0] 32505919
1_70[57]:
	(1,1) ∞
	[0,0] ∞
1_71[58]:
	(1,1) 280319071
	[0,0] 65011775
1_72[58]:
	(1,1) ∞
	[0,0] ∞
1_73[59]:
	(1,1) 560637876
	[0,0] 130023487
1_74[59]:
	(1,1) ∞
	[0,0] ∞
1_75[408]:
	(1,1) 1955
	[0,0] 449
1_76[408]:
	(1,1) ∞
	[0,0] ∞
1_77[77]:
	(1,1) ∞
	[0,0] ∞
1_78[73]:
	(1,1) ∞
	[0,0] ∞
1_79[70]:
	(1,1) ∞
	[0,0] ∞
1_80[71]:
	(1,1) ∞
	[0,0] ∞
1_81[72]:
	(1,1) ∞
	[0,0] ∞
1_82[69]:
	(1,1) ∞
	[0,0] ∞
1_83[74]:
	(1,1) ∞
	[0,0] ∞
1_84[76]:
	(1,1) ∞
	[0,0] ∞
1_85[75]:
	(1,1) ∞
	[0,0] ∞
2_1[6]:
	(1,1) 3493
	[0,0] 802
2_2[5]:
	(1,1) 1951
	[0,0] 449
2_3[7]:
	(1,1) 6559
	[0,0] 1504
2_4[8]:
	(1,1) 12708
	[0,0] 2912
2_5[4]:
	(1,1) 266
	[0,0] 62
2_6[38]:
	(1,1) 550
	[0,0] 128
2_7[62]:
	(1,1) 4485101123
	[0,0] 1040187455
2_8[63]:
	(1,1) 8970201980
	[0,0] 2080374847
2_9[64]:
	(1,1) 17940403689
	[0,0] 4160749631
2_10[65]:
	(1,1) 35880807113
	[0,0] 8321499199
2_11[66]:
	(1,1) 71761613955
	[0,0] 16642998335
2_12[67]:
	(1,1) 143523227645
	[0,0] 33285996607
2_13[45]:
	(1,1) 34488
	[0,0] 7999
2_14[68]:
	(1,1) 287046455042
	[0,0] 66571993155
2_15[61]:
	(1,1) 2242550697
	[0,0] 520093759
2_16[60]:
	(1,1) 1121275481
	[0,0] 260046911
2_17[39]:
	(1,1) 818
	[0,0] 190
2_18[40]:
	(1,1) 1340
	[0,0] 312
2_19[41]:
	(1,1) 2408
	[0,0] 559
2_20[42]:
	(1,1) 4545
	[0,0] 1055
2_21[43]:
	(1,1) 8824
	[0,0] 2047
2_22[44]:
	(1,1) 17377
	[0,0] 4031
2_23[37]:
	(1,1) 420
	[0,0] 98
2_24[55]:
	(1,1) 35040120
	[0,0] 8126527
2_25[47]:
	(1,1) 137144
	[0,0] 31807
2_26[48]:
	(1,1) 274017
	[0,0] 63551
2_27[49]:
	(1,1) 547767
	[0,0] 127039
2_28[50]:
	(1,1) 1095263
	[0,0] 254015
2_29[51]:
	(1,1) 2190260
	[0,0] 507967
2_30[52]:
	(1,1) 4380249
	[0,0] 1015871
2_31[53]:
	(1,1) 8760232
	[0,0] 2031679
2_32[54]:
	(1,1) 17520193
	[0,0] 4063295
2_33[46]:
	(1,1) 68705
	[0,0] 15935
2_34[56]:
	(1,1) 70079969
	[0,0] 16252991
2_35[57]:
	(1,1) 140159671
	[0,0] 32505919
2_36[58]:
	(1,1) 280319071
	[0,0] 65011775
2_37[59]:
	(1,1) 560637876
	[0,0] 130023487
2_38[408]:
	(1,1) 1955
	[0,0] 449
2_39[77]:
	(1,1) 34403
	[0,0] 7980
2_40[73]:
	(1,1) 36540
	[0,0] 8476
2_41[70]:
	(1,1) 34403
	[0,0] 7980
2_42[71]:
	(1,1) 34936
	[0,0] 8104
2_43[72]:
	(1,1) 34403
	[0,0] 7980
2_44[69]:
	(1,1) 34533
	[0,0] 8011
2_45[74]:
	(1,1) 34403
	[0,0] 7980
2_46[76]:
	(1,1) 34403
	[0,0] 7980
2_47[75]:
	(1,1) 42956
	[0,0] 9964
3_1[316]:
	(1,1) 267
	[0,0] 62
3_2[409]:
	(1,1) 34404
	[0,0] 7980
6_1[309]:
	(3,3073) 438
	[1,704] 100
6_2[189]:
	(3,3073) 1963
	[1,704] 450
6_3[186]:
	(3,3073) 3490
	[1,704] 800
6_4[225]:
	(3,3073) 14251
	[1,704] 3264
6_5[246]:
	(3,3073) 544
	[1,704] 126
6_6[230]:
	(3,3073) 417
	[1,704] 97
5_1[362]:
	(3,1534) 1949
	[1,352] 447
5_2[307]:
	(3,1534) 435
	[1,352] 99
5_3[189]:
	(3,1534) 1963
	[1,352] 450
5_4[187]:
	(3,1534) 5029
	[1,352] 1152
5_5[259]:
	(3,1534) 414
	[1,352] 96
7_1[308]:
	(3,6149) 428
	[1,1408] 98
7_2[192]:
	(3,6149) 1955
	[1,1408] 448
7_3[188]:
	(3,6149) 6560
	[1,1408] 1503
7_4[225]:
	(3,6149) 14251
	[1,1408] 3264
7_5[247]:
	(3,6149) 812
	[1,1408] 188
7_6[228]:
	(3,6149) 407
	[1,1408] 95
8_1[311]:
	(3,12298) 428
	[1,2816] 98
8_2[405]:
	(3,12298) 1949
	[1,2816] 447
8_3[224]:
	(3,12298) 5023
	[1,2816] 1151
8_4[245]:
	(3,12298) 1334
	[1,2816] 310
8_5[231]:
	(3,12298) 407
	[1,2816] 95
38_1[109]:
	(3,265) 420
	[1,62] 97
38_2[92]:
	(3,265) 553
	[1,62] 128
38_3[201]:
	(3,265) 1495
	[1,62] 346
38_4[249]:
	(3,265) 3487
	[1,62] 800
38_5[227]:
	(3,265) 282
	[1,62] 65
38_6[70]:
	(3,265) 34134
	[1,62] 7917
38_7[420]:
	(3,265) 34396
	[1,62] 7978
62_1[395]:
	(3,4485100852) 402
	[1,1040187392] 93
62_2[88]:
	(3,4485100852) 4485101128
	[1,1040187392] 1040187455
62_3[203]:
	(3,4485100852) 425
	[1,1040187392] 97
62_4[263]:
	(3,4485100852) 268
	[1,1040187392] 62
63_1[174]:
	(3,8970201709) 409
	[1,2080374784] 94
63_2[93]:
	(3,8970201709) 8970201977
	[1,2080374784] 2080374846
63_3[203]:
	(3,8970201709) 425
	[1,2080374784] 97
63_4[244]:
	(3,8970201709) 268
	[1,2080374784] 62
64_1[400]:
	(3,17940403418) 402
	[1,4160749568] 93
64_2[81]:
	(3,17940403418) 17940403695
	[1,4160749568] 4160749631
64_3[205]:
	(3,17940403418) 425
	[1,4160749568] 97
64_4[241]:
	(3,17940403418) 268
	[1,4160749568] 62
65_1[179]:
	(3,35880806842) 408
	[1,8321499136] 94
65_2[106]:
	(3,35880806842) 35880807110
	[1,8321499136] 8321499198
65_3[205]:
	(3,35880806842) 425
	[1,8321499136] 97
65_4[241]:
	(3,35880806842) 268
	[1,8321499136] 62
66_1[402]:
	(3,71761613684) 402
	[1,16642998272] 93
66_2[95]:
	(3,71761613684) 71761613961
	[1,16642998272] 16642998335
66_3[207]:
	(3,71761613684) 425
	[1,16642998272] 97
66_4[235]:
	(3,71761613684) 268
	[1,16642998272] 62
67_1[184]:
	(3,143523227374) 408
	[1,33285996544] 94
67_2[108]:
	(3,143523227374) 143523227665
	[1,33285996544] 33285996610
67_3[207]:
	(3,143523227374) 425
	[1,33285996544] 97
67_4[235]:
	(3,143523227374) 268
	[1,33285996544] 62
45_1[136]:
	(3,34217) 408
	[1,7936] 94
45_2[96]:
	(3,34217) 34485
	[1,7936] 7998
45_3[202]:
	(3,34217) 425
	[1,7936] 97
45_4[237]:
	(3,34217) 268
	[1,7936] 62
68_1[397]:
	(3,287046454748) 425
	[1,66571993088] 97
68_2[407]:
	(3,287046454748) 291
	[1,66571993088] 66
61_1[170]:
	(3,2242550426) 408
	[1,520093696] 94
61_2[91]:
	(3,2242550426) 2242550694
	[1,520093696] 520093758
61_3[195]:
	(3,2242550426) 425
	[1,520093696] 97
61_4[260]:
	(3,2242550426) 268
	[1,520093696] 62
60_1[393]:
	(3,1121275210) 402
	[1,260046848] 93
60_2[80]:
	(3,1121275210) 1121275487
	[1,260046848] 260046911
60_3[195]:
	(3,1121275210) 425
	[1,260046848] 97
60_4[244]:
	(3,1121275210) 268
	[1,260046848] 62
39_1[118]:
	(3,533) 422
	[1,124] 97
39_2[103]:
	(3,533) 804
	[1,124] 187
39_3[201]:
	(3,533) 1495
	[1,124] 346
39_4[242]:
	(3,533) 6553
	[1,124] 1502
39_5[229]:
	(3,533) 282
	[1,124] 65
39_6[71]:
	(3,533) 34399
	[1,124] 7979
39_7[410]:
	(3,533) 33866
	[1,124] 7855
40_1[373]:
	(3,1066) 405
	[1,248] 94
40_2[78]:
	(3,1066) 1342
	[1,248] 311
40_3[194]:
	(3,1066) 691
	[1,248] 159
40_4[248]:
	(3,1066) 12702
	[1,248] 2910
40_5[226]:
	(3,1066) 271
	[1,248] 63
40_6[72]:
	(3,1066) 33333
	[1,248] 7731
40_7[425]:
	(3,1066) 34396
	[1,248] 7978
41_1[127]:
	(3,2137) 408
	[1,496] 94
41_2[83]:
	(3,2137) 2405
	[1,496] 558
41_3[216]:
	(3,2137) 425
	[1,496] 97
41_4[258]:
	(3,2137) 268
	[1,496] 62
41_5[73]:
	(3,2137) 34399
	[1,496] 7979
41_6[412]:
	(3,2137) 32262
	[1,496] 7483
42_1[375]:
	(3,4274) 402
	[1,992] 93
42_2[100]:
	(3,4274) 4550
	[1,992] 1055
42_3[208]:
	(3,4274) 425
	[1,992] 97
42_4[239]:
	(3,4274) 268
	[1,992] 62
42_5[74]:
	(3,4274) 30125
	[1,992] 6987
42_6[425]:
	(3,4274) 34396
	[1,992] 7978
43_1[131]:
	(3,8553) 409
	[1,1984] 94
43_2[98]:
	(3,8553) 8821
	[1,1984] 2046
43_3[208]:
	(3,8553) 425
	[1,1984] 97
43_4[239]:
	(3,8553) 268
	[1,1984] 62
43_5[75]:
	(3,8553) 34399
	[1,1984] 7979
43_6[413]:
	(3,8553) 25846
	[1,1984] 5995
44_1[377]:
	(3,17106) 402
	[1,3968] 93
44_2[94]:
	(3,17106) 17382
	[1,3968] 4031
44_3[202]:
	(3,17106) 425
	[1,3968] 97
44_4[237]:
	(3,17106) 268
	[1,3968] 62
44_5[76]:
	(3,17106) 17293
	[1,3968] 4011
44_6[420]:
	(3,17106) 34396
	[1,3968] 7978
37_1[322]:
	(3,130) 414
	[1,31] 96
37_2[109]:
	(3,130) 420
	[1,31] 97
37_3[105]:
	(3,130) 688
	[1,31] 159
37_4[232]:
	(3,130) 287
	[1,31] 66
37_5[69]:
	(3,130) 34399
	[1,31] 7979
37_6[411]:
	(3,130) 34269
	[1,31] 7948
55_1[159]:
	(3,35039849) 409
	[1,8126464] 94
55_2[90]:
	(3,35039849) 35040117
	[1,8126464] 8126526
55_3[197]:
	(3,35039849) 425
	[1,8126464] 97
55_4[236]:
	(3,35039849) 268
	[1,8126464] 62
47_1[143]:
	(3,136873) 409
	[1,31744] 94
47_2[87]:
	(3,136873) 137141
	[1,31744] 31806
47_3[198]:
	(3,136873) 425
	[1,31744] 97
47_4[238]:
	(3,136873) 268
	[1,31744] 62
48_1[381]:
	(3,273746) 402
	[1,63488] 93
48_2[82]:
	(3,273746) 274021
	[1,63488] 63551
48_3[206]:
	(3,273746) 425
	[1,63488] 97
48_4[250]:
	(3,273746) 268
	[1,63488] 62
49_1[142]:
	(3,547496) 409
	[1,126976] 94
49_2[89]:
	(3,547496) 547764
	[1,126976] 127038
49_3[206]:
	(3,547496) 425
	[1,126976] 97
49_4[250]:
	(3,547496) 268
	[1,126976] 62
50_1[383]:
	(3,1094992) 402
	[1,253952] 93
50_2[79]:
	(3,1094992) 1095268
	[1,253952] 254015
50_3[200]:
	(3,1094992) 425
	[1,253952] 97
50_4[243]:
	(3,1094992) 268
	[1,253952] 62
51_1[148]:
	(3,2189989) 409
	[1,507904] 94
51_2[101]:
	(3,2189989) 2190257
	[1,507904] 507966
51_3[200]:
	(3,2189989) 425
	[1,507904] 97
51_4[243]:
	(3,2189989) 268
	[1,507904] 62
52_1[385]:
	(3,4379978) 402
	[1,1015808] 93
52_2[84]:
	(3,4379978) 4380254
	[1,1015808] 1015871
52_3[196]:
	(3,4379978) 425
	[1,1015808] 97
52_4[234]:
	(3,4379978) 268
	[1,1015808] 62
53_1[153]:
	(3,8759961) 408
	[1,2031616] 94
53_2[86]:
	(3,8759961) 8760229
	[1,2031616] 2031678
53_3[196]:
	(3,8759961) 425
	[1,2031616] 97
53_4[234]:
	(3,8759961) 268
	[1,2031616] 62
54_1[387]:
	(3,17519922) 402
	[1,4063232] 93
54_2[104]:
	(3,17519922) 17520198
	[1,4063232] 4063295
54_3[197]:
	(3,17519922) 425
	[1,4063232] 97
54_4[236]:
	(3,17519922) 268
	[1,4063232] 62
46_1[379]:
	(3,68434) 402
	[1,15872] 93
46_2[99]:
	(3,68434) 68710
	[1,15872] 15935
46_3[198]:
	(3,68434) 425
	[1,15872] 97
46_4[238]:
	(3,68434) 268
	[1,15872] 62
56_1[389]:
	(3,70079698) 402
	[1,16252928] 93
56_2[85]:
	(3,70079698) 70079973
	[1,16252928] 16252991
56_3[204]:
	(3,70079698) 425
	[1,16252928] 97
56_4[240]:
	(3,70079698) 268
	[1,16252928] 62
57_1[160]:
	(3,140159400) 409
	[1,32505856] 94
57_2[102]:
	(3,140159400) 140159668
	[1,32505856] 32505918
57_3[204]:
	(3,140159400) 425
	[1,32505856] 97
57_4[240]:
	(3,140159400) 268
	[1,32505856] 62
58_1[391]:
	(3,280318800) 402
	[1,65011712] 93
58_2[97]:
	(3,280318800) 280319076
	[1,65011712] 65011775
58_3[199]:
	(3,280318800) 425
	[1,65011712] 97
58_4[233]:
	(3,280318800) 268
	[1,65011712] 62
59_1[165]:
	(3,560637605) 409
	[1,130023424] 94
59_2[107]:
	(3,560637605) 560637873
	[1,130023424] 130023486
59_3[199]:
	(3,560637605) 425
	[1,130023424] 97
59_4[233]:
	(3,560637605) 268
	[1,130023424] 62
408_1[319]:
	(3,1511) 1966
	[1,348] 450
408_2[310]:
	(3,1511) 441
	[1,348] 100
360_1[365]:
	(1526,4) 1968
	[350,0] 451
360_2[364]:
	(1526,4) 5034
	[350,0] 1153
360_3[363]:
	(1526,4) 11183
	[350,0] 2561
360_4[362]:
	(1526,4) 426
	[350,0] 98
318_1[359]:
	(123,4) 17940403563
	[29,0] 4160749601
318_2[358]:
	(123,4) 2282
	[29,0] 529
318_3[354]:
	(123,4) 2242550571
	[29,0] 520093729
318_4[353]:
	(123,4) 4485100997
	[29,0] 1040187425
318_5[352]:
	(123,4) 1121275355
	[29,0] 260046881
318_6[351]:
	(123,4) 8970201854
	[29,0] 2080374817
318_7[349]:
	(123,4) 35880806987
	[29,0] 8321499169
318_8[348]:
	(123,4) 71761613829
	[29,0] 16642998305
318_9[347]:
	(123,4) 143523227519
	[29,0] 33285996577
318_10[346]:
	(123,4) 287046454916
	[29,0] 66571993125
318_11[345]:
	(123,4) 145
	[29,0] 33
318_12[344]:
	(123,4) 424
	[29,0] 98
318_13[343]:
	(123,4) 692
	[29,0] 160
318_14[342]:
	(123,4) 1214
	[29,0] 282
318_15[341]:
	(123,4) 4419
	[29,0] 1025
318_16[340]:
	(123,4) 8698
	[29,0] 2017
318_17[339]:
	(123,4) 34362
	[29,0] 7969
318_18[338]:
	(123,4) 68579
	[29,0] 15905
318_19[337]:
	(123,4) 17251
	[29,0] 4001
318_20[336]:
	(123,4) 137018
	[29,0] 31777
318_21[335]:
	(123,4) 273891
	[29,0] 63521
318_22[334]:
	(123,4) 547641
	[29,0] 127009
318_23[333]:
	(123,4) 1095137
	[29,0] 253985
318_24[332]:
	(123,4) 2190134
	[29,0] 507937
318_25[331]:
	(123,4) 4380123
	[29,0] 1015841
318_26[330]:
	(123,4) 8760106
	[29,0] 2031649
318_27[329]:
	(123,4) 17520067
	[29,0] 4063265
318_28[328]:
	(123,4) 35039994
	[29,0] 8126497
318_29[327]:
	(123,4) 70079843
	[29,0] 16252961
318_30[326]:
	(123,4) 140159545
	[29,0] 32505889
318_31[325]:
	(123,4) 280318945
	[29,0] 65011745
318_32[324]:
	(123,4) 560637750
	[29,0] 130023457
318_33[322]:
	(123,4) 294
	[29,0] 68
319_1[357]:
	(10,3) 3501
	[2,0] 802
319_2[356]:
	(10,3) 6567
	[2,0] 1504
319_3[355]:
	(10,3) 12716
	[2,0] 2912
319_4[350]:
	(10,3) 1959
	[2,0] 449
317_1[323]:
	(3,122) 274
	[0,29] 62
317_2[318]:
	(3,122) 146
	[0,29] 33
316_1[321]:
	(6,2) 1946
	[1,0] 447
316_2[320]:
	(6,2) 1946
	[1,0] 447
316_3[319]:
	(6,2) 1963
	[1,0] 450
316_4[317]:
	(6,2) 262
	[1,0] 61
314_1[317]:
	(115,1500) 153
	[28,346] 34
314_2[315]:
	(115,1500) 452
	[28,346] 102
185_1[397]:
	(5,287046454616) 423
	[1,66571993057] 97
185_2[396]:
	(5,287046454616) 143523227637
	[1,66571993057] 33285996605
182_1[184]:
	(5,143523227239) 406
	[1,33285996513] 94
182_2[183]:
	(5,143523227239) 143523227800
	[1,33285996513] 33285996641
180_1[402]:
	(5,71761613552) 400
	[1,16642998241] 93
180_2[401]:
	(5,71761613552) 35880807105
	[1,16642998241] 8321499197
180_3[181]:
	(5,71761613552) 71761614093
	[1,16642998241] 16642998366
177_1[179]:
	(5,35880806707) 406
	[1,8321499105] 94
177_2[178]:
	(5,35880806707) 35880807245
	[1,8321499105] 8321499229
175_1[400]:
	(5,17940403286) 400
	[1,4160749537] 93
175_2[399]:
	(5,17940403286) 8970201972
	[1,4160749537] 2080374845
175_3[176]:
	(5,17940403286) 17940403827
	[1,4160749537] 4160749662
173_1[395]:
	(5,4485100720) 400
	[1,1040187361] 93
173_2[394]:
	(5,4485100720) 2242550689
	[1,1040187361] 520093757
171_1[174]:
	(6,8970201574) 406
	[1,2080374753] 94
171_2[172]:
	(6,8970201574) 8970202112
	[1,2080374753] 2080374877
169_1[173]:
	(2242550292,6) 2242550828
	[520093665,1] 520093789
169_2[171]:
	(2242550292,6) 6727651688
	[520093665,1] 1560281182
168_1[170]:
	(5,2242550291) 406
	[1,520093665] 94
168_2[169]:
	(5,2242550291) 2242550829
	[1,520093665] 520093789
166_1[393]:
	(5,1121275078) 400
	[1,260046817] 93
166_2[392]:
	(5,1121275078) 560637868
	[1,260046817] 130023485
166_3[167]:
	(5,1121275078) 1121275619
	[1,260046817] 260046942
164_1[391]:
	(5,280318668) 400
	[1,65011681] 93
164_2[390]:
	(5,280318668) 140159663
	[1,65011681] 32505917
163_1[389]:
	(5,70079566) 400
	[1,16252897] 93
163_2[388]:
	(5,70079566) 35040112
	[1,16252897] 8126525
161_1[165]:
	(6,560637470) 406
	[1,130023393] 94
161_2[162]:
	(6,560637470) 560638008
	[1,130023393] 130023517
158_1[387]:
	(5,17519790) 400
	[1,4063201] 93
158_2[386]:
	(5,17519790) 8760224
	[1,4063201] 2031677
156_1[159]:
	(6,35039714) 406
	[1,8126433] 94
156_2[157]:
	(6,35039714) 35040252
	[1,8126433] 8126557
155_1[164]:
	(140159266,7) 140159802
	[32505825,1] 32505949
155_2[161]:
	(140159266,7) 420478610
	[32505825,1] 97517662
154_1[160]:
	(6,140159265) 406
	[1,32505825] 94
154_2[155]:
	(6,140159265) 140159803
	[1,32505825] 32505949
152_1[158]:
	(8759827,6) 8760363
	[2031585,1] 2031709
152_2[156]:
	(8759827,6) 26280293
	[2031585,1] 6094942
152_3[154]:
	(8759827,6) 131399844
	[2031585,1] 30474334
151_1[153]:
	(5,8759826) 406
	[1,2031585] 94
151_2[152]:
	(5,8759826) 8760364
	[1,2031585] 2031709
149_1[385]:
	(5,4379846) 400
	[1,1015777] 93
149_2[384]:
	(5,4379846) 2190252
	[1,1015777] 507965
147_1[383]:
	(5,1094860) 400
	[1,253921] 93
147_2[382]:
	(5,1094860) 547759
	[1,253921] 127037
146_1[381]:
	(5,273614) 400
	[1,63457] 93
146_2[380]:
	(5,273614) 137136
	[1,63457] 31805
145_1[150]:
	(2189855,7) 6570377
	[507873,1] 1523806
145_2[149]:
	(2189855,7) 2190391
	[507873,1] 507997
144_1[148]:
	(6,2189854) 406
	[1,507873] 94
144_2[145]:
	(6,2189854) 2190392
	[1,507873] 507997
141_1[379]:
	(5,68302) 400
	[1,15841] 93
141_2[378]:
	(5,68302) 34480
	[1,15841] 7997
140_1[147]:
	(547362,7) 547898
	[126945,1] 127069
140_2[144]:
	(547362,7) 1642898
	[126945,1] 381022
139_1[142]:
	(6,547361) 406
	[1,126945] 94
139_2[140]:
	(6,547361) 547899
	[1,126945] 127069
137_1[143]:
	(6,136738) 406
	[1,31713] 94
137_2[138]:
	(6,136738) 137276
	[1,31713] 31837
135_1[141]:
	(34083,6) 34619
	[7905,1] 8029
135_2[139]:
	(34083,6) 513684
	[7905,1] 119134
135_3[137]:
	(34083,6) 103061
	[7905,1] 23902
134_1[136]:
	(5,34082) 406
	[1,7905] 94
134_2[135]:
	(5,34082) 34620
	[1,7905] 8029
133_1[377]:
	(5,16974) 400
	[1,3937] 93
133_2[376]:
	(5,16974) 8816
	[1,3937] 2045
130_1[375]:
	(5,4142) 400
	[1,961] 93
130_2[374]:
	(5,4142) 2400
	[1,961] 557
129_1[133]:
	(8419,7) 8955
	[1953,1] 2077
129_2[132]:
	(8419,7) 26069
	[1953,1] 6046
128_1[131]:
	(6,8418) 406
	[1,1953] 94
128_2[129]:
	(6,8418) 8956
	[1,1953] 2077
124_1[130]:
	(2003,6) 2539
	[465,1] 589
124_2[128]:
	(2003,6) 6821
	[465,1] 1582
123_1[127]:
	(5,2002) 406
	[1,465] 94
123_2[124]:
	(5,2002) 2540
	[1,465] 589
121_1[373]:
	(5,934) 403
	[1,217] 94
121_2[372]:
	(5,934) 810
	[1,217] 188
115_1[156]:
	(26279886,5) 8760234
	[6094848,1] 2031679
115_2[122]:
	(26279886,5) 113879785
	[6094848,1] 26411071
113_1[137]:
	(102654,5) 34490
	[23808,1] 7999
113_2[119]:
	(102654,5) 445113
	[23808,1] 103231
111_1[121]:
	(399,6) 938
	[93,1] 218
111_2[120]:
	(399,6) 2009
	[93,1] 466
110_1[118]:
	(5,398) 420
	[1,93] 97
110_2[371]:
	(5,398) 542
	[1,93] 126
110_3[111]:
	(5,398) 939
	[1,93] 218
103_1[121]:
	(534,4) 803
	[124,1] 187
103_2[120]:
	(534,4) 1874
	[124,1] 435
102_1[164]:
	(140159401,4) 140159667
	[32505856,1] 32505918
102_2[117]:
	(140159401,4) 420478475
	[32505856,1] 97517631
101_1[151]:
	(2189990,4) 6570242
	[507904,1] 1523775
101_2[149]:
	(2189990,4) 2190256
	[507904,1] 507966
98_1[134]:
	(8554,4) 25934
	[1984,1] 6015
98_2[133]:
	(8554,4) 8820
	[1984,1] 2046
96_1[141]:
	(34218,4) 34484
	[7936,1] 7998
96_2[113]:
	(34218,4) 102926
	[7936,1] 23871
91_1[173]:
	(2242550427,4) 2242550693
	[520093696,1] 520093758
91_2[114]:
	(2242550427,4) 6727651553
	[520093696,1] 1560281151
90_1[163]:
	(35039850,4) 35040116
	[8126464,1] 8126526
90_2[125]:
	(35039850,4) 105119821
	[8126464,1] 24379455
89_1[147]:
	(547497,4) 547763
	[126976,1] 127038
89_2[116]:
	(547497,4) 1642763
	[126976,1] 380991
87_1[146]:
	(136874,4) 137140
	[31744,1] 31806
87_2[126]:
	(136874,4) 410893
	[31744,1] 95295
86_1[158]:
	(8759962,4) 8760228
	[2031616,1] 2031678
86_2[115]:
	(8759962,4) 26280158
	[2031616,1] 6094911
83_1[130]:
	(2138,4) 2404
	[496,1] 558
83_2[112]:
	(2138,4) 6686
	[496,1] 1551
193_1[405]:
	(5,10762) 1947
	[1,2464] 447
193_2[404]:
	(5,10762) 6555
	[1,2464] 1502
190_1[192]:
	(5,4610) 1953
	[1,1056] 448
190_2[403]:
	(5,4610) 3489
	[1,1056] 800
190_3[191]:
	(5,4610) 8099
	[1,1056] 1855
407_1[314]:
	(160,134) 1493
	[36,31] 344
407_2[273]:
	(160,134) 134
	[36,31] 31
409_1[77]:
	(2,2) 34403
	[0,0] 7980
409_2[73]:
	(2,2) 36540
	[0,0] 8476
409_3[70]:
	(2,2) 34403
	[0,0] 7980
409_4[71]:
	(2,2) 34936
	[0,0] 8104
409_5[72]:
	(2,2) 34403
	[0,0] 7980
409_6[69]:
	(2,2) 34533
	[0,0] 8011
409_7[74]:
	(2,2) 34403
	[0,0] 7980
409_8[76]:
	(2,2) 34403
	[0,0] 7980
409_9[75]:
	(2,2) 42956
	[0,0] 9964

-----------------------------------
Sum of T(sa0)s: ∞
Sum of T(sa1)s: ∞
Testability index: ∞