0:
	(1,1) 1
	[0,0] 0
1:
	(1,1) ∞
	[0,0] ∞
x:
	(1,1) ∞
	[0,0] ∞
2:
	(1,1) 34
	[0,0] 8
3:
	(1,1) 34
	[0,0] 8
4:
	(1,1) 65
	[0,0] 11
5:
	(1,1) 60
	[0,0] 11
6:
	(1,1) 65
	[0,0] 11
7:
	(1,1) 60
	[0,0] 11
8:
	(1,1) 63
	[0,0] 11
9:
	(1,1) 60
	[0,0] 11
10:
	(1,1) 63
	[0,0] 11
11:
	(1,1) 60
	[0,0] 11
12:
	(1,1) 103
	[0,0] 21
13:
	(1,1) 99
	[0,0] 21
14:
	(1,1) 111
	[0,0] 23
15:
	(1,1) 107
	[0,0] 23
16:
	(1,1) 119
	[0,0] 25
17:
	(1,1) 117
	[0,0] 25
18:
	(1,1) 127
	[0,0] 27
19:
	(1,1) 125
	[0,0] 27
20:
	(1,1) 65
	[0,0] 11
21:
	(1,1) 60
	[0,0] 11
22:
	(1,1) 65
	[0,0] 11
23:
	(1,1) 60
	[0,0] 11
24:
	(1,1) 63
	[0,0] 11
25:
	(1,1) 60
	[0,0] 11
26:
	(1,1) 63
	[0,0] 11
27:
	(1,1) 60
	[0,0] 11
28:
	(1,1) 73
	[0,0] 15
29:
	(1,1) 81
	[0,0] 17
30:
	(1,1) 91
	[0,0] 19
31:
	(1,1) 99
	[0,0] 21
32:
	(1,1) 107
	[0,0] 23
33:
	(1,1) 115
	[0,0] 25
34:
	(1,1) 125
	[0,0] 27
35:
	(1,1) 133
	[0,0] 29
36:
	(1,1) 65
	[0,0] 11
37:
	(1,1) 60
	[0,0] 11
38:
	(1,1) 65
	[0,0] 11
39:
	(1,1) 60
	[0,0] 11
40:
	(1,1) 73
	[0,0] 15
41:
	(1,1) 81
	[0,0] 17
42:
	(1,1) 91
	[0,0] 19
43:
	(1,1) 99
	[0,0] 21
44:
	(1,1) 73
	[0,0] 15
45:
	(1,1) 81
	[0,0] 17
46:
	(1,1) 91
	[0,0] 19
47:
	(1,1) 99
	[0,0] 21
48:
	(1,1) 75
	[0,0] 14
49:
	(1,1) 83
	[0,0] 16
50:
	(1,1) 89
	[0,0] 17
51:
	(1,1) 97
	[0,0] 19
52:
	(1,1) 103
	[0,0] 21
53:
	(1,1) 111
	[0,0] 23
54:
	(1,1) 73
	[0,0] 15
55:
	(1,1) 81
	[0,0] 17
504:
	(5,5) 77
	[1,1] 16
490:
	(3,3) 61
	[0,0] 11
808:
	(17,4) 93
	[5,1] 19
647:
	(5,106) 596
	[1,21] 115
631:
	(5,67) 45
	[1,15] 8
182:
	(3,16) 78
	[1,5] 15
409:
	(7,4) 54
	[1,1] 10
703:
	(23,27) 27
	[4,6] 5
707:
	(39,47) 4
	[8,8] 1
597:
	(5,75) 45
	[1,17] 8
852:
	(48,40) 3
	[8,8] 1
505:
	(7,11) 88
	[2,3] 18
517:
	(5,5) 61
	[0,0] 11
660:
	(11,46) 39
	[2,9] 7
452:
	(5,5) 69
	[1,1] 14
748:
	(57,52) 631
	[11,11] 125
848:
	(16,4) 118
	[4,1] 25
451:
	(5,5) 649
	[1,1] 128
778:
	(47,6) 600
	[11,1] 116
619:
	(5,47) 45
	[1,11] 8
516:
	(7,7) 644
	[1,1] 127
550:
	(9,4) 653
	[2,1] 129
629:
	(5,64) 46
	[1,16] 8
886:
	(204,8) 397
	[43,1] 75
819:
	(10,4) 110
	[2,1] 23
643:
	(5,43) 45
	[1,10] 8
698:
	(23,61) 27
	[4,13] 5
120:
	(3,4) 66
	[1,1] 13
415:
	(7,4) 54
	[1,1] 10
736:
	(48,53) 620
	[11,12] 120
814:
	(15,4) 76
	[4,1] 15
440:
	(5,5) 103
	[1,1] 22
166:
	(3,13) 112
	[1,4] 23
306:
	(3,12) 660
	[1,3] 130
423:
	(11,5) 50
	[2,1] 9
137:
	(3,15) 59
	[1,4] 11
319:
	(3,8) 627
	[1,2] 122
413:
	(9,4) 52
	[1,1] 10
112:
	(3,11) 67
	[1,3] 13
828:
	(8,4) 118
	[2,1] 25
744:
	(57,52) 632
	[13,12] 123
656:
	(11,48) 39
	[2,11] 7
604:
	(5,81) 45
	[1,19] 8
862:
	(60,55) 541
	[10,12] 106
199:
	(3,8) 96
	[1,1] 20
60:
	(3,40) 0
	[1,8] 0
532:
	(9,9) 646
	[2,2] 125
675:
	(11,63) 39
	[2,15] 7
253:
	(3,19) 78
	[1,4] 15
514:
	(5,5) 99
	[0,0] 21
496:
	(7,8) 80
	[2,2] 16
687:
	(11,62) 40
	[2,15] 7
251:
	(3,16) 81
	[1,3] 16
665:
	(11,82) 40
	[2,19] 7
541:
	(9,4) 649
	[2,1] 129
184:
	(3,4) 104
	[1,1] 22
506:
	(29,6) 44
	[6,1] 9
484:
	(5,5) 129
	[1,1] 28
576:
	(5,27) 46
	[1,7] 8
455:
	(5,5) 69
	[1,1] 14
652:
	(11,85) 40
	[2,20] 7
430:
	(3,3) 101
	[0,0] 21
269:
	(3,6) 58
	[1,1] 10
322:
	(3,12) 638
	[1,3] 124
611:
	(5,82) 46
	[1,20] 8
231:
	(3,10) 74
	[1,1] 15
779:
	(46,6) 653
	[10,1] 126
290:
	(3,58) 3
	[1,10] 1
810:
	(12,4) 100
	[2,1] 21
574:
	(5,33) 46
	[1,7] 8
590:
	(5,81) 46
	[1,19] 8
138:
	(3,14) 59
	[1,4] 11
58:
	(3,35) 0
	[1,8] 0
696:
	(23,35) 28
	[4,7] 5
599:
	(5,53) 46
	[1,13] 8
587:
	(5,81) 45
	[1,19] 8
636:
	(5,36) 45
	[1,9] 8
793:
	(14,4) 77
	[4,1] 15
537:
	(21,4) 67
	[5,1] 12
837:
	(16,4) 58
	[4,1] 11
511:
	(39,6) 22
	[6,1] 5
719:
	(37,32) 598
	[8,7] 116
775:
	(54,71) 645
	[11,15] 125
105:
	(3,15) 93
	[1,4] 19
650:
	(5,53) 45
	[1,11] 8
637:
	(5,46) 45
	[1,11] 8
236:
	(3,10) 71
	[1,3] 14
610:
	(5,86) 596
	[1,20] 115
417:
	(10,4) 63
	[2,1] 13
467:
	(5,5) 87
	[1,1] 18
724:
	(40,49) 606
	[9,10] 116
412:
	(9,4) 52
	[1,1] 10
232:
	(3,4) 74
	[1,1] 15
683:
	(11,31) 40
	[2,8] 7
425:
	(13,5) 48
	[2,1] 9
581:
	(5,30) 46
	[1,8] 8
312:
	(3,8) 627
	[1,2] 122
776:
	(7,116) 692
	[1,25] 135
157:
	(3,20) 102
	[1,5] 21
549:
	(13,4) 669
	[3,1] 132
146:
	(3,14) 85
	[1,4] 17
634:
	(5,35) 46
	[1,9] 8
679:
	(11,56) 39
	[2,13] 7
892:
	(10,596) 5
	[1,117] 1
109:
	(3,20) 94
	[1,5] 19
829:
	(16,4) 119
	[4,1] 25
475:
	(3,3) 87
	[0,0] 17
762:
	(50,6) 588
	[10,1] 115
481:
	(5,5) 650
	[1,1] 126
761:
	(55,60) 624
	[13,14] 122
435:
	(5,5) 129
	[1,1] 28
470:
	(3,3) 63
	[0,0] 11
113:
	(3,15) 67
	[1,4] 13
221:
	(3,19) 86
	[1,4] 17
803:
	(12,4) 92
	[2,1] 19
756:
	(30,55) 559
	[6,11] 109
305:
	(3,12) 665
	[1,3] 130
632:
	(5,33) 45
	[1,8] 8
408:
	(5,27) 73
	[1,6] 15
881:
	(83,7) 518
	[18,1] 100
400:
	(5,60) 541
	[1,13] 105
431:
	(5,5) 672
	[1,1] 132
789:
	(16,4) 66
	[4,1] 13
539:
	(71,4) 647
	[14,1] 126
518:
	(5,5) 56
	[0,0] 11
119:
	(3,10) 66
	[1,1] 13
160:
	(3,4) 114
	[1,1] 24
767:
	(7,50) 586
	[1,11] 114
76:
	(3,10) 123
	[1,3] 26
817:
	(23,4) 67
	[5,1] 13
397:
	(5,61) 596
	[1,12] 117
791:
	(20,4) 77
	[4,1] 15
760:
	(56,61) 628
	[13,14] 122
771:
	(61,66) 747
	[14,14] 146
483:
	(7,8) 70
	[2,2] 14
740:
	(6,69) 599
	[1,16] 115
795:
	(14,4) 67
	[4,1] 13
645:
	(5,63) 45
	[1,15] 8
627:
	(5,133) 600
	[1,29] 115
804:
	(17,4) 67
	[5,1] 13
502:
	(7,8) 88
	[2,2] 18
493:
	(5,5) 630
	[1,1] 123
758:
	(5,65) 633
	[1,12] 124
737:
	(48,53) 596
	[10,11] 117
254:
	(3,13) 78
	[1,4] 15
591:
	(5,89) 46
	[1,21] 8
558:
	(42,5) 58
	[10,1] 11
805:
	(8,4) 92
	[2,1] 19
580:
	(5,25) 45
	[1,6] 8
863:
	(60,56) 545
	[10,12] 106
755:
	(5,57) 631
	[1,12] 124
497:
	(3,3) 61
	[0,0] 11
797:
	(14,4) 84
	[2,1] 17
754:
	(11,61) 627
	[1,12] 124
434:
	(5,5) 668
	[1,1] 131
273:
	(3,11) 62
	[1,2] 13
161:
	(3,9) 111
	[1,2] 23
831:
	(21,4) 101
	[5,1] 21
765:
	(8,86) 593
	[1,20] 115
725:
	(40,45) 590
	[8,9] 115
215:
	(3,10) 88
	[1,1] 18
690:
	(23,65) 27
	[4,15] 5
399:
	(5,61) 596
	[1,13] 117
536:
	(38,4) 62
	[9,1] 12
732:
	(53,44) 624
	[11,10] 121
376:
	(3,8) 108
	[1,2] 23
118:
	(3,16) 68
	[1,5] 13
716:
	(45,36) 610
	[9,8] 117
276:
	(3,9) 70
	[1,2] 14
807:
	(12,4) 76
	[3,1] 15
117:
	(3,22) 68
	[1,5] 13
682:
	(11,107) 590
	[2,21] 114
572:
	(54,5) 54
	[13,1] 10
710:
	(12,43) 582
	[3,10] 113
843:
	(17,4) 59
	[5,1] 11
158:
	(3,16) 102
	[1,5] 21
816:
	(19,4) 111
	[5,1] 23
375:
	(3,8) 108
	[1,2] 23
123:
	(3,16) 63
	[1,3] 12
697:
	(23,80) 578
	[4,18] 112
446:
	(7,11) 96
	[2,3] 20
667:
	(11,69) 40
	[2,16] 7
663:
	(11,83) 40
	[2,20] 7
865:
	(44,56) 545
	[8,11] 107
811:
	(16,4) 76
	[4,1] 15
556:
	(21,7) 63
	[5,2] 12
533:
	(10,55) 6
	[2,9] 2
59:
	(3,34) 0
	[1,8] 0
407:
	(8,7) 79
	[2,2] 15
494:
	(7,11) 70
	[2,3] 14
277:
	(3,9) 64
	[1,2] 13
885:
	(87,34) 514
	[15,7] 103
352:
	(3,8) 84
	[1,2] 17
235:
	(3,16) 71
	[1,3] 14
571:
	(72,5) 54
	[17,1] 10
691:
	(23,67) 28
	[4,15] 5
303:
	(3,8) 641
	[1,2] 126
328:
	(3,20) 67
	[1,5] 12
404:
	(5,42) 559
	[1,10] 108
617:
	(5,54) 46
	[1,12] 8
867:
	(8,14) 73
	[2,3] 14
705:
	(23,57) 27
	[4,13] 5
750:
	(19,54) 586
	[4,12] 112
248:
	(3,4) 84
	[1,1] 17
270:
	(3,6) 55
	[1,1] 10
163:
	(3,12) 115
	[1,3] 24
329:
	(3,37) 63
	[1,9] 12
729:
	(12,53) 577
	[3,11] 112
69:
	(2,2) 0
	[0,0] 0
671:
	(11,29) 39
	[2,7] 7
392:
	(3,8) 126
	[1,2] 27
153:
	(3,15) 101
	[1,4] 21
531:
	(7,7) 77
	[0,0] 16
875:
	(43,6) 558
	[10,1] 108
717:
	(41,36) 594
	[8,7] 116
720:
	(26,12) 587
	[6,2] 115
569:
	(64,5) 54
	[15,1] 10
826:
	(10,4) 118
	[2,1] 25
141:
	(3,22) 60
	[1,5] 11
472:
	(3,3) 73
	[0,0] 14
429:
	(3,3) 109
	[0,0] 23
439:
	(5,5) 111
	[1,1] 24
264:
	(3,8) 53
	[1,1] 10
479:
	(3,3) 95
	[0,0] 19
873:
	(44,39) 557
	[9,8] 109
602:
	(5,89) 45
	[1,21] 8
238:
	(3,13) 68
	[1,4] 13
853:
	(48,34) 3
	[8,8] 1
503:
	(7,12) 88
	[2,3] 18
538:
	(9,4) 661
	[2,1] 131
781:
	(7,101) 598
	[1,21] 115
713:
	(5,40) 608
	[1,9] 120
783:
	(16,54) 585
	[2,12] 114
296:
	(3,10) 641
	[1,2] 126
136:
	(3,11) 59
	[1,3] 11
181:
	(3,22) 78
	[1,5] 15
330:
	(3,7) 70
	[1,2] 14
847:
	(16,4) 110
	[4,1] 23
411:
	(12,4) 61
	[2,1] 13
812:
	(8,4) 100
	[2,1] 21
868:
	(2,2) 607
	[0,0] 119
596:
	(5,82) 588
	[1,19] 114
534:
	(10,67) 6
	[2,13] 2
838:
	(23,4) 85
	[5,1] 17
834:
	(16,4) 58
	[3,1] 11
728:
	(12,53) 593
	[3,12] 113
685:
	(11,79) 590
	[2,18] 114
433:
	(5,5) 630
	[1,1] 123
570:
	(38,5) 58
	[9,1] 10
418:
	(14,5) 59
	[3,1] 12
217:
	(3,13) 85
	[1,2] 17
453:
	(5,5) 69
	[1,1] 14
616:
	(5,37) 45
	[1,9] 8
201:
	(3,11) 93
	[1,2] 19
563:
	(11,9) 633
	[3,2] 124
642:
	(5,69) 46
	[1,17] 8
530:
	(7,7) 83
	[0,0] 17
75:
	(3,12) 123
	[1,3] 26
757:
	(30,51) 563
	[6,11] 109
297:
	(3,8) 665
	[1,2] 130
813:
	(18,4) 101
	[4,1] 21
190:
	(3,13) 102
	[1,4] 21
491:
	(7,12) 70
	[2,3] 14
110:
	(3,16) 94
	[1,5] 19
670:
	(11,28) 40
	[2,7] 7
836:
	(12,4) 58
	[3,1] 11
618:
	(5,51) 46
	[1,11] 8
662:
	(11,66) 40
	[2,15] 7
469:
	(5,5) 645
	[1,1] 126
666:
	(11,79) 594
	[2,18] 114
688:
	(23,31) 27
	[4,6] 5
639:
	(5,59) 45
	[1,13] 8
718:
	(44,35) 606
	[9,8] 117
877:
	(61,6) 540
	[13,1] 105
183:
	(3,8) 104
	[1,1] 22
510:
	(7,12) 96
	[2,3] 20
106:
	(3,14) 93
	[1,4] 19
855:
	(47,28) 3
	[8,6] 1
726:
	(39,48) 602
	[9,10] 116
177:
	(3,15) 77
	[1,4] 15
606:
	(5,73) 45
	[1,17] 8
730:
	(12,49) 581
	[3,11] 112
295:
	(3,10) 641
	[1,2] 126
265:
	(3,8) 58
	[1,1] 10
614:
	(5,44) 46
	[1,10] 8
678:
	(11,65) 40
	[2,16] 7
562:
	(26,6) 62
	[6,1] 11
874:
	(58,6) 543
	[12,1] 106
525:
	(9,9) 668
	[2,2] 131
722:
	(13,32) 581
	[2,7] 114
500:
	(5,5) 630
	[1,1] 123
850:
	(48,37) 3
	[8,7] 1
593:
	(5,78) 600
	[1,18] 115
78:
	(3,13) 120
	[1,4] 25
889:
	(195,29) 406
	[39,5] 79
738:
	(47,52) 616
	[11,12] 120
714:
	(5,46) 608
	[1,9] 120
98:
	(3,14) 111
	[1,4] 23
461:
	(7,12) 122
	[2,3] 26
825:
	(14,4) 111
	[4,1] 23
884:
	(79,28) 522
	[16,5] 102
218:
	(3,7) 92
	[1,2] 19
471:
	(3,3) 58
	[0,0] 11
271:
	(3,11) 62
	[1,2] 13
741:
	(6,68) 595
	[1,16] 115
478:
	(5,5) 645
	[1,1] 126
437:
	(5,5) 121
	[1,1] 26
398:
	(5,57) 544
	[1,12] 106
693:
	(23,38) 28
	[4,8] 5
468:
	(3,3) 63
	[0,0] 11
401:
	(5,38) 596
	[1,8] 117
535:
	(11,4) 67
	[3,1] 13
887:
	(23,40) 578
	[4,8] 114
772:
	(13,57) 576
	[2,11] 113
360:
	(3,8) 92
	[1,2] 19
747:
	(49,54) 637
	[11,11] 125
114:
	(3,14) 67
	[1,4] 13
341:
	(3,8) 74
	[1,2] 15
206:
	(3,13) 94
	[1,4] 19
711:
	(12,49) 582
	[3,10] 113
633:
	(5,37) 45
	[1,8] 8
125:
	(3,19) 60
	[1,4] 11
528:
	(7,7) 69
	[0,0] 14
578:
	(5,29) 45
	[1,6] 8
477:
	(5,5) 650
	[1,1] 126
507:
	(7,62) 650
	[2,11] 127
63:
	(3,37) 0
	[1,9] 0
476:
	(3,3) 87
	[0,0] 17
327:
	(3,10) 67
	[1,3] 13
653:
	(11,37) 40
	[2,8] 7
788:
	(12,4) 66
	[3,1] 13
621:
	(5,71) 45
	[1,17] 8
189:
	(3,17) 102
	[1,4] 21
313:
	(3,12) 643
	[1,3] 124
427:
	(5,5) 667
	[1,1] 132
90:
	(3,14) 119
	[1,4] 25
457:
	(3,3) 125
	[0,0] 27
488:
	(7,8) 62
	[2,2] 12
706:
	(36,47) 4
	[7,8] 1
545:
	(9,4) 639
	[2,1] 127
798:
	(21,4) 93
	[5,1] 19
559:
	(42,5) 76
	[10,1] 15
272:
	(3,11) 70
	[1,2] 14
764:
	(8,87) 597
	[1,20] 115
458:
	(5,5) 103
	[1,1] 22
414:
	(8,4) 73
	[2,1] 15
508:
	(7,74) 655
	[2,15] 127
878:
	(11,39) 590
	[2,8] 116
220:
	(3,10) 89
	[1,3] 18
851:
	(48,31) 3
	[8,7] 1
162:
	(3,7) 111
	[1,2] 23
824:
	(15,4) 100
	[4,1] 21
866:
	(9,31) 69
	[2,7] 14
515:
	(7,7) 644
	[1,1] 127
727:
	(36,41) 594
	[8,9] 115
605:
	(5,87) 46
	[1,21] 8
308:
	(3,8) 640
	[1,2] 127
343:
	(3,8) 74
	[1,2] 15
857:
	(47,31) 3
	[8,7] 1
185:
	(3,11) 101
	[1,2] 21
723:
	(13,32) 581
	[2,7] 114
612:
	(17,10) 627
	[4,2] 123
649:
	(5,121) 596
	[1,25] 115
674:
	(11,47) 39
	[2,11] 7
359:
	(3,8) 92
	[1,2] 19
628:
	(5,76) 46
	[1,18] 8
589:
	(5,51) 45
	[1,12] 8
543:
	(78,4) 655
	[16,1] 128
871:
	(57,45) 544
	[11,8] 107
577:
	(5,36) 46
	[1,8] 8
638:
	(5,61) 46
	[1,15] 8
822:
	(16,4) 111
	[4,1] 23
187:
	(3,14) 105
	[1,3] 22
68:
	(2,2) 0
	[0,0] 0
367:
	(3,8) 100
	[1,2] 21
832:
	(17,4) 111
	[5,1] 23
882:
	(120,7) 481
	[25,1] 93
594:
	(5,86) 600
	[1,20] 115
564:
	(5,33) 639
	[1,8] 126
890:
	(195,36) 406
	[35,7] 83
600:
	(5,92) 46
	[1,22] 8
93:
	(3,18) 120
	[1,5] 25
753:
	(24,54) 565
	[5,11] 110
598:
	(5,82) 584
	[1,19] 114
839:
	(17,4) 101
	[5,1] 21
806:
	(18,4) 93
	[4,1] 19
444:
	(5,5) 87
	[1,1] 18
551:
	(13,4) 661
	[3,1] 130
314:
	(3,12) 638
	[1,3] 124
695:
	(23,70) 28
	[4,16] 5
664:
	(11,119) 594
	[2,25] 114
658:
	(11,64) 39
	[2,15] 7
751:
	(19,53) 582
	[4,12] 112
846:
	(16,4) 92
	[4,1] 19
835:
	(15,4) 84
	[4,1] 17
66:
	(3,73) 0
	[1,15] 0
815:
	(16,4) 100
	[4,1] 21
624:
	(5,73) 46
	[1,17] 8
651:
	(54,6) 754
	[11,1] 149
237:
	(3,19) 68
	[1,4] 13
456:
	(5,5) 69
	[1,1] 14
72:
	(3,4) 122
	[1,1] 26
763:
	(44,6) 592
	[10,1] 115
625:
	(5,68) 46
	[1,16] 8
840:
	(15,4) 58
	[4,1] 11
298:
	(3,8) 660
	[1,2] 130
613:
	(5,62) 46
	[1,14] 8
583:
	(5,90) 46
	[1,22] 8
422:
	(14,5) 59
	[3,1] 12
492:
	(5,5) 630
	[1,1] 123
721:
	(26,12) 587
	[6,2] 115
883:
	(115,46) 486
	[23,8] 95
358:
	(3,8) 92
	[1,2] 19
57:
	(3,31) 0
	[1,7] 0
876:
	(39,6) 562
	[8,1] 110
334:
	(3,8) 66
	[1,2] 13
648:
	(5,38) 46
	[1,10] 8
792:
	(14,4) 76
	[2,1] 15
742:
	(11,66) 578
	[2,14] 113
247:
	(3,10) 80
	[1,1] 16
786:
	(14,4) 59
	[4,1] 11
164:
	(3,10) 115
	[1,3] 24
766:
	(7,56) 582
	[1,11] 114
854:
	(47,32) 3
	[8,6] 1
646:
	(5,72) 46
	[1,18] 8
250:
	(3,7) 84
	[1,2] 17
278:
	(3,9) 70
	[1,2] 14
859:
	(38,43) 558
	[8,9] 109
150:
	(3,16) 86
	[1,5] 17
383:
	(3,8) 118
	[1,2] 25
523:
	(6,51) 10
	[1,8] 3
526:
	(9,9) 663
	[2,2] 131
547:
	(8,4) 703
	[2,1] 140
561:
	(5,25) 63
	[1,6] 11
519:
	(5,5) 61
	[0,0] 11
281:
	(3,77) 652
	[1,16] 126
445:
	(5,5) 87
	[1,1] 18
102:
	(3,16) 112
	[1,5] 23
630:
	(5,45) 45
	[1,9] 8
521:
	(9,9) 641
	[2,2] 125
677:
	(11,81) 39
	[2,19] 7
266:
	(3,8) 53
	[1,1] 10
391:
	(3,8) 126
	[1,2] 27
489:
	(7,12) 62
	[2,2] 12
441:
	(5,5) 95
	[1,1] 20
603:
	(5,88) 45
	[1,21] 8
188:
	(3,10) 105
	[1,3] 22
509:
	(27,6) 34
	[4,1] 7
700:
	(23,29) 28
	[4,7] 5
126:
	(3,13) 60
	[1,4] 11
733:
	(52,43) 620
	[11,10] 121
712:
	(9,52) 604
	[2,9] 119
524:
	(6,63) 10
	[1,12] 3
842:
	(17,4) 85
	[5,1] 17
205:
	(3,17) 94
	[1,4] 19
849:
	(14,4) 119
	[4,1] 25
573:
	(20,5) 58
	[5,1] 11
879:
	(11,62) 590
	[2,12] 116
421:
	(16,5) 57
	[3,1] 12
622:
	(5,48) 46
	[1,12] 8
585:
	(5,55) 45
	[1,13] 8
794:
	(15,4) 66
	[4,1] 13
800:
	(20,4) 85
	[4,1] 17
410:
	(10,4) 63
	[2,1] 13
768:
	(64,59) 643
	[14,14] 126
149:
	(3,22) 86
	[1,5] 17
499:
	(3,3) 58
	[0,0] 11
749:
	(53,58) 645
	[11,11] 125
311:
	(3,8) 627
	[1,2] 122
689:
	(23,31) 27
	[4,7] 5
144:
	(3,11) 85
	[1,3] 17
702:
	(23,64) 27
	[4,15] 5
520:
	(5,5) 56
	[0,0] 11
860:
	(26,33) 568
	[5,7] 111
680:
	(11,44) 39
	[2,10] 7
368:
	(3,8) 100
	[1,2] 21
219:
	(3,16) 89
	[1,3] 18
178:
	(3,14) 77
	[1,4] 15
872:
	(34,27) 567
	[7,5] 111
584:
	(5,79) 46
	[1,19] 8
731:
	(12,52) 589
	[3,12] 113
402:
	(5,38) 563
	[1,8] 110
565:
	(12,11) 58
	[3,3] 11
65:
	(2,2) 0
	[0,0] 0
94:
	(3,16) 120
	[1,5] 25
159:
	(3,6) 114
	[1,1] 24
635:
	(5,45) 46
	[1,11] 8
615:
	(5,41) 46
	[1,9] 8
821:
	(8,4) 110
	[2,1] 23
544:
	(13,4) 673
	[3,1] 132
553:
	(9,4) 645
	[2,1] 127
342:
	(3,8) 74
	[1,2] 15
595:
	(5,84) 46
	[1,20] 8
501:
	(7,11) 80
	[2,3] 16
320:
	(3,8) 627
	[1,2] 122
784:
	(36,55) 569
	[6,12] 110
419:
	(13,5) 48
	[2,1] 9
676:
	(11,26) 39
	[2,6] 7
222:
	(3,13) 86
	[1,4] 17
752:
	(24,50) 569
	[5,11] 110
540:
	(13,4) 665
	[3,1] 130
351:
	(3,8) 84
	[1,2] 17
827:
	(12,4) 84
	[3,1] 17
568:
	(16,11) 597
	[4,2] 117
450:
	(5,5) 77
	[1,1] 16
704:
	(23,63) 28
	[4,15] 5
644:
	(5,55) 45
	[1,13] 8
77:
	(3,15) 120
	[1,4] 25
121:
	(3,13) 66
	[1,2] 13
463:
	(7,12) 114
	[2,3] 24
566:
	(30,7) 58
	[7,1] 10
64:
	(2,2) 0
	[0,0] 0
769:
	(60,65) 651
	[14,14] 128
659:
	(11,55) 40
	[2,12] 7
582:
	(5,54) 45
	[1,13] 8
432:
	(5,5) 663
	[1,1] 131
512:
	(46,6) 27
	[9,1] 6
759:
	(5,55) 631
	[1,12] 124
555:
	(5,15) 603
	[1,4] 118
216:
	(3,4) 92
	[1,1] 19
669:
	(11,82) 39
	[2,19] 7
708:
	(30,47) 4
	[7,8] 1
384:
	(3,8) 118
	[1,2] 25
785:
	(36,54) 565
	[6,12] 110
522:
	(9,9) 646
	[2,2] 125
641:
	(5,70) 45
	[1,17] 8
820:
	(23,4) 77
	[5,1] 15
739:
	(44,49) 600
	[10,11] 117
186:
	(3,7) 101
	[1,2] 21
480:
	(3,3) 95
	[0,0] 19
858:
	(38,37) 563
	[8,9] 109
735:
	(49,44) 600
	[10,9] 118
856:
	(47,32) 3
	[8,7] 1
701:
	(23,30) 27
	[4,7] 5
527:
	(9,9) 641
	[2,2] 125
552:
	(59,4) 643
	[10,1] 126
448:
	(5,5) 77
	[1,1] 16
782:
	(16,88) 589
	[2,20] 114
734:
	(45,40) 604
	[10,9] 118
869:
	(3,3) 606
	[0,0] 119
891:
	(400,9) 201
	[82,1] 36
449:
	(5,5) 77
	[1,1] 16
567:
	(46,6) 54
	[11,1] 10
787:
	(20,4) 67
	[4,1] 13
416:
	(12,4) 61
	[2,1] 13
673:
	(11,46) 40
	[2,11] 7
405:
	(8,4) 92
	[2,1] 19
575:
	(5,28) 45
	[1,7] 8
888:
	(171,35) 430
	[31,7] 87
743:
	(11,62) 582
	[2,14] 113
447:
	(5,5) 643
	[1,1] 128
774:
	(8,68) 639
	[2,15] 125
790:
	(15,4) 92
	[4,1] 19
336:
	(3,8) 66
	[1,2] 13
777:
	(5,69) 642
	[1,16] 126
780:
	(7,53) 594
	[1,12] 115
745:
	(56,51) 628
	[13,12] 123
830:
	(16,4) 84
	[4,1] 17
661:
	(11,49) 40
	[2,12] 7
71:
	(3,6) 122
	[1,1] 26
436:
	(5,5) 121
	[1,1] 26
542:
	(66,4) 651
	[12,1] 128
498:
	(7,12) 80
	[2,3] 16
823:
	(17,4) 77
	[5,1] 15
420:
	(16,5) 57
	[3,1] 12
426:
	(5,5) 646
	[1,1] 127
474:
	(3,3) 81
	[0,0] 16
699:
	(23,66) 28
	[4,16] 5
672:
	(11,60) 39
	[2,13] 7
861:
	(26,33) 568
	[5,7] 111
424:
	(11,5) 50
	[2,1] 9
692:
	(23,80) 582
	[4,18] 112
176:
	(3,11) 77
	[1,3] 15
460:
	(5,5) 644
	[1,1] 127
473:
	(3,3) 81
	[0,0] 16
332:
	(3,34) 66
	[1,8] 13
234:
	(3,7) 74
	[1,2] 15
350:
	(3,8) 84
	[1,2] 17
61:
	(3,34) 0
	[1,8] 0
818:
	(14,4) 101
	[4,1] 21
864:
	(44,52) 549
	[8,11] 107
459:
	(7,11) 122
	[2,3] 26
880:
	(83,38) 518
	[16,9] 102
546:
	(11,4) 687
	[1,1] 135
331:
	(3,17) 70
	[1,4] 13
282:
	(3,65) 647
	[1,12] 126
466:
	(7,12) 104
	[2,3] 22
233:
	(3,13) 74
	[1,2] 15
833:
	(19,4) 119
	[5,1] 25
773:
	(13,51) 580
	[2,11] 113
465:
	(7,11) 104
	[2,3] 22
307:
	(3,8) 646
	[1,2] 127
796:
	(15,4) 118
	[4,1] 25
709:
	(33,47) 4
	[8,8] 1
654:
	(11,30) 39
	[2,7] 7
70:
	(5,601) 0
	[1,118] 0
122:
	(3,7) 66
	[1,2] 13
97:
	(3,15) 111
	[1,4] 23
770:
	(65,60) 651
	[14,14] 126
203:
	(3,14) 97
	[1,3] 20
101:
	(3,18) 112
	[1,5] 23
529:
	(7,7) 91
	[0,0] 19
165:
	(3,15) 112
	[1,4] 23
802:
	(14,4) 85
	[4,1] 17
554:
	(5,4) 681
	[1,1] 135
89:
	(3,15) 119
	[1,4] 25
586:
	(5,59) 46
	[1,13] 8
406:
	(18,4) 82
	[4,1] 17
428:
	(5,5) 646
	[1,1] 127
801:
	(15,4) 110
	[4,1] 23
56:
	(3,35) 0
	[1,7] 0
560:
	(50,5) 76
	[12,1] 15
142:
	(3,16) 60
	[1,5] 11
268:
	(3,6) 55
	[1,1] 10
289:
	(3,70) 3
	[1,14] 1
841:
	(23,4) 59
	[5,1] 11
809:
	(14,4) 93
	[4,1] 19
626:
	(5,118) 600
	[1,25] 115
592:
	(5,83) 45
	[1,19] 8
482:
	(3,3) 58
	[0,0] 11
657:
	(11,52) 40
	[2,11] 7
73:
	(3,9) 119
	[1,2] 25
124:
	(3,10) 63
	[1,3] 12
623:
	(5,65) 46
	[1,15] 8
204:
	(3,10) 97
	[1,3] 20
608:
	(5,74) 584
	[1,17] 114
249:
	(3,13) 77
	[1,2] 15
442:
	(5,5) 95
	[1,1] 20
263:
	(3,8) 58
	[1,1] 10
620:
	(5,63) 45
	[1,15] 8
321:
	(3,12) 643
	[1,3] 124
145:
	(3,15) 85
	[1,4] 17
67:
	(3,61) 0
	[1,11] 0
609:
	(5,78) 596
	[1,18] 115
668:
	(11,30) 39
	[2,6] 7
275:
	(3,9) 64
	[1,2] 13
304:
	(3,8) 641
	[1,2] 126
438:
	(5,5) 111
	[1,1] 24
557:
	(8,22) 62
	[2,5] 12
200:
	(3,4) 96
	[1,1] 20
845:
	(16,4) 66
	[3,1] 13
274:
	(3,11) 70
	[1,2] 14
588:
	(5,56) 46
	[1,14] 8
464:
	(5,5) 644
	[1,1] 127
454:
	(3,3) 117
	[0,0] 25
715:
	(9,52) 604
	[2,9] 119
640:
	(5,62) 45
	[1,15] 8
513:
	(5,5) 107
	[0,0] 23
655:
	(11,34) 40
	[2,7] 7
799:
	(17,4) 119
	[5,1] 25
74:
	(3,7) 119
	[1,2] 25
601:
	(5,80) 45
	[1,19] 8
202:
	(3,7) 93
	[1,2] 19
684:
	(11,74) 39
	[2,17] 7
694:
	(23,32) 28
	[4,8] 5
443:
	(5,5) 95
	[1,1] 20
870:
	(57,61) 544
	[12,10] 106
681:
	(11,80) 40
	[2,19] 7
486:
	(7,11) 62
	[2,3] 12
548:
	(9,4) 657
	[2,1] 131
607:
	(5,74) 588
	[1,17] 114
111:
	(3,15) 67
	[1,3] 13
267:
	(3,6) 58
	[1,1] 10
487:
	(7,12) 62
	[2,3] 12
686:
	(11,76) 39
	[2,17] 7
335:
	(3,8) 66
	[1,2] 13
579:
	(5,29) 45
	[1,7] 8
844:
	(20,4) 59
	[4,1] 11
485:
	(7,12) 70
	[2,2] 14
252:
	(3,10) 81
	[1,3] 16
403:
	(5,48) 596
	[1,10] 117
746:
	(53,48) 635
	[11,11] 125
344:
	(3,8) 74
	[1,2] 15
62:
	(3,43) 0
	[1,9] 0
154:
	(3,14) 101
	[1,4] 21
135:
	(3,15) 59
	[1,3] 11
462:
	(7,11) 114
	[2,3] 24
495:
	(3,3) 58
	[0,0] 11
333:
	(3,8) 66
	[1,2] 13

-----------------------------------
Sum of T(sa0)s: ∞
Sum of T(sa1)s: ∞
Testability index: ∞