0:
	(1,1) 1
	[0,0] 0
1:
	(1,1) 33
	[0,0] 6
x:
	(1,1) ∞
	[0,0] ∞
2:
	(1,1) 33
	[0,0] 6
3:
	(1,1) 29
	[0,0] 5
4:
	(1,1) 38
	[0,0] 5
5:
	(1,1) 55
	[0,0] 9
6:
	(1,1) 55
	[0,0] 9
7:
	(1,1) ∞
	[0,0] ∞
8:
	(1,1) ∞
	[0,0] ∞
9:
	(1,1) 101
	[0,0] 16
10:
	(1,1) 101
	[0,0] 16
11:
	(1,1) 101
	[0,0] 16
12:
	(1,1) 101
	[0,0] 16
13:
	(1,1) 101
	[0,0] 16
14:
	(1,1) 101
	[0,0] 16
15:
	(1,1) 101
	[0,0] 16
16:
	(1,1) 101
	[0,0] 16
17:
	(1,1) 101
	[0,0] 16
18:
	(1,1) 101
	[0,0] 16
19:
	(1,1) 101
	[0,0] 16
20:
	(1,1) 101
	[0,0] 16
21:
	(1,1) 101
	[0,0] 16
22:
	(1,1) 101
	[0,0] 16
23:
	(1,1) 101
	[0,0] 16
24:
	(1,1) 101
	[0,0] 16
25:
	(1,1) ∞
	[0,0] ∞
26:
	(1,1) ∞
	[0,0] ∞
27:
	(1,1) ∞
	[0,0] ∞
28:
	(1,1) ∞
	[0,0] ∞
29:
	(1,1) ∞
	[0,0] ∞
30:
	(1,1) ∞
	[0,0] ∞
31:
	(1,1) ∞
	[0,0] ∞
32:
	(1,1) ∞
	[0,0] ∞
33:
	(1,1) ∞
	[0,0] ∞
34:
	(1,1) ∞
	[0,0] ∞
35:
	(1,1) ∞
	[0,0] ∞
36:
	(1,1) ∞
	[0,0] ∞
37:
	(1,1) ∞
	[0,0] ∞
38:
	(1,1) ∞
	[0,0] ∞
39:
	(1,1) ∞
	[0,0] ∞
40:
	(1,1) ∞
	[0,0] ∞
41:
	(1,1) ∞
	[0,0] ∞
42:
	(1,1) ∞
	[0,0] ∞
43:
	(1,1) ∞
	[0,0] ∞
44:
	(1,1) ∞
	[0,0] ∞
45:
	(1,1) ∞
	[0,0] ∞
46:
	(1,1) ∞
	[0,0] ∞
47:
	(1,1) ∞
	[0,0] ∞
48:
	(1,1) ∞
	[0,0] ∞
49:
	(1,1) ∞
	[0,0] ∞
50:
	(1,1) ∞
	[0,0] ∞
51:
	(1,1) ∞
	[0,0] ∞
52:
	(1,1) ∞
	[0,0] ∞
53:
	(1,1) ∞
	[0,0] ∞
54:
	(1,1) ∞
	[0,0] ∞
55:
	(1,1) ∞
	[0,0] ∞
56:
	(1,1) ∞
	[0,0] ∞
57:
	(1,1) 101
	[0,0] 16
58:
	(1,1) 101
	[0,0] 16
59:
	(1,1) 101
	[0,0] 16
60:
	(1,1) 101
	[0,0] 16
107:
	(2,2) 0
	[0,0] 0
108:
	(2,2) 0
	[0,0] 0
99:
	(2,2) 0
	[0,0] 0
100:
	(2,2) 0
	[0,0] 0
101:
	(2,2) 0
	[0,0] 0
102:
	(2,2) 0
	[0,0] 0
103:
	(2,2) 0
	[0,0] 0
104:
	(2,2) 0
	[0,0] 0
105:
	(2,2) 0
	[0,0] 0
106:
	(2,2) 0
	[0,0] 0
81:
	(2,2) 0
	[0,0] 0
82:
	(2,2) 0
	[0,0] 0
83:
	(2,2) 0
	[0,0] 0
84:
	(2,2) 0
	[0,0] 0
85:
	(2,2) 0
	[0,0] 0
86:
	(2,2) 0
	[0,0] 0
87:
	(2,2) 0
	[0,0] 0
88:
	(2,2) 0
	[0,0] 0
89:
	(2,2) 0
	[0,0] 0
90:
	(2,2) 0
	[0,0] 0
91:
	(2,2) 0
	[0,0] 0
92:
	(2,2) 0
	[0,0] 0
734:
	(98,12) 174
	[16,3] 26
133:
	(3,95) 106
	[1,16] 16
131:
	(3,162) 106
	[1,26] 16
733:
	(14,92) 109
	[0,15] 17
132:
	(3,167) 106
	[1,27] 16
732:
	(9,159) 109
	[0,25] 17
136:
	(3,43) 7
	[1,7] 1
731:
	(9,164) 109
	[0,26] 17
730:
	(9,91) 114
	[0,15] 17
98:
	(3,160) 0
	[1,26] 0
97:
	(3,118) 0
	[1,20] 0
95:
	(3,76) 0
	[1,14] 0
96:
	(3,118) 0
	[1,20] 0
135:
	(3,23) 7
	[1,4] 1
729:
	(4,167) 119
	[0,27] 17
728:
	(4,163) 114
	[0,26] 17
727:
	(4,158) 114
	[0,25] 17
726:
	(18,40) 10
	[0,6] 2
137:
	(3,112) 29
	[1,18] 4
75:
	(3,92) 0
	[1,14] 0
61:
	(3,92) 0
	[1,14] 0
62:
	(3,92) 0
	[1,14] 0
63:
	(3,92) 0
	[1,14] 0
64:
	(3,92) 0
	[1,14] 0
65:
	(3,92) 0
	[1,14] 0
66:
	(3,92) 0
	[1,14] 0
67:
	(3,92) 0
	[1,14] 0
68:
	(3,92) 0
	[1,14] 0
69:
	(3,92) 0
	[1,14] 0
70:
	(3,92) 0
	[1,14] 0
71:
	(3,92) 0
	[1,14] 0
72:
	(3,92) 0
	[1,14] 0
73:
	(3,92) 0
	[1,14] 0
74:
	(3,92) 0
	[1,14] 0
80:
	(3,92) 0
	[1,14] 0
724:
	(11,73) 3
	[0,13] 1
723:
	(11,157) 3
	[0,25] 1
722:
	(11,115) 3
	[0,19] 1
721:
	(11,115) 3
	[0,19] 1
720:
	(15,109) 32
	[0,17] 5
719:
	(4,175) 114
	[0,28] 17
718:
	(4,180) 114
	[0,29] 17
717:
	(4,108) 119
	[0,18] 17
716:
	(12,39) 16
	[0,6] 2
715:
	(14,20) 10
	[0,3] 2
78:
	(3,92) 0
	[1,14] 0
79:
	(3,92) 0
	[1,14] 0
93:
	(3,64) 0
	[1,10] 0
76:
	(3,92) 0
	[1,14] 0
77:
	(3,92) 0
	[1,14] 0
725:
	(154,3) 118
	[24,0] 18
147:
	(3,44) 53
	[1,7] 8
148:
	(3,44) 53
	[1,7] 8
149:
	(3,44) 53
	[1,7] 8
150:
	(3,44) 53
	[1,7] 8
151:
	(3,44) 53
	[1,7] 8
152:
	(3,44) 53
	[1,7] 8
153:
	(3,44) 53
	[1,7] 8
141:
	(3,44) 53
	[1,7] 8
142:
	(3,44) 53
	[1,7] 8
139:
	(3,44) 53
	[1,7] 8
130:
	(3,2195450) 0
	[1,360448] 0
140:
	(3,44) 53
	[1,7] 8
116:
	(3,131) 0
	[1,22] 0
117:
	(3,265) 0
	[1,44] 0
118:
	(3,533) 0
	[1,88] 0
119:
	(3,1069) 0
	[1,176] 0
138:
	(3,44) 53
	[1,7] 8
120:
	(3,2141) 0
	[1,352] 0
121:
	(3,4285) 0
	[1,704] 0
122:
	(3,8573) 0
	[1,1408] 0
123:
	(3,17149) 0
	[1,2816] 0
124:
	(3,34301) 0
	[1,5632] 0
125:
	(3,68605) 0
	[1,11264] 0
126:
	(3,137213) 0
	[1,22528] 0
127:
	(3,274429) 0
	[1,45056] 0
128:
	(3,548861) 0
	[1,90112] 0
129:
	(3,1097725) 0
	[1,180224] 0
115:
	(3,62) 0
	[1,11] 0
156:
	(3,44) 53
	[1,7] 8
159:
	(3,44) 7
	[1,7] 1
157:
	(3,44) 53
	[1,7] 8
154:
	(3,44) 53
	[1,7] 8
155:
	(3,44) 53
	[1,7] 8
158:
	(3,44) 7
	[1,7] 1
713:
	(11,89) 3
	[1,13] 1
712:
	(6,72) 8
	[0,13] 1
711:
	(6,114) 8
	[0,19] 1
710:
	(6,156) 8
	[0,25] 1
708:
	(3,61) 3
	[0,9] 1
707:
	(11,89) 3
	[1,13] 1
706:
	(11,89) 3
	[1,13] 1
705:
	(9,19) 15
	[0,3] 2
704:
	(7,38) 21
	[0,6] 2
703:
	(9,266) 38
	[0,42] 5
702:
	(11,89) 3
	[1,13] 1
701:
	(11,89) 3
	[1,13] 1
700:
	(11,89) 3
	[1,13] 1
699:
	(6,114) 8
	[0,19] 1
698:
	(11,89) 3
	[1,13] 1
697:
	(11,89) 3
	[1,13] 1
696:
	(11,89) 3
	[1,13] 1
695:
	(11,89) 3
	[1,13] 1
694:
	(11,89) 3
	[1,13] 1
693:
	(11,89) 3
	[1,13] 1
692:
	(11,89) 3
	[1,13] 1
691:
	(11,89) 3
	[1,13] 1
690:
	(11,89) 3
	[1,13] 1
689:
	(11,89) 3
	[1,13] 1
688:
	(11,89) 3
	[1,13] 1
687:
	(11,89) 3
	[1,13] 1
686:
	(11,89) 3
	[1,13] 1
685:
	(11,89) 3
	[1,13] 1
144:
	(3,44) 53
	[1,7] 8
145:
	(3,44) 53
	[1,7] 8
146:
	(3,44) 53
	[1,7] 8
143:
	(3,44) 53
	[1,7] 8
714:
	(11,3) 216
	[2,0] 33
682:
	(5,196) 23
	[0,31] 2
681:
	(5,99) 9
	[1,14] 1
680:
	(5,99) 9
	[1,14] 1
679:
	(5,88) 9
	[0,13] 2
678:
	(5,88) 9
	[0,13] 2
677:
	(5,88) 9
	[0,13] 2
676:
	(5,88) 9
	[0,13] 2
675:
	(5,88) 9
	[0,13] 2
674:
	(5,88) 9
	[0,13] 2
673:
	(5,88) 9
	[0,13] 2
672:
	(5,88) 9
	[0,13] 2
671:
	(5,88) 9
	[0,13] 2
670:
	(5,88) 9
	[0,13] 2
669:
	(5,88) 9
	[0,13] 2
668:
	(5,88) 9
	[0,13] 2
667:
	(5,88) 9
	[0,13] 2
666:
	(5,88) 9
	[0,13] 2
665:
	(5,88) 9
	[0,13] 2
664:
	(5,88) 9
	[0,13] 2
663:
	(5,88) 9
	[0,13] 2
662:
	(5,88) 9
	[0,13] 2
661:
	(5,88) 9
	[0,13] 2
660:
	(5,88) 9
	[0,13] 2
659:
	(5,99) 9
	[1,14] 1
658:
	(5,99) 9
	[1,14] 1
657:
	(5,99) 9
	[1,14] 1
656:
	(5,99) 9
	[1,14] 1
655:
	(5,99) 9
	[1,14] 1
654:
	(5,99) 9
	[1,14] 1
653:
	(5,99) 9
	[1,14] 1
652:
	(5,99) 9
	[1,14] 1
651:
	(5,99) 9
	[1,14] 1
650:
	(5,99) 9
	[1,14] 1
649:
	(5,99) 9
	[1,14] 1
648:
	(5,99) 9
	[1,14] 1
647:
	(5,99) 9
	[1,14] 1
646:
	(5,99) 9
	[1,14] 1
645:
	(5,99) 9
	[1,14] 1
644:
	(5,99) 9
	[1,14] 1
643:
	(5,99) 9
	[1,14] 1
642:
	(5,99) 9
	[1,14] 1
684:
	(3,20009) 25
	[0,3003] 2
94:
	(3,40) 0
	[1,7] 0
683:
	(106,5) 16
	[17,0] 3
639:
	(58,14) 6
	[9,3] 1
638:
	(5,176) 19
	[0,28] 2
637:
	(5,265) 42
	[0,42] 5
636:
	(5,108) 42
	[0,17] 5
635:
	(3,41) 56
	[0,6] 9
634:
	(3,41) 56
	[0,6] 9
633:
	(3,41) 56
	[0,6] 9
632:
	(3,41) 56
	[0,6] 9
631:
	(3,41) 56
	[0,6] 9
630:
	(3,41) 56
	[0,6] 9
629:
	(3,41) 56
	[0,6] 9
628:
	(3,41) 56
	[0,6] 9
627:
	(3,41) 56
	[0,6] 9
626:
	(3,41) 56
	[0,6] 9
625:
	(3,41) 56
	[0,6] 9
624:
	(3,41) 56
	[0,6] 9
623:
	(3,59) 3
	[0,10] 1
622:
	(3,128) 3
	[0,21] 1
621:
	(3,262) 3
	[0,43] 1
620:
	(3,530) 3
	[0,87] 1
619:
	(3,1066) 3
	[0,175] 1
618:
	(3,41) 10
	[0,6] 2
617:
	(3,2138) 3
	[0,351] 1
616:
	(3,4282) 3
	[0,703] 1
615:
	(3,8570) 3
	[0,1407] 1
614:
	(3,17146) 3
	[0,2815] 1
613:
	(3,41) 10
	[0,6] 2
612:
	(3,34298) 3
	[0,5631] 1
611:
	(3,68602) 3
	[0,11263] 1
610:
	(3,41) 56
	[0,6] 9
609:
	(3,137210) 3
	[0,22527] 1
608:
	(3,41) 56
	[0,6] 9
607:
	(3,274426) 3
	[0,45055] 1
606:
	(3,41) 56
	[0,6] 9
605:
	(3,548858) 3
	[0,90111] 1
604:
	(3,1097722) 3
	[0,180223] 1
603:
	(3,2195447) 3
	[0,360447] 1
602:
	(3,41) 56
	[0,6] 9
601:
	(3,41) 56
	[0,6] 9
600:
	(3,41) 56
	[0,6] 9
599:
	(3,41) 56
	[0,6] 9
598:
	(3,41) 56
	[0,6] 9
641:
	(8,150) 122
	[2,24] 18
640:
	(64,5) 16
	[11,0] 3
593:
	(42,6) 55
	[6,0] 9
592:
	(4,86) 10
	[0,15] 1
591:
	(4,128) 10
	[0,21] 1
590:
	(4,128) 10
	[0,21] 1
589:
	(4,170) 10
	[0,27] 1
588:
	(3,18) 21
	[0,3] 2
587:
	(5,95) 15
	[1,15] 3
586:
	(4,65) 24
	[0,11] 2
584:
	(38,9) 59
	[6,1] 9
583:
	(38,9) 59
	[6,1] 9
582:
	(4,60) 20
	[0,10] 2
581:
	(38,9) 59
	[6,1] 9
580:
	(17,2) 20017
	[3,0] 3002
579:
	(62,4) 88
	[10,0] 12
578:
	(8,57) 12
	[2,9] 2
577:
	(38,9) 59
	[6,1] 9
576:
	(38,9) 59
	[6,1] 9
575:
	(38,9) 59
	[6,1] 9
574:
	(38,9) 59
	[6,1] 9
573:
	(38,9) 59
	[6,1] 9
572:
	(38,9) 59
	[6,1] 9
571:
	(38,9) 59
	[6,1] 9
570:
	(38,9) 59
	[6,1] 9
597:
	(60,4) 20
	[10,0] 4
596:
	(4,90) 119
	[0,15] 17
595:
	(151,5) 44
	[24,0] 6
594:
	(5,41) 56
	[0,6] 9
569:
	(56,10) 6
	[10,2] 1
568:
	(125,14) 6
	[21,2] 1
567:
	(9,37) 3
	[0,6] 1
566:
	(259,14) 6
	[43,2] 1
565:
	(527,14) 6
	[87,2] 1
564:
	(38,9) 59
	[6,1] 9
563:
	(1063,14) 6
	[175,2] 1
562:
	(38,9) 13
	[6,1] 2
561:
	(2135,14) 6
	[351,2] 1
560:
	(38,9) 13
	[6,1] 2
559:
	(4279,14) 6
	[703,2] 1
558:
	(8567,14) 6
	[1407,2] 1
557:
	(17143,14) 6
	[2815,2] 1
556:
	(34295,14) 6
	[5631,2] 1
555:
	(38,9) 59
	[6,1] 9
554:
	(68599,14) 6
	[11263,2] 1
553:
	(137207,14) 6
	[22527,2] 1
552:
	(274423,14) 6
	[45055,2] 1
551:
	(548855,14) 6
	[90111,2] 1
550:
	(38,9) 59
	[6,1] 9
549:
	(1097719,14) 6
	[180223,2] 1
548:
	(38,9) 59
	[6,1] 9
547:
	(2195444,14) 6
	[360447,2] 1
546:
	(38,9) 59
	[6,1] 9
545:
	(38,9) 59
	[6,1] 9
544:
	(38,9) 59
	[6,1] 9
543:
	(38,9) 59
	[6,1] 9
542:
	(38,9) 59
	[6,1] 9
541:
	(8,2195443) 12
	[1,360447] 2
161:
	(3,37) 19997
	[1,6] 2999
162:
	(3,77) 19957
	[1,12] 2993
163:
	(3,157) 19877
	[1,24] 2981
164:
	(3,317) 19717
	[1,48] 2957
165:
	(3,637) 19397
	[1,96] 2909
166:
	(3,1277) 18757
	[1,192] 2813
167:
	(3,2557) 17477
	[1,384] 2621
168:
	(3,5117) 14917
	[1,768] 2237
169:
	(3,10234) 9800
	[1,1536] 1469
540:
	(4,89) 8
	[0,14] 1
539:
	(8,124) 12
	[1,21] 2
538:
	(8,258) 12
	[1,43] 2
537:
	(8,526) 12
	[1,87] 2
536:
	(8,2134) 12
	[1,351] 2
535:
	(8,4278) 12
	[1,703] 2
534:
	(8,8566) 12
	[1,1407] 2
533:
	(8,17142) 12
	[1,2815] 2
532:
	(8,34294) 12
	[1,5631] 2
531:
	(8,68598) 12
	[1,11263] 2
530:
	(8,137206) 12
	[1,22527] 2
529:
	(8,274422) 12
	[1,45055] 2
528:
	(8,548854) 12
	[1,90111] 2
527:
	(3,37) 65
	[0,6] 10
526:
	(8,1097718) 12
	[1,180223] 2
525:
	(8,1062) 12
	[1,175] 2
524:
	(3,37) 65
	[0,6] 10
523:
	(3,37) 65
	[0,6] 10
522:
	(3,37) 65
	[0,6] 10
521:
	(3,37) 65
	[0,6] 10
520:
	(3,37) 65
	[0,6] 10
519:
	(3,37) 65
	[0,6] 10
518:
	(3,37) 65
	[0,6] 10
517:
	(3,37) 65
	[0,6] 10
516:
	(3,37) 65
	[0,6] 10
515:
	(3,37) 65
	[0,6] 10
514:
	(3,37) 65
	[0,6] 10
513:
	(3,37) 65
	[0,6] 10
512:
	(3,37) 65
	[0,6] 10
511:
	(3,37) 65
	[0,6] 10
510:
	(3,37) 65
	[0,6] 10
509:
	(3,37) 19
	[0,6] 3
508:
	(3,37) 19
	[0,6] 3
507:
	(3,37) 65
	[0,6] 10
506:
	(3,37) 65
	[0,6] 10
505:
	(3,37) 65
	[0,6] 10
160:
	(3,16) 20018
	[1,3] 3002
503:
	(12,30) 57
	[2,5] 9
499:
	(5,8581) 15
	[1,1409] 2
498:
	(5,53) 63
	[1,8] 9
497:
	(5,53) 63
	[1,8] 9
496:
	(5,53) 63
	[1,8] 9
495:
	(5,53) 63
	[1,8] 9
494:
	(5,53) 63
	[1,8] 9
493:
	(5,53) 63
	[1,8] 9
492:
	(5,53) 63
	[1,8] 9
491:
	(5,53) 63
	[1,8] 9
490:
	(5,53) 63
	[1,8] 9
489:
	(5,53) 63
	[1,8] 9
488:
	(5,53) 63
	[1,8] 9
487:
	(5,273) 15
	[1,45] 2
486:
	(5,53) 63
	[1,8] 9
485:
	(5,53) 63
	[1,8] 9
484:
	(5,53) 63
	[1,8] 9
483:
	(5,53) 63
	[1,8] 9
482:
	(5,53) 63
	[1,8] 9
481:
	(13,104) 168
	[3,17] 25
480:
	(5,139) 15
	[1,23] 2
479:
	(5,541) 15
	[1,89] 2
478:
	(5,1077) 15
	[1,177] 2
477:
	(5,53) 17
	[1,8] 2
476:
	(3,37) 65
	[0,6] 10
475:
	(5,274437) 15
	[1,45057] 2
474:
	(5,2195458) 15
	[1,360449] 2
473:
	(5,17157) 15
	[1,2817] 2
472:
	(5,53) 63
	[1,8] 9
471:
	(5,53) 63
	[1,8] 9
470:
	(5,53) 63
	[1,8] 9
469:
	(5,4293) 15
	[1,705] 2
468:
	(5,137221) 15
	[1,22529] 2
467:
	(5,68613) 15
	[1,11265] 2
466:
	(5,1097733) 15
	[1,180225] 2
465:
	(5,34309) 15
	[1,5633] 2
464:
	(5,2149) 15
	[1,353] 2
463:
	(5,548869) 15
	[1,90113] 2
462:
	(5,53) 63
	[1,8] 9
461:
	(4,36) 8
	[0,6] 1
460:
	(5,53) 17
	[1,8] 2
459:
	(42,7) 167
	[8,1] 24
458:
	(3,37) 25
	[0,6] 2
457:
	(145,4) 50
	[23,0] 7
504:
	(15,4) 24
	[3,0] 2
502:
	(29,11) 58
	[5,2] 9
501:
	(56,3) 24
	[9,0] 3
500:
	(8,3) 88
	[1,0] 15
114:
	(3,50) 0
	[1,8] 0
110:
	(3,125) 0
	[1,21] 0
111:
	(3,51) 0
	[1,8] 0
112:
	(3,51) 0
	[1,8] 0
113:
	(3,30) 0
	[1,5] 0
109:
	(3,83) 0
	[1,15] 0
456:
	(4,1274) 18760
	[0,191] 2814
455:
	(4,34) 20000
	[0,5] 3000
454:
	(4,2554) 17480
	[0,383] 2622
453:
	(4,10231) 9803
	[0,1535] 1470
452:
	(4,74) 19960
	[0,11] 2994
450:
	(12,98) 197
	[3,16] 29
445:
	(53,7) 27
	[9,1] 3
443:
	(34,8) 22
	[6,1] 2
442:
	(4,5114) 14920
	[0,767] 2238
441:
	(4,314) 19720
	[0,47] 2958
440:
	(4,154) 19880
	[0,23] 2982
439:
	(5,162) 91
	[1,26] 15
438:
	(4,13) 20021
	[0,2] 3003
437:
	(4,634) 19400
	[0,95] 2910
451:
	(11,3) 28
	[2,0] 3
449:
	(97,11) 98
	[16,3] 14
448:
	(47,3) 50
	[7,0] 8
447:
	(5,50) 64
	[1,8] 10
446:
	(6,52) 10
	[1,9] 2
444:
	(7,33) 23
	[1,6] 2
435:
	(28,4) 69
	[4,0] 11
433:
	(3,122) 3
	[0,20] 1
432:
	(3,48) 3
	[0,7] 1
431:
	(3,80) 3
	[0,14] 1
430:
	(5,91) 145
	[1,14] 21
429:
	(3,48) 3
	[0,7] 1
428:
	(3,47) 3
	[0,7] 1
436:
	(49,5) 73
	[8,1] 12
434:
	(3,27) 3
	[0,4] 1
426:
	(8,46) 81
	[2,7] 11
423:
	(8,45) 31
	[2,7] 3
421:
	(29,6) 27
	[5,1] 3
418:
	(5,28) 109
	[1,5] 17
417:
	(7,96) 102
	[2,16] 15
427:
	(7,45) 73
	[2,7] 12
425:
	(45,7) 82
	[7,2] 11
424:
	(48,5) 14
	[8,1] 3
422:
	(44,7) 25
	[7,2] 3
420:
	(5,28) 28
	[1,5] 3
419:
	(9,3) 20025
	[1,0] 3004
416:
	(45,4) 52
	[7,1] 8
415:
	(17150,4) 22
	[2816,1] 3
414:
	(45,4) 52
	[7,1] 8
413:
	(93,4) 15
	[14,1] 1
412:
	(4286,4) 22
	[704,1] 3
411:
	(93,4) 15
	[14,1] 1
410:
	(119,4) 19
	[20,1] 2
409:
	(45,4) 52
	[7,1] 8
408:
	(45,4) 52
	[7,1] 8
407:
	(93,4) 15
	[14,1] 1
406:
	(1097726,4) 22
	[180224,1] 3
405:
	(45,4) 52
	[7,1] 8
404:
	(45,4) 52
	[7,1] 8
403:
	(93,4) 15
	[14,1] 1
402:
	(93,4) 15
	[14,1] 1
401:
	(2195451,4) 22
	[360448,1] 3
400:
	(93,4) 15
	[14,1] 1
399:
	(132,4) 22
	[22,1] 3
398:
	(1070,4) 22
	[176,1] 3
397:
	(45,4) 52
	[7,1] 8
396:
	(93,4) 15
	[14,1] 1
395:
	(45,4) 52
	[7,1] 8
394:
	(45,4) 52
	[7,1] 8
393:
	(45,4) 52
	[7,1] 8
392:
	(41,4) 56
	[7,1] 8
391:
	(161,4) 19
	[26,1] 2
390:
	(93,4) 15
	[14,1] 1
389:
	(45,4) 52
	[7,1] 8
388:
	(45,4) 52
	[7,1] 8
387:
	(45,4) 52
	[7,1] 8
386:
	(274430,4) 22
	[45056,1] 3
385:
	(93,4) 15
	[14,1] 1
384:
	(93,4) 15
	[14,1] 1
383:
	(93,4) 15
	[14,1] 1
382:
	(93,4) 15
	[14,1] 1
381:
	(34302,4) 22
	[5632,1] 3
380:
	(93,4) 15
	[14,1] 1
379:
	(93,4) 15
	[14,1] 1
378:
	(93,4) 15
	[14,1] 1
377:
	(534,4) 22
	[88,1] 3
376:
	(45,4) 52
	[7,1] 8
375:
	(2142,4) 22
	[352,1] 3
374:
	(266,4) 22
	[44,1] 3
373:
	(137214,4) 22
	[22528,1] 3
372:
	(168,4) 126
	[27,1] 19
371:
	(77,4) 6
	[14,1] 1
370:
	(96,4) 131
	[16,1] 19
369:
	(45,4) 52
	[7,1] 8
368:
	(45,4) 52
	[7,1] 8
367:
	(45,4) 52
	[7,1] 8
366:
	(45,4) 6
	[7,1] 1
365:
	(45,4) 52
	[7,1] 8
364:
	(163,4) 126
	[26,1] 19
363:
	(45,4) 6
	[7,1] 1
362:
	(44,4) 6
	[7,1] 1
361:
	(24,4) 6
	[4,1] 1
360:
	(2,2) 100
	[0,0] 16
359:
	(2195389,10) 66
	[360438,2] 11
358:
	(2,2) 54
	[0,0] 9
357:
	(2,2) 100
	[0,0] 16
356:
	(17088,11) 66
	[2806,2] 11
355:
	(2,2) 54
	[0,0] 9
354:
	(2544,11) 17490
	[382,2] 2623
353:
	(70,9) 66
	[12,2] 11
352:
	(2,2) 100
	[0,0] 16
351:
	(204,11) 66
	[34,2] 11
350:
	(137152,11) 66
	[22518,2] 11
349:
	(624,11) 19410
	[94,2] 2911
348:
	(2,2) 100
	[0,0] 16
347:
	(1008,11) 66
	[166,2] 11
346:
	(548800,11) 66
	[90102,2] 11
345:
	(472,11) 66
	[78,2] 11
344:
	(12,104) 274
	[3,18] 41
343:
	(2,2) 100
	[0,0] 16
342:
	(2080,11) 66
	[342,2] 11
341:
	(274368,11) 66
	[45046,2] 11
340:
	(24,9) 20010
	[4,2] 3001
339:
	(304,11) 19730
	[46,2] 2959
338:
	(10221,10) 9813
	[1534,2] 1471
337:
	(2,2) 100
	[0,0] 16
336:
	(68544,11) 66
	[11254,2] 11
335:
	(1097664,11) 66
	[180214,2] 11
334:
	(2,2) 100
	[0,0] 16
333:
	(2,2) 100
	[0,0] 16
332:
	(2,2) 100
	[0,0] 16
331:
	(2,2) 100
	[0,0] 16
330:
	(34240,11) 66
	[5622,2] 11
329:
	(8,167) 269
	[2,27] 41
328:
	(2,2) 100
	[0,0] 16
327:
	(8512,11) 66
	[1398,2] 11
326:
	(2,2) 100
	[0,0] 16
325:
	(2,2) 100
	[0,0] 16
324:
	(2,2) 100
	[0,0] 16
323:
	(2,2) 100
	[0,0] 16
322:
	(2,2) 100
	[0,0] 16
321:
	(64,11) 19970
	[10,2] 2995
320:
	(1264,11) 18770
	[190,2] 2815
319:
	(144,11) 19890
	[22,2] 2983
318:
	(5104,11) 14930
	[766,2] 2239
317:
	(2,2) 100
	[0,0] 16
316:
	(2,2) 100
	[0,0] 16
315:
	(2,2) 100
	[0,0] 16
314:
	(2,2) 100
	[0,0] 16
313:
	(4224,11) 66
	[694,2] 11
312:
	(68606,4) 22
	[11264,1] 3
311:
	(93,4) 15
	[14,1] 1
310:
	(45,4) 52
	[7,1] 8
309:
	(93,4) 15
	[14,1] 1
308:
	(93,4) 15
	[14,1] 1
307:
	(19991,7) 43
	[3000,1] 5
306:
	(8574,4) 22
	[1408,1] 3
305:
	(45,4) 52
	[7,1] 8
304:
	(93,4) 15
	[14,1] 1
303:
	(2,2) 37
	[0,0] 5
302:
	(93,4) 15
	[14,1] 1
301:
	(548862,4) 22
	[90112,1] 3
300:
	(65,4) 45
	[10,1] 8
299:
	(119,4) 6
	[20,1] 1
298:
	(113,4) 140
	[18,1] 23
297:
	(2,2) 62
	[0,0] 10
296:
	(2,2) 60
	[0,0] 8
295:
	(2,2) 95
	[0,0] 15
294:
	(2,2) 95
	[0,0] 15
293:
	(2,2) 49
	[0,0] 8
292:
	(2,2) 28
	[0,0] 5
736:
	(103,11) 275
	[18,3] 41
735:
	(166,7) 270
	[27,2] 41
192:
	(163,7) 279
	[26,2] 42
762:
	(11,97) 175
	[3,16] 26
193:
	(7,96) 179
	[2,16] 27
746:
	(6,19990) 44
	[1,3000] 5
203:
	(18072,5) 1962
	[2712,1] 293
202:
	(15513,6) 4521
	[2328,1] 677
201:
	(15354,5) 4680
	[2304,1] 701
200:
	(1917,5) 18117
	[288,1] 2717
199:
	(158,7) 19876
	[24,2] 2981
198:
	(10235,4) 9799
	[1536,1] 1469
197:
	(638,4) 19396
	[96,1] 2909
196:
	(1278,4) 18756
	[192,1] 2813
195:
	(2558,4) 17476
	[384,1] 2621
194:
	(5118,4) 14916
	[768,1] 2237
745:
	(9,10220) 9814
	[2,1534] 1471
744:
	(10,5103) 14931
	[2,766] 2239
235:
	(5,10216) 9818
	[1,1533] 1472
234:
	(5097,9) 14937
	[765,2] 2240
743:
	(10,2543) 17491
	[2,382] 2623
233:
	(5097,6) 14937
	[765,1] 2240
232:
	(5,5096) 14938
	[1,765] 2240
231:
	(2537,9) 17497
	[381,2] 2624
742:
	(10,1263) 18771
	[2,190] 2815
230:
	(2537,6) 17497
	[381,1] 2624
229:
	(5,2536) 17498
	[1,381] 2624
228:
	(1257,9) 18777
	[189,2] 2816
741:
	(10,623) 19411
	[2,94] 2911
227:
	(1257,6) 18777
	[189,1] 2816
226:
	(5,1256) 18778
	[1,189] 2816
225:
	(617,9) 19417
	[93,2] 2912
740:
	(10,303) 19731
	[2,46] 2959
224:
	(617,6) 19417
	[93,1] 2912
223:
	(5,616) 19418
	[1,93] 2912
222:
	(297,9) 19737
	[45,2] 2960
739:
	(10,143) 19891
	[2,22] 2983
221:
	(297,6) 19737
	[45,1] 2960
220:
	(5,296) 19738
	[1,45] 2960
219:
	(137,9) 19897
	[21,2] 2984
738:
	(10,63) 19971
	[2,10] 2995
218:
	(137,6) 19897
	[21,1] 2984
217:
	(5,136) 19898
	[1,21] 2984
216:
	(57,9) 19977
	[9,2] 2996
737:
	(8,23) 20011
	[2,4] 3001
215:
	(57,6) 19977
	[9,1] 2996
214:
	(5,56) 19978
	[1,9] 2996
213:
	(17,7) 20017
	[3,2] 3002
212:
	(158,4) 19876
	[24,1] 2981
211:
	(318,4) 19716
	[48,1] 2957
210:
	(5118,4) 14916
	[768,1] 2237
209:
	(17,4) 20017
	[3,1] 3002
208:
	(38,4) 19996
	[6,1] 2999
207:
	(1278,4) 18756
	[192,1] 2813
206:
	(2558,4) 17476
	[384,1] 2621
205:
	(78,4) 19956
	[12,1] 2993
204:
	(638,4) 19396
	[96,1] 2909
747:
	(9,2195388) 67
	[2,360438] 11
748:
	(10,1097663) 67
	[2,180214] 11
291:
	(5,2195384) 71
	[1,360437] 12
290:
	(1097657,9) 73
	[180213,2] 12
749:
	(10,548799) 67
	[2,90102] 11
289:
	(1097657,6) 1097798
	[180213,1] 180236
288:
	(5,1097656) 77
	[1,180213] 13
287:
	(548793,9) 73
	[90101,2] 12
750:
	(10,274367) 67
	[2,45046] 11
286:
	(548793,6) 548940
	[90101,1] 90125
285:
	(5,548792) 77
	[1,90101] 13
284:
	(274361,9) 73
	[45045,2] 12
751:
	(10,137151) 67
	[2,22518] 11
283:
	(274361,6) 274508
	[45045,1] 45069
282:
	(5,274360) 77
	[1,45045] 13
281:
	(137145,9) 73
	[22517,2] 12
752:
	(10,68543) 67
	[2,11254] 11
280:
	(137145,6) 137292
	[22517,1] 22541
279:
	(5,137144) 77
	[1,22517] 13
278:
	(68537,9) 73
	[11253,2] 12
753:
	(10,34239) 67
	[2,5622] 11
277:
	(68537,6) 68684
	[11253,1] 11277
276:
	(5,68536) 77
	[1,11253] 13
275:
	(34233,9) 73
	[5621,2] 12
754:
	(10,17087) 67
	[2,2806] 11
274:
	(34233,6) 34380
	[5621,1] 5645
273:
	(5,34232) 77
	[1,5621] 13
272:
	(17081,9) 73
	[2805,2] 12
755:
	(10,8511) 67
	[2,1398] 11
271:
	(17081,6) 17228
	[2805,1] 2829
270:
	(5,17080) 77
	[1,2805] 13
269:
	(8505,9) 73
	[1397,2] 12
756:
	(10,4223) 67
	[2,694] 11
268:
	(8505,6) 8652
	[1397,1] 1421
267:
	(5,8504) 77
	[1,1397] 13
266:
	(4217,9) 73
	[693,2] 12
757:
	(10,2079) 67
	[2,342] 11
265:
	(4217,6) 4364
	[693,1] 717
264:
	(5,4216) 77
	[1,693] 13
263:
	(2073,9) 73
	[341,2] 12
758:
	(10,1007) 67
	[2,166] 11
262:
	(2073,6) 2220
	[341,1] 365
261:
	(5,2072) 77
	[1,341] 13
260:
	(1001,9) 73
	[165,2] 12
759:
	(10,471) 67
	[2,78] 11
259:
	(1001,6) 1148
	[165,1] 189
258:
	(5,1000) 77
	[1,165] 13
257:
	(465,9) 73
	[77,2] 12
760:
	(10,203) 67
	[2,34] 11
256:
	(465,6) 612
	[77,1] 101
255:
	(5,464) 77
	[1,77] 13
254:
	(197,9) 73
	[33,2] 12
761:
	(8,69) 67
	[2,12] 11
253:
	(197,6) 344
	[33,1] 57
252:
	(5,196) 77
	[1,33] 13
251:
	(63,7) 73
	[11,2] 12
250:
	(274430,4) 274439
	[45056,1] 45058
249:
	(63,4) 210
	[11,1] 35
248:
	(68606,4) 68615
	[11264,1] 11266
247:
	(1097726,4) 1097729
	[180224,1] 180225
246:
	(137214,4) 137223
	[22528,1] 22530
245:
	(34302,4) 34311
	[5632,1] 5634
244:
	(132,4) 141
	[22,1] 24
243:
	(8574,4) 8583
	[1408,1] 1410
242:
	(17150,4) 17159
	[2816,1] 2818
241:
	(2142,4) 2151
	[352,1] 354
240:
	(266,4) 275
	[44,1] 46
239:
	(1070,4) 1079
	[176,1] 178
238:
	(534,4) 543
	[88,1] 90
237:
	(548862,4) 548871
	[90112,1] 90114
236:
	(4286,4) 4295
	[704,1] 706
585:
	(105,14) 167
	[17,3] 25
709:
	(151,9) 121
	[24,2] 18
0_1[107]:
	(1,1) 1
	[0,0] 0
0_2[108]:
	(1,1) 1
	[0,0] 0
0_3[99]:
	(1,1) 1
	[0,0] 0
0_4[100]:
	(1,1) 1
	[0,0] 0
0_5[101]:
	(1,1) 1
	[0,0] 0
0_6[102]:
	(1,1) 1
	[0,0] 0
0_7[103]:
	(1,1) 1
	[0,0] 0
0_8[104]:
	(1,1) 1
	[0,0] 0
0_9[105]:
	(1,1) 1
	[0,0] 0
0_10[106]:
	(1,1) 1
	[0,0] 0
0_11[81]:
	(1,1) 1
	[0,0] 0
0_12[82]:
	(1,1) 1
	[0,0] 0
0_13[83]:
	(1,1) 1
	[0,0] 0
0_14[84]:
	(1,1) 1
	[0,0] 0
0_15[85]:
	(1,1) 1
	[0,0] 0
0_16[86]:
	(1,1) 1
	[0,0] 0
0_17[87]:
	(1,1) 1
	[0,0] 0
0_18[88]:
	(1,1) 1
	[0,0] 0
0_19[89]:
	(1,1) 1
	[0,0] 0
0_20[90]:
	(1,1) 1
	[0,0] 0
0_21[91]:
	(1,1) 1
	[0,0] 0
0_22[92]:
	(1,1) 1
	[0,0] 0
1_1[133]:
	(1,1) 204
	[0,0] 33
1_2[133]:
	(1,1) ∞
	[0,0] ∞
1_3[131]:
	(1,1) 271
	[0,0] 43
1_4[131]:
	(1,1) ∞
	[0,0] ∞
1_5[132]:
	(1,1) 276
	[0,0] 44
1_6[132]:
	(1,1) ∞
	[0,0] ∞
1_7[136]:
	(1,1) 53
	[0,0] 9
1_8[136]:
	(1,1) ∞
	[0,0] ∞
1_9[98]:
	(1,1) 163
	[0,0] 27
1_10[98]:
	(1,1) ∞
	[0,0] ∞
1_11[97]:
	(1,1) 121
	[0,0] 21
1_12[97]:
	(1,1) ∞
	[0,0] ∞
1_13[95]:
	(1,1) 79
	[0,0] 15
1_14[95]:
	(1,1) ∞
	[0,0] ∞
1_15[96]:
	(1,1) 121
	[0,0] 21
1_16[96]:
	(1,1) ∞
	[0,0] ∞
1_17[135]:
	(1,1) 33
	[0,0] 6
1_18[135]:
	(1,1) ∞
	[0,0] ∞
1_19[137]:
	(1,1) 144
	[0,0] 23
1_20[137]:
	(1,1) ∞
	[0,0] ∞
1_21[75]:
	(1,1) 95
	[0,0] 15
1_22[75]:
	(1,1) ∞
	[0,0] ∞
1_23[61]:
	(1,1) 95
	[0,0] 15
1_24[61]:
	(1,1) ∞
	[0,0] ∞
1_25[62]:
	(1,1) 95
	[0,0] 15
1_26[62]:
	(1,1) ∞
	[0,0] ∞
1_27[63]:
	(1,1) 95
	[0,0] 15
1_28[63]:
	(1,1) ∞
	[0,0] ∞
1_29[64]:
	(1,1) 95
	[0,0] 15
1_30[64]:
	(1,1) ∞
	[0,0] ∞
1_31[65]:
	(1,1) 95
	[0,0] 15
1_32[65]:
	(1,1) ∞
	[0,0] ∞
1_33[66]:
	(1,1) 95
	[0,0] 15
1_34[66]:
	(1,1) ∞
	[0,0] ∞
1_35[67]:
	(1,1) 95
	[0,0] 15
1_36[67]:
	(1,1) ∞
	[0,0] ∞
1_37[68]:
	(1,1) 95
	[0,0] 15
1_38[68]:
	(1,1) ∞
	[0,0] ∞
1_39[69]:
	(1,1) 95
	[0,0] 15
1_40[69]:
	(1,1) ∞
	[0,0] ∞
1_41[70]:
	(1,1) 95
	[0,0] 15
1_42[70]:
	(1,1) ∞
	[0,0] ∞
1_43[71]:
	(1,1) 95
	[0,0] 15
1_44[71]:
	(1,1) ∞
	[0,0] ∞
1_45[72]:
	(1,1) 95
	[0,0] 15
1_46[72]:
	(1,1) ∞
	[0,0] ∞
1_47[73]:
	(1,1) 95
	[0,0] 15
1_48[73]:
	(1,1) ∞
	[0,0] ∞
1_49[74]:
	(1,1) 95
	[0,0] 15
1_50[74]:
	(1,1) ∞
	[0,0] ∞
1_51[80]:
	(1,1) 95
	[0,0] 15
1_52[80]:
	(1,1) ∞
	[0,0] ∞
1_53[78]:
	(1,1) 95
	[0,0] 15
1_54[78]:
	(1,1) ∞
	[0,0] ∞
1_55[79]:
	(1,1) 95
	[0,0] 15
1_56[79]:
	(1,1) ∞
	[0,0] ∞
1_57[93]:
	(1,1) 67
	[0,0] 11
1_58[93]:
	(1,1) ∞
	[0,0] ∞
1_59[76]:
	(1,1) 95
	[0,0] 15
1_60[76]:
	(1,1) ∞
	[0,0] ∞
1_61[77]:
	(1,1) 95
	[0,0] 15
1_62[77]:
	(1,1) ∞
	[0,0] ∞
1_63[147]:
	(1,1) 100
	[0,0] 16
1_64[147]:
	(1,1) ∞
	[0,0] ∞
1_65[148]:
	(1,1) 100
	[0,0] 16
1_66[148]:
	(1,1) ∞
	[0,0] ∞
1_67[149]:
	(1,1) 100
	[0,0] 16
1_68[149]:
	(1,1) ∞
	[0,0] ∞
1_69[150]:
	(1,1) 100
	[0,0] 16
1_70[150]:
	(1,1) ∞
	[0,0] ∞
1_71[151]:
	(1,1) 100
	[0,0] 16
1_72[151]:
	(1,1) ∞
	[0,0] ∞
1_73[152]:
	(1,1) 100
	[0,0] 16
1_74[152]:
	(1,1) ∞
	[0,0] ∞
1_75[153]:
	(1,1) 100
	[0,0] 16
1_76[153]:
	(1,1) ∞
	[0,0] ∞
1_77[141]:
	(1,1) 100
	[0,0] 16
1_78[141]:
	(1,1) ∞
	[0,0] ∞
1_79[142]:
	(1,1) 100
	[0,0] 16
1_80[142]:
	(1,1) ∞
	[0,0] ∞
1_81[139]:
	(1,1) 100
	[0,0] 16
1_82[139]:
	(1,1) ∞
	[0,0] ∞
1_83[130]:
	(1,1) 2195453
	[0,0] 360449
1_84[130]:
	(1,1) ∞
	[0,0] ∞
1_85[140]:
	(1,1) 100
	[0,0] 16
1_86[140]:
	(1,1) ∞
	[0,0] ∞
1_87[116]:
	(1,1) 134
	[0,0] 23
1_88[116]:
	(1,1) ∞
	[0,0] ∞
1_89[117]:
	(1,1) 268
	[0,0] 45
1_90[117]:
	(1,1) ∞
	[0,0] ∞
1_91[118]:
	(1,1) 536
	[0,0] 89
1_92[118]:
	(1,1) ∞
	[0,0] ∞
1_93[119]:
	(1,1) 1072
	[0,0] 177
1_94[119]:
	(1,1) ∞
	[0,0] ∞
1_95[138]:
	(1,1) 100
	[0,0] 16
1_96[138]:
	(1,1) ∞
	[0,0] ∞
1_97[120]:
	(1,1) 2144
	[0,0] 353
1_98[120]:
	(1,1) ∞
	[0,0] ∞
1_99[121]:
	(1,1) 4288
	[0,0] 705
1_100[121]:
	(1,1) ∞
	[0,0] ∞
1_101[122]:
	(1,1) 8576
	[0,0] 1409
1_102[122]:
	(1,1) ∞
	[0,0] ∞
1_103[123]:
	(1,1) 17152
	[0,0] 2817
1_104[123]:
	(1,1) ∞
	[0,0] ∞
1_105[124]:
	(1,1) 34304
	[0,0] 5633
1_106[124]:
	(1,1) ∞
	[0,0] ∞
1_107[125]:
	(1,1) 68608
	[0,0] 11265
1_108[125]:
	(1,1) ∞
	[0,0] ∞
1_109[126]:
	(1,1) 137216
	[0,0] 22529
1_110[126]:
	(1,1) ∞
	[0,0] ∞
1_111[127]:
	(1,1) 274432
	[0,0] 45057
1_112[127]:
	(1,1) ∞
	[0,0] ∞
1_113[128]:
	(1,1) 548864
	[0,0] 90113
1_114[128]:
	(1,1) ∞
	[0,0] ∞
1_115[129]:
	(1,1) 1097728
	[0,0] 180225
1_116[129]:
	(1,1) ∞
	[0,0] ∞
1_117[115]:
	(1,1) 65
	[0,0] 12
1_118[115]:
	(1,1) ∞
	[0,0] ∞
1_119[156]:
	(1,1) 100
	[0,0] 16
1_120[156]:
	(1,1) ∞
	[0,0] ∞
1_121[159]:
	(1,1) 54
	[0,0] 9
1_122[159]:
	(1,1) ∞
	[0,0] ∞
1_123[157]:
	(1,1) 100
	[0,0] 16
1_124[157]:
	(1,1) ∞
	[0,0] ∞
1_125[154]:
	(1,1) 100
	[0,0] 16
1_126[154]:
	(1,1) ∞
	[0,0] ∞
1_127[155]:
	(1,1) 100
	[0,0] 16
1_128[155]:
	(1,1) ∞
	[0,0] ∞
1_129[158]:
	(1,1) 54
	[0,0] 9
1_130[158]:
	(1,1) ∞
	[0,0] ∞
1_131[144]:
	(1,1) 100
	[0,0] 16
1_132[144]:
	(1,1) ∞
	[0,0] ∞
1_133[145]:
	(1,1) 100
	[0,0] 16
1_134[145]:
	(1,1) ∞
	[0,0] ∞
1_135[146]:
	(1,1) 100
	[0,0] 16
1_136[146]:
	(1,1) ∞
	[0,0] ∞
1_137[143]:
	(1,1) 100
	[0,0] 16
1_138[143]:
	(1,1) ∞
	[0,0] ∞
1_139[94]:
	(1,1) 43
	[0,0] 8
1_140[94]:
	(1,1) ∞
	[0,0] ∞
1_141[161]:
	(1,1) 20037
	[0,0] 3006
1_142[161]:
	(1,1) ∞
	[0,0] ∞
1_143[162]:
	(1,1) 20037
	[0,0] 3006
1_144[162]:
	(1,1) ∞
	[0,0] ∞
1_145[163]:
	(1,1) 20037
	[0,0] 3006
1_146[163]:
	(1,1) ∞
	[0,0] ∞
1_147[164]:
	(1,1) 20037
	[0,0] 3006
1_148[164]:
	(1,1) ∞
	[0,0] ∞
1_149[165]:
	(1,1) 20037
	[0,0] 3006
1_150[165]:
	(1,1) ∞
	[0,0] ∞
1_151[166]:
	(1,1) 20037
	[0,0] 3006
1_152[166]:
	(1,1) ∞
	[0,0] ∞
1_153[167]:
	(1,1) 20037
	[0,0] 3006
1_154[167]:
	(1,1) ∞
	[0,0] ∞
1_155[168]:
	(1,1) 20037
	[0,0] 3006
1_156[168]:
	(1,1) ∞
	[0,0] ∞
1_157[169]:
	(1,1) 20037
	[0,0] 3006
1_158[169]:
	(1,1) ∞
	[0,0] ∞
1_159[160]:
	(1,1) 20037
	[0,0] 3006
1_160[160]:
	(1,1) ∞
	[0,0] ∞
1_161[114]:
	(1,1) 53
	[0,0] 9
1_162[114]:
	(1,1) ∞
	[0,0] ∞
1_163[110]:
	(1,1) 128
	[0,0] 22
1_164[110]:
	(1,1) ∞
	[0,0] ∞
1_165[111]:
	(1,1) 54
	[0,0] 9
1_166[111]:
	(1,1) ∞
	[0,0] ∞
1_167[112]:
	(1,1) 54
	[0,0] 9
1_168[112]:
	(1,1) ∞
	[0,0] ∞
1_169[113]:
	(1,1) 33
	[0,0] 6
1_170[113]:
	(1,1) ∞
	[0,0] ∞
1_171[109]:
	(1,1) 86
	[0,0] 16
1_172[109]:
	(1,1) ∞
	[0,0] ∞
2_1[133]:
	(1,1) 204
	[0,0] 33
2_2[131]:
	(1,1) 271
	[0,0] 43
2_3[132]:
	(1,1) 276
	[0,0] 44
2_4[136]:
	(1,1) 53
	[0,0] 9
2_5[98]:
	(1,1) 163
	[0,0] 27
2_6[97]:
	(1,1) 121
	[0,0] 21
2_7[95]:
	(1,1) 79
	[0,0] 15
2_8[96]:
	(1,1) 121
	[0,0] 21
2_9[135]:
	(1,1) 33
	[0,0] 6
2_10[137]:
	(1,1) 144
	[0,0] 23
2_11[75]:
	(1,1) 95
	[0,0] 15
2_12[61]:
	(1,1) 95
	[0,0] 15
2_13[62]:
	(1,1) 95
	[0,0] 15
2_14[63]:
	(1,1) 95
	[0,0] 15
2_15[64]:
	(1,1) 95
	[0,0] 15
2_16[65]:
	(1,1) 95
	[0,0] 15
2_17[66]:
	(1,1) 95
	[0,0] 15
2_18[67]:
	(1,1) 95
	[0,0] 15
2_19[68]:
	(1,1) 95
	[0,0] 15
2_20[69]:
	(1,1) 95
	[0,0] 15
2_21[70]:
	(1,1) 95
	[0,0] 15
2_22[71]:
	(1,1) 95
	[0,0] 15
2_23[72]:
	(1,1) 95
	[0,0] 15
2_24[73]:
	(1,1) 95
	[0,0] 15
2_25[74]:
	(1,1) 95
	[0,0] 15
2_26[80]:
	(1,1) 95
	[0,0] 15
2_27[78]:
	(1,1) 95
	[0,0] 15
2_28[79]:
	(1,1) 95
	[0,0] 15
2_29[93]:
	(1,1) 67
	[0,0] 11
2_30[76]:
	(1,1) 95
	[0,0] 15
2_31[77]:
	(1,1) 95
	[0,0] 15
2_32[147]:
	(1,1) 100
	[0,0] 16
2_33[148]:
	(1,1) 100
	[0,0] 16
2_34[149]:
	(1,1) 100
	[0,0] 16
2_35[150]:
	(1,1) 100
	[0,0] 16
2_36[151]:
	(1,1) 100
	[0,0] 16
2_37[152]:
	(1,1) 100
	[0,0] 16
2_38[153]:
	(1,1) 100
	[0,0] 16
2_39[141]:
	(1,1) 100
	[0,0] 16
2_40[142]:
	(1,1) 100
	[0,0] 16
2_41[139]:
	(1,1) 100
	[0,0] 16
2_42[130]:
	(1,1) 2195453
	[0,0] 360449
2_43[140]:
	(1,1) 100
	[0,0] 16
2_44[116]:
	(1,1) 134
	[0,0] 23
2_45[117]:
	(1,1) 268
	[0,0] 45
2_46[118]:
	(1,1) 536
	[0,0] 89
2_47[119]:
	(1,1) 1072
	[0,0] 177
2_48[138]:
	(1,1) 100
	[0,0] 16
2_49[120]:
	(1,1) 2144
	[0,0] 353
2_50[121]:
	(1,1) 4288
	[0,0] 705
2_51[122]:
	(1,1) 8576
	[0,0] 1409
2_52[123]:
	(1,1) 17152
	[0,0] 2817
2_53[124]:
	(1,1) 34304
	[0,0] 5633
2_54[125]:
	(1,1) 68608
	[0,0] 11265
2_55[126]:
	(1,1) 137216
	[0,0] 22529
2_56[127]:
	(1,1) 274432
	[0,0] 45057
2_57[128]:
	(1,1) 548864
	[0,0] 90113
2_58[129]:
	(1,1) 1097728
	[0,0] 180225
2_59[115]:
	(1,1) 65
	[0,0] 12
2_60[156]:
	(1,1) 100
	[0,0] 16
2_61[159]:
	(1,1) 54
	[0,0] 9
2_62[157]:
	(1,1) 100
	[0,0] 16
2_63[154]:
	(1,1) 100
	[0,0] 16
2_64[155]:
	(1,1) 100
	[0,0] 16
2_65[158]:
	(1,1) 54
	[0,0] 9
2_66[144]:
	(1,1) 100
	[0,0] 16
2_67[145]:
	(1,1) 100
	[0,0] 16
2_68[146]:
	(1,1) 100
	[0,0] 16
2_69[143]:
	(1,1) 100
	[0,0] 16
2_70[94]:
	(1,1) 43
	[0,0] 8
2_71[161]:
	(1,1) 20037
	[0,0] 3006
2_72[162]:
	(1,1) 20037
	[0,0] 3006
2_73[163]:
	(1,1) 20037
	[0,0] 3006
2_74[164]:
	(1,1) 20037
	[0,0] 3006
2_75[165]:
	(1,1) 20037
	[0,0] 3006
2_76[166]:
	(1,1) 20037
	[0,0] 3006
2_77[167]:
	(1,1) 20037
	[0,0] 3006
2_78[168]:
	(1,1) 20037
	[0,0] 3006
2_79[169]:
	(1,1) 20037
	[0,0] 3006
2_80[160]:
	(1,1) 20037
	[0,0] 3006
2_81[114]:
	(1,1) 53
	[0,0] 9
2_82[110]:
	(1,1) 128
	[0,0] 22
2_83[111]:
	(1,1) 54
	[0,0] 9
2_84[112]:
	(1,1) 54
	[0,0] 9
2_85[113]:
	(1,1) 33
	[0,0] 6
2_86[109]:
	(1,1) 86
	[0,0] 16
3_1[297]:
	(1,1) 63
	[0,0] 10
3_2[296]:
	(1,1) 61
	[0,0] 8
3_3[295]:
	(1,1) 96
	[0,0] 15
3_4[294]:
	(1,1) 96
	[0,0] 15
3_5[293]:
	(1,1) 50
	[0,0] 8
3_6[292]:
	(1,1) 29
	[0,0] 5
4_1[580]:
	(1,1) 20033
	[0,0] 3005
4_2[303]:
	(1,1) 38
	[0,0] 5
133_1[417]:
	(3,95) 106
	[1,16] 16
133_2[370]:
	(3,95) 132
	[1,16] 19
133_3[736]:
	(3,95) 283
	[1,16] 43
133_4[193]:
	(3,95) 183
	[1,16] 28
131_1[727]:
	(3,162) 269
	[1,26] 41
131_2[417]:
	(3,162) 106
	[1,26] 16
131_3[364]:
	(3,162) 127
	[1,26] 19
131_4[735]:
	(3,162) 274
	[1,26] 42
131_5[192]:
	(3,162) 283
	[1,26] 43
131_6[762]:
	(3,162) 183
	[1,26] 28
132_1[449]:
	(3,167) 106
	[1,27] 16
132_2[372]:
	(3,167) 127
	[1,27] 19
132_3[735]:
	(3,167) 274
	[1,27] 42
132_4[192]:
	(3,167) 283
	[1,27] 43
132_5[193]:
	(3,167) 183
	[1,27] 28
136_1[422]:
	(3,43) 29
	[1,7] 4
136_2[420]:
	(3,43) 53
	[1,7] 7
136_3[362]:
	(3,43) 7
	[1,7] 1
135_1[504]:
	(3,23) 36
	[1,4] 4
135_2[424]:
	(3,23) 59
	[1,4] 10
135_3[361]:
	(3,23) 7
	[1,4] 1
137_1[446]:
	(3,112) 59
	[1,18] 10
137_2[444]:
	(3,112) 53
	[1,18] 7
137_3[418]:
	(3,112) 134
	[1,18] 21
137_4[422]:
	(3,112) 29
	[1,18] 4
137_5[298]:
	(3,112) 141
	[1,18] 23
725_1[729]:
	(154,3) 132
	[24,0] 20
725_2[728]:
	(154,3) 123
	[24,0] 19
725_3[727]:
	(154,3) 118
	[24,0] 18
130_1[401]:
	(3,2195450) 23
	[1,360448] 3
130_2[747]:
	(3,2195450) 73
	[1,360448] 12
116_1[399]:
	(3,131) 23
	[1,22] 3
116_2[251]:
	(3,131) 77
	[1,22] 13
116_3[244]:
	(3,131) 142
	[1,22] 24
117_1[374]:
	(3,265) 23
	[1,44] 3
117_2[254]:
	(3,265) 79
	[1,44] 13
117_3[240]:
	(3,265) 276
	[1,44] 46
118_1[377]:
	(3,533) 23
	[1,88] 3
118_2[257]:
	(3,533) 79
	[1,88] 13
118_3[238]:
	(3,533) 544
	[1,88] 90
119_1[398]:
	(3,1069) 23
	[1,176] 3
119_2[260]:
	(3,1069) 79
	[1,176] 13
119_3[239]:
	(3,1069) 1080
	[1,176] 178
120_1[375]:
	(3,2141) 23
	[1,352] 3
120_2[263]:
	(3,2141) 79
	[1,352] 13
120_3[241]:
	(3,2141) 2152
	[1,352] 354
121_1[412]:
	(3,4285) 23
	[1,704] 3
121_2[266]:
	(3,4285) 79
	[1,704] 13
121_3[236]:
	(3,4285) 4296
	[1,704] 706
122_1[306]:
	(3,8573) 23
	[1,1408] 3
122_2[269]:
	(3,8573) 79
	[1,1408] 13
122_3[243]:
	(3,8573) 8584
	[1,1408] 1410
123_1[415]:
	(3,17149) 23
	[1,2816] 3
123_2[272]:
	(3,17149) 79
	[1,2816] 13
123_3[242]:
	(3,17149) 17160
	[1,2816] 2818
124_1[381]:
	(3,34301) 23
	[1,5632] 3
124_2[275]:
	(3,34301) 79
	[1,5632] 13
124_3[245]:
	(3,34301) 34312
	[1,5632] 5634
125_1[312]:
	(3,68605) 23
	[1,11264] 3
125_2[278]:
	(3,68605) 79
	[1,11264] 13
125_3[248]:
	(3,68605) 68616
	[1,11264] 11266
126_1[373]:
	(3,137213) 23
	[1,22528] 3
126_2[281]:
	(3,137213) 79
	[1,22528] 13
126_3[246]:
	(3,137213) 137224
	[1,22528] 22530
127_1[386]:
	(3,274429) 23
	[1,45056] 3
127_2[284]:
	(3,274429) 79
	[1,45056] 13
127_3[250]:
	(3,274429) 274440
	[1,45056] 45058
128_1[301]:
	(3,548861) 23
	[1,90112] 3
128_2[287]:
	(3,548861) 79
	[1,90112] 13
128_3[237]:
	(3,548861) 548872
	[1,90112] 90114
129_1[406]:
	(3,1097725) 23
	[1,180224] 3
129_2[290]:
	(3,1097725) 79
	[1,180224] 13
129_3[247]:
	(3,1097725) 1097730
	[1,180224] 180225
115_1[569]:
	(3,62) 13
	[1,11] 2
115_2[251]:
	(3,62) 77
	[1,11] 13
115_3[249]:
	(3,62) 211
	[1,11] 35
156_1[597]:
	(3,44) 77
	[1,7] 13
156_2[369]:
	(3,44) 53
	[1,7] 8
159_1[425]:
	(3,44) 86
	[1,7] 12
159_2[366]:
	(3,44) 7
	[1,7] 1
157_1[436]:
	(3,44) 119
	[1,7] 19
157_2[427]:
	(3,44) 77
	[1,7] 13
157_3[367]:
	(3,44) 53
	[1,7] 8
154_1[427]:
	(3,44) 77
	[1,7] 13
154_2[365]:
	(3,44) 53
	[1,7] 8
155_1[640]:
	(3,44) 77
	[1,7] 13
155_2[368]:
	(3,44) 53
	[1,7] 8
158_1[582]:
	(3,44) 77
	[1,7] 11
158_2[425]:
	(3,44) 86
	[1,7] 12
158_3[363]:
	(3,44) 7
	[1,7] 1
714_1[719]:
	(11,3) 278
	[2,0] 43
714_2[718]:
	(11,3) 283
	[2,0] 44
714_3[717]:
	(11,3) 216
	[2,0] 33
684_1[704]:
	(3,20009) 25
	[0,3003] 2
684_2[703]:
	(3,20009) 44
	[0,3003] 5
683_1[711]:
	(106,5) 16
	[17,0] 3
683_2[710]:
	(106,5) 58
	[17,0] 9
641_1[714]:
	(8,150) 219
	[2,24] 33
641_2[709]:
	(8,150) 122
	[2,24] 18
640_1[712]:
	(64,5) 16
	[11,0] 3
640_2[699]:
	(64,5) 58
	[11,0] 9
593_1[679]:
	(42,6) 55
	[6,0] 9
593_2[678]:
	(42,6) 55
	[6,0] 9
593_3[677]:
	(42,6) 55
	[6,0] 9
593_4[676]:
	(42,6) 55
	[6,0] 9
593_5[675]:
	(42,6) 55
	[6,0] 9
593_6[674]:
	(42,6) 55
	[6,0] 9
593_7[673]:
	(42,6) 55
	[6,0] 9
593_8[672]:
	(42,6) 55
	[6,0] 9
593_9[671]:
	(42,6) 55
	[6,0] 9
593_10[670]:
	(42,6) 55
	[6,0] 9
593_11[669]:
	(42,6) 55
	[6,0] 9
593_12[668]:
	(42,6) 55
	[6,0] 9
593_13[667]:
	(42,6) 55
	[6,0] 9
593_14[666]:
	(42,6) 55
	[6,0] 9
593_15[665]:
	(42,6) 55
	[6,0] 9
593_16[664]:
	(42,6) 55
	[6,0] 9
593_17[663]:
	(42,6) 55
	[6,0] 9
593_18[662]:
	(42,6) 55
	[6,0] 9
593_19[661]:
	(42,6) 55
	[6,0] 9
593_20[660]:
	(42,6) 55
	[6,0] 9
597_1[683]:
	(60,4) 62
	[10,0] 10
597_2[640]:
	(60,4) 20
	[10,0] 4
595_1[682]:
	(151,5) 68
	[24,0] 9
595_2[638]:
	(151,5) 44
	[24,0] 6
595_3[637]:
	(151,5) 156
	[24,0] 23
594_1[681]:
	(5,41) 103
	[0,6] 15
594_2[680]:
	(5,41) 103
	[0,6] 15
594_3[659]:
	(5,41) 103
	[0,6] 15
594_4[658]:
	(5,41) 103
	[0,6] 15
594_5[657]:
	(5,41) 103
	[0,6] 15
594_6[656]:
	(5,41) 103
	[0,6] 15
594_7[655]:
	(5,41) 103
	[0,6] 15
594_8[654]:
	(5,41) 103
	[0,6] 15
594_9[653]:
	(5,41) 103
	[0,6] 15
594_10[652]:
	(5,41) 103
	[0,6] 15
594_11[651]:
	(5,41) 103
	[0,6] 15
594_12[650]:
	(5,41) 103
	[0,6] 15
594_13[649]:
	(5,41) 103
	[0,6] 15
594_14[648]:
	(5,41) 103
	[0,6] 15
594_15[647]:
	(5,41) 103
	[0,6] 15
594_16[646]:
	(5,41) 103
	[0,6] 15
594_17[645]:
	(5,41) 103
	[0,6] 15
594_18[644]:
	(5,41) 103
	[0,6] 15
594_19[643]:
	(5,41) 103
	[0,6] 15
594_20[642]:
	(5,41) 103
	[0,6] 15
594_21[593]:
	(5,41) 56
	[0,6] 9
161_1[213]:
	(3,37) 20021
	[1,6] 3003
161_2[208]:
	(3,37) 19997
	[1,6] 2999
162_1[216]:
	(3,77) 19983
	[1,12] 2997
162_2[205]:
	(3,77) 19957
	[1,12] 2993
163_1[199]:
	(3,157) 19880
	[1,24] 2982
163_2[219]:
	(3,157) 19903
	[1,24] 2985
163_3[212]:
	(3,157) 19877
	[1,24] 2981
164_1[199]:
	(3,317) 19880
	[1,48] 2982
164_2[222]:
	(3,317) 19743
	[1,48] 2961
164_3[211]:
	(3,317) 19717
	[1,48] 2957
165_1[197]:
	(3,637) 19397
	[1,96] 2909
165_2[225]:
	(3,637) 19423
	[1,96] 2913
165_3[204]:
	(3,637) 19397
	[1,96] 2909
166_1[196]:
	(3,1277) 18757
	[1,192] 2813
166_2[228]:
	(3,1277) 18783
	[1,192] 2817
166_3[207]:
	(3,1277) 18757
	[1,192] 2813
167_1[195]:
	(3,2557) 17477
	[1,384] 2621
167_2[231]:
	(3,2557) 17503
	[1,384] 2625
167_3[206]:
	(3,2557) 17477
	[1,384] 2621
168_1[194]:
	(3,5117) 14917
	[1,768] 2237
168_2[234]:
	(3,5117) 14943
	[1,768] 2241
168_3[210]:
	(3,5117) 14917
	[1,768] 2237
169_1[198]:
	(3,10234) 9800
	[1,1536] 1469
169_2[745]:
	(3,10234) 9820
	[1,1536] 1472
160_1[438]:
	(3,16) 20031
	[1,3] 3004
160_2[213]:
	(3,16) 20021
	[1,3] 3003
160_3[209]:
	(3,16) 20018
	[1,3] 3002
503_1[578]:
	(12,30) 57
	[2,5] 9
503_2[594]:
	(12,30) 85
	[2,5] 13
504_1[588]:
	(15,4) 24
	[3,0] 2
504_2[580]:
	(15,4) 20019
	[3,0] 3002
502_1[587]:
	(29,11) 81
	[5,2] 13
502_2[503]:
	(29,11) 58
	[5,2] 9
501_1[586]:
	(56,3) 33
	[9,0] 4
501_2[582]:
	(56,3) 24
	[9,0] 3
501_3[579]:
	(56,3) 94
	[9,0] 13
501_4[597]:
	(56,3) 24
	[9,0] 5
500_1[592]:
	(8,3) 88
	[1,0] 15
500_2[591]:
	(8,3) 130
	[1,0] 21
500_3[590]:
	(8,3) 130
	[1,0] 21
500_4[589]:
	(8,3) 172
	[1,0] 27
445_1[541]:
	(53,7) 2195402
	[9,1] 360440
445_2[539]:
	(53,7) 83
	[9,1] 14
445_3[538]:
	(53,7) 217
	[9,1] 36
445_4[537]:
	(53,7) 485
	[9,1] 80
445_5[536]:
	(53,7) 2093
	[9,1] 344
445_6[535]:
	(53,7) 4237
	[9,1] 696
445_7[534]:
	(53,7) 8525
	[9,1] 1400
445_8[533]:
	(53,7) 17101
	[9,1] 2808
445_9[532]:
	(53,7) 34253
	[9,1] 5624
445_10[531]:
	(53,7) 68557
	[9,1] 11256
445_11[530]:
	(53,7) 137165
	[9,1] 22520
445_12[529]:
	(53,7) 274381
	[9,1] 45048
445_13[528]:
	(53,7) 548813
	[9,1] 90104
445_14[526]:
	(53,7) 1097677
	[9,1] 180216
445_15[525]:
	(53,7) 1021
	[9,1] 168
445_16[501]:
	(53,7) 27
	[9,1] 3
443_1[527]:
	(34,8) 68
	[6,1] 10
443_2[524]:
	(34,8) 68
	[6,1] 10
443_3[523]:
	(34,8) 68
	[6,1] 10
443_4[522]:
	(34,8) 68
	[6,1] 10
443_5[521]:
	(34,8) 68
	[6,1] 10
443_6[520]:
	(34,8) 68
	[6,1] 10
443_7[519]:
	(34,8) 68
	[6,1] 10
443_8[518]:
	(34,8) 68
	[6,1] 10
443_9[517]:
	(34,8) 68
	[6,1] 10
443_10[516]:
	(34,8) 68
	[6,1] 10
443_11[515]:
	(34,8) 68
	[6,1] 10
443_12[514]:
	(34,8) 68
	[6,1] 10
443_13[513]:
	(34,8) 68
	[6,1] 10
443_14[512]:
	(34,8) 68
	[6,1] 10
443_15[511]:
	(34,8) 68
	[6,1] 10
443_16[510]:
	(34,8) 68
	[6,1] 10
443_17[509]:
	(34,8) 22
	[6,1] 3
443_18[508]:
	(34,8) 22
	[6,1] 3
443_19[507]:
	(34,8) 68
	[6,1] 10
443_20[506]:
	(34,8) 68
	[6,1] 10
443_21[505]:
	(34,8) 68
	[6,1] 10
443_22[476]:
	(34,8) 68
	[6,1] 10
443_23[458]:
	(34,8) 28
	[6,1] 2
451_1[461]:
	(11,3) 33
	[2,0] 5
451_2[504]:
	(11,3) 28
	[2,0] 3
449_1[457]:
	(97,11) 98
	[16,3] 14
449_2[450]:
	(97,11) 198
	[16,3] 29
448_1[596]:
	(47,3) 162
	[7,0] 25
448_2[540]:
	(47,3) 50
	[7,0] 8
448_3[457]:
	(47,3) 148
	[7,0] 23
447_1[595]:
	(5,50) 190
	[1,8] 29
447_2[481]:
	(5,50) 267
	[1,8] 41
447_3[502]:
	(5,50) 64
	[1,8] 10
446_1[569]:
	(6,52) 10
	[1,9] 2
446_2[499]:
	(6,52) 8590
	[1,9] 1410
446_3[487]:
	(6,52) 282
	[1,9] 46
446_4[480]:
	(6,52) 148
	[1,9] 24
446_5[479]:
	(6,52) 550
	[1,9] 90
446_6[478]:
	(6,52) 1086
	[1,9] 178
446_7[475]:
	(6,52) 274446
	[1,9] 45058
446_8[474]:
	(6,52) 2195467
	[1,9] 360450
446_9[473]:
	(6,52) 17166
	[1,9] 2818
446_10[469]:
	(6,52) 4302
	[1,9] 706
446_11[468]:
	(6,52) 137230
	[1,9] 22530
446_12[467]:
	(6,52) 68622
	[1,9] 11266
446_13[466]:
	(6,52) 1097742
	[1,9] 180226
446_14[465]:
	(6,52) 34318
	[1,9] 5634
446_15[464]:
	(6,52) 2158
	[1,9] 354
446_16[463]:
	(6,52) 548878
	[1,9] 90114
446_17[445]:
	(6,52) 28
	[1,9] 3
444_1[498]:
	(7,33) 109
	[1,6] 16
444_2[497]:
	(7,33) 109
	[1,6] 16
444_3[496]:
	(7,33) 109
	[1,6] 16
444_4[495]:
	(7,33) 109
	[1,6] 16
444_5[494]:
	(7,33) 109
	[1,6] 16
444_6[493]:
	(7,33) 109
	[1,6] 16
444_7[492]:
	(7,33) 109
	[1,6] 16
444_8[491]:
	(7,33) 109
	[1,6] 16
444_9[490]:
	(7,33) 109
	[1,6] 16
444_10[489]:
	(7,33) 109
	[1,6] 16
444_11[488]:
	(7,33) 109
	[1,6] 16
444_12[486]:
	(7,33) 109
	[1,6] 16
444_13[485]:
	(7,33) 109
	[1,6] 16
444_14[484]:
	(7,33) 109
	[1,6] 16
444_15[483]:
	(7,33) 109
	[1,6] 16
444_16[482]:
	(7,33) 109
	[1,6] 16
444_17[477]:
	(7,33) 63
	[1,6] 9
444_18[472]:
	(7,33) 109
	[1,6] 16
444_19[471]:
	(7,33) 109
	[1,6] 16
444_20[470]:
	(7,33) 109
	[1,6] 16
444_21[462]:
	(7,33) 109
	[1,6] 16
444_22[460]:
	(7,33) 63
	[1,6] 9
444_23[443]:
	(7,33) 23
	[1,6] 2
436_1[710]:
	(49,5) 115
	[8,1] 18
436_2[699]:
	(49,5) 73
	[8,1] 12
434_1[113]:
	(3,27) 3
	[0,4] 1
434_2[435]:
	(3,27) 70
	[0,4] 11
421_1[459]:
	(29,6) 180
	[5,1] 27
421_2[444]:
	(29,6) 27
	[5,1] 3
427_1[712]:
	(7,45) 73
	[2,7] 12
427_2[711]:
	(7,45) 115
	[2,7] 18
425_1[636]:
	(45,7) 105
	[7,2] 15
425_2[426]:
	(45,7) 82
	[7,2] 11
424_1[439]:
	(48,5) 205
	[8,1] 33
424_2[446]:
	(48,5) 14
	[8,1] 3
422_1[641]:
	(44,7) 228
	[7,2] 35
422_2[578]:
	(44,7) 25
	[7,2] 4
422_3[448]:
	(44,7) 53
	[7,2] 8
422_4[423]:
	(44,7) 32
	[7,2] 3
420_1[502]:
	(5,28) 64
	[1,5] 10
420_2[421]:
	(5,28) 28
	[1,5] 3
419_1[456]:
	(9,3) 20025
	[1,0] 3004
419_2[455]:
	(9,3) 20025
	[1,0] 3004
419_3[454]:
	(9,3) 20025
	[1,0] 3004
419_4[453]:
	(9,3) 20025
	[1,0] 3004
419_5[452]:
	(9,3) 20025
	[1,0] 3004
419_6[442]:
	(9,3) 20025
	[1,0] 3004
419_7[441]:
	(9,3) 20025
	[1,0] 3004
419_8[440]:
	(9,3) 20025
	[1,0] 3004
419_9[438]:
	(9,3) 20025
	[1,0] 3004
419_10[437]:
	(9,3) 20025
	[1,0] 3004
416_1[664]:
	(45,4) 52
	[7,1] 8
416_2[492]:
	(45,4) 71
	[7,1] 10
414_1[663]:
	(45,4) 52
	[7,1] 8
414_2[498]:
	(45,4) 71
	[7,1] 10
409_1[673]:
	(45,4) 52
	[7,1] 8
409_2[497]:
	(45,4) 71
	[7,1] 10
408_1[679]:
	(45,4) 52
	[7,1] 8
408_2[489]:
	(45,4) 71
	[7,1] 10
405_1[674]:
	(45,4) 52
	[7,1] 8
405_2[471]:
	(45,4) 71
	[7,1] 10
404_1[660]:
	(45,4) 52
	[7,1] 8
404_2[494]:
	(45,4) 71
	[7,1] 10
397_1[667]:
	(45,4) 52
	[7,1] 8
397_2[490]:
	(45,4) 71
	[7,1] 10
395_1[669]:
	(45,4) 52
	[7,1] 8
395_2[462]:
	(45,4) 71
	[7,1] 10
394_1[672]:
	(45,4) 52
	[7,1] 8
394_2[470]:
	(45,4) 71
	[7,1] 10
393_1[661]:
	(45,4) 52
	[7,1] 8
393_2[495]:
	(45,4) 71
	[7,1] 10
389_1[666]:
	(45,4) 52
	[7,1] 8
389_2[496]:
	(45,4) 71
	[7,1] 10
388_1[670]:
	(45,4) 52
	[7,1] 8
388_2[483]:
	(45,4) 71
	[7,1] 10
387_1[665]:
	(45,4) 52
	[7,1] 8
387_2[493]:
	(45,4) 71
	[7,1] 10
376_1[671]:
	(45,4) 52
	[7,1] 8
376_2[491]:
	(45,4) 71
	[7,1] 10
371_1[592]:
	(77,4) 19
	[14,1] 2
371_2[431]:
	(77,4) 6
	[14,1] 1
369_1[676]:
	(45,4) 52
	[7,1] 8
369_2[485]:
	(45,4) 71
	[7,1] 10
368_1[677]:
	(45,4) 52
	[7,1] 8
368_2[683]:
	(45,4) 77
	[7,1] 13
368_3[486]:
	(45,4) 71
	[7,1] 10
367_1[675]:
	(45,4) 52
	[7,1] 8
367_2[484]:
	(45,4) 71
	[7,1] 10
366_1[477]:
	(45,4) 25
	[7,1] 3
366_2[432]:
	(45,4) 6
	[7,1] 1
366_3[430]:
	(45,4) 191
	[7,1] 28
365_1[678]:
	(45,4) 52
	[7,1] 8
365_2[488]:
	(45,4) 71
	[7,1] 10
365_3[436]:
	(45,4) 77
	[7,1] 13
363_1[460]:
	(45,4) 25
	[7,1] 3
363_2[430]:
	(45,4) 191
	[7,1] 28
363_3[429]:
	(45,4) 6
	[7,1] 1
362_1[682]:
	(44,4) 175
	[7,1] 26
362_2[447]:
	(44,4) 70
	[7,1] 11
362_3[428]:
	(44,4) 6
	[7,1] 1
362_4[424]:
	(44,4) 18
	[7,1] 4
361_1[638]:
	(24,4) 171
	[4,1] 26
361_2[461]:
	(24,4) 20
	[4,1] 3
361_3[434]:
	(24,4) 6
	[4,1] 1
361_4[418]:
	(24,4) 113
	[4,1] 18
361_5[420]:
	(24,4) 32
	[4,1] 4
310_1[668]:
	(45,4) 52
	[7,1] 8
310_2[472]:
	(45,4) 71
	[7,1] 10
305_1[662]:
	(45,4) 52
	[7,1] 8
305_2[482]:
	(45,4) 71
	[7,1] 10
299_1[591]:
	(119,4) 19
	[20,1] 2
299_2[433]:
	(119,4) 6
	[20,1] 1
298_1[637]:
	(113,4) 194
	[18,1] 29
298_2[439]:
	(113,4) 140
	[18,1] 23
297_1[708]:
	(2,2) 62
	[0,0] 10
297_2[627]:
	(2,2) 95
	[0,0] 15
297_3[624]:
	(2,2) 95
	[0,0] 15
297_4[620]:
	(2,2) 531
	[0,0] 88
297_5[617]:
	(2,2) 2139
	[0,0] 352
297_6[610]:
	(2,2) 95
	[0,0] 15
297_7[606]:
	(2,2) 95
	[0,0] 15
297_8[601]:
	(2,2) 95
	[0,0] 15
296_1[635]:
	(2,2) 95
	[0,0] 15
296_2[634]:
	(2,2) 95
	[0,0] 15
296_3[633]:
	(2,2) 95
	[0,0] 15
296_4[630]:
	(2,2) 95
	[0,0] 15
296_5[625]:
	(2,2) 95
	[0,0] 15
296_6[609]:
	(2,2) 137211
	[0,0] 22528
296_7[605]:
	(2,2) 548859
	[0,0] 90112
296_8[458]:
	(2,2) 60
	[0,0] 8
295_1[622]:
	(2,2) 129
	[0,0] 22
295_2[621]:
	(2,2) 263
	[0,0] 44
295_3[619]:
	(2,2) 1067
	[0,0] 176
295_4[614]:
	(2,2) 17147
	[0,0] 2816
295_5[612]:
	(2,2) 34299
	[0,0] 5632
295_6[611]:
	(2,2) 68603
	[0,0] 11264
295_7[608]:
	(2,2) 95
	[0,0] 15
295_8[602]:
	(2,2) 95
	[0,0] 15
294_1[631]:
	(2,2) 95
	[0,0] 15
294_2[629]:
	(2,2) 95
	[0,0] 15
294_3[616]:
	(2,2) 4283
	[0,0] 704
294_4[615]:
	(2,2) 8571
	[0,0] 1408
294_5[604]:
	(2,2) 1097723
	[0,0] 180224
294_6[603]:
	(2,2) 2195448
	[0,0] 360448
294_7[600]:
	(2,2) 95
	[0,0] 15
294_8[599]:
	(2,2) 95
	[0,0] 15
293_1[632]:
	(2,2) 95
	[0,0] 15
293_2[628]:
	(2,2) 95
	[0,0] 15
293_3[626]:
	(2,2) 95
	[0,0] 15
293_4[623]:
	(2,2) 60
	[0,0] 11
293_5[618]:
	(2,2) 49
	[0,0] 8
293_6[613]:
	(2,2) 49
	[0,0] 8
293_7[607]:
	(2,2) 274427
	[0,0] 45056
293_8[598]:
	(2,2) 95
	[0,0] 15
292_1[725]:
	(2,2) 270
	[0,0] 42
292_2[714]:
	(2,2) 225
	[0,0] 35
292_3[501]:
	(2,2) 78
	[0,0] 12
292_4[500]:
	(2,2) 94
	[0,0] 16
292_5[451]:
	(2,2) 37
	[0,0] 5
292_6[448]:
	(2,2) 95
	[0,0] 15
292_7[433]:
	(2,2) 123
	[0,0] 21
292_8[432]:
	(2,2) 49
	[0,0] 8
292_9[431]:
	(2,2) 81
	[0,0] 15
292_10[429]:
	(2,2) 49
	[0,0] 8
292_11[428]:
	(2,2) 48
	[0,0] 8
292_12[434]:
	(2,2) 28
	[0,0] 5
292_13[419]:
	(2,2) 20032
	[0,0] 3005
746_1[419]:
	(6,19990) 20028
	[1,3000] 3004
746_2[307]:
	(6,19990) 44
	[1,3000] 5
235_1[745]:
	(5,10216) 9818
	[1,1533] 1472
235_2[744]:
	(5,10216) 20029
	[1,1533] 3004
232_1[234]:
	(5,5096) 14941
	[1,765] 2241
232_2[743]:
	(5,5096) 20029
	[1,765] 3004
232_3[233]:
	(5,5096) 14938
	[1,765] 2240
229_1[231]:
	(5,2536) 17501
	[1,381] 2625
229_2[742]:
	(5,2536) 20029
	[1,381] 3004
229_3[230]:
	(5,2536) 17498
	[1,381] 2624
226_1[228]:
	(5,1256) 18781
	[1,189] 2817
226_2[741]:
	(5,1256) 20029
	[1,189] 3004
226_3[227]:
	(5,1256) 18778
	[1,189] 2816
223_1[225]:
	(5,616) 19421
	[1,93] 2913
223_2[740]:
	(5,616) 20029
	[1,93] 3004
223_3[224]:
	(5,616) 19418
	[1,93] 2912
220_1[222]:
	(5,296) 19741
	[1,45] 2961
220_2[739]:
	(5,296) 20029
	[1,45] 3004
220_3[221]:
	(5,296) 19738
	[1,45] 2960
217_1[219]:
	(5,136) 19901
	[1,21] 2985
217_2[738]:
	(5,136) 20029
	[1,21] 3004
217_3[218]:
	(5,136) 19898
	[1,21] 2984
214_1[216]:
	(5,56) 19981
	[1,9] 2997
214_2[737]:
	(5,56) 20029
	[1,9] 3004
214_3[215]:
	(5,56) 19978
	[1,9] 2996
291_1[747]:
	(5,2195384) 71
	[1,360437] 12
291_2[748]:
	(5,2195384) 1097725
	[1,360437] 180224
288_1[290]:
	(5,1097656) 77
	[1,180213] 13
288_2[749]:
	(5,1097656) 548861
	[1,180213] 90112
288_3[289]:
	(5,1097656) 1097799
	[1,180213] 180236
285_1[287]:
	(5,548792) 77
	[1,90101] 13
285_2[750]:
	(5,548792) 274429
	[1,90101] 45056
285_3[286]:
	(5,548792) 548941
	[1,90101] 90125
282_1[284]:
	(5,274360) 77
	[1,45045] 13
282_2[751]:
	(5,274360) 137213
	[1,45045] 22528
282_3[283]:
	(5,274360) 274509
	[1,45045] 45069
279_1[281]:
	(5,137144) 77
	[1,22517] 13
279_2[752]:
	(5,137144) 68605
	[1,22517] 11264
279_3[280]:
	(5,137144) 137293
	[1,22517] 22541
276_1[278]:
	(5,68536) 77
	[1,11253] 13
276_2[753]:
	(5,68536) 34301
	[1,11253] 5632
276_3[277]:
	(5,68536) 68685
	[1,11253] 11277
273_1[275]:
	(5,34232) 77
	[1,5621] 13
273_2[754]:
	(5,34232) 17149
	[1,5621] 2816
273_3[274]:
	(5,34232) 34381
	[1,5621] 5645
270_1[272]:
	(5,17080) 77
	[1,2805] 13
270_2[755]:
	(5,17080) 8573
	[1,2805] 1408
270_3[271]:
	(5,17080) 17229
	[1,2805] 2829
267_1[269]:
	(5,8504) 77
	[1,1397] 13
267_2[756]:
	(5,8504) 4285
	[1,1397] 704
267_3[268]:
	(5,8504) 8653
	[1,1397] 1421
264_1[266]:
	(5,4216) 77
	[1,693] 13
264_2[757]:
	(5,4216) 2141
	[1,693] 352
264_3[265]:
	(5,4216) 4365
	[1,693] 717
261_1[263]:
	(5,2072) 77
	[1,341] 13
261_2[758]:
	(5,2072) 1069
	[1,341] 176
261_3[262]:
	(5,2072) 2221
	[1,341] 365
258_1[260]:
	(5,1000) 77
	[1,165] 13
258_2[759]:
	(5,1000) 533
	[1,165] 88
258_3[259]:
	(5,1000) 1149
	[1,165] 189
255_1[257]:
	(5,464) 77
	[1,77] 13
255_2[760]:
	(5,464) 265
	[1,77] 44
255_3[256]:
	(5,464) 613
	[1,77] 101
252_1[254]:
	(5,196) 77
	[1,33] 13
252_2[761]:
	(5,196) 131
	[1,33] 22
252_3[253]:
	(5,196) 345
	[1,33] 57

-----------------------------------
Sum of T(sa0)s: ∞
Sum of T(sa1)s: ∞
Testability index: ∞