0:
	(1,1) 1
	[0,0] 0
1:
	(1,1) 11
	[0,0] 2
x:
	(1,1) ∞
	[0,0] ∞
2:
	(1,1) 11
	[0,0] 2
3:
	(1,1) 7
	[0,0] 1
4:
	(1,1) ∞
	[0,0] ∞
5:
	(1,1) 14
	[0,0] 1
6:
	(1,1) 7
	[0,0] 1
7:
	(1,1) 7
	[0,0] 1
8:
	(1,1) 7
	[0,0] 1
9:
	(1,1) 7
	[0,0] 1
10:
	(1,1) 145
	[0,0] 7
11:
	(1,1) 145
	[0,0] 7
12:
	(1,1) ∞
	[0,0] ∞
13:
	(1,1) ∞
	[0,0] ∞
14:
	(1,1) 93
	[0,0] 5
15:
	(1,1) 122
	[0,0] 6
16:
	(1,1) 194
	[0,0] 10
17:
	(1,1) 246
	[0,0] 12
18:
	(1,1) 248
	[0,0] 12
19:
	(1,1) 297
	[0,0] 13
20:
	(1,1) ∞
	[0,0] ∞
21:
	(1,1) ∞
	[0,0] ∞
54:
	(4,61) 0
	[1,3] 0
55:
	(4,83) 0
	[1,6] 0
47:
	(2,2) 0
	[0,0] 0
25:
	(3,54) 0
	[1,2] 0
26:
	(3,76) 0
	[1,5] 0
27:
	(3,107) 0
	[1,4] 0
23:
	(3,75) 0
	[1,5] 0
24:
	(3,106) 0
	[1,4] 0
22:
	(3,53) 0
	[1,2] 0
322:
	(6,51) 3
	[0,1] 1
321:
	(6,73) 3
	[0,4] 1
320:
	(6,104) 3
	[0,3] 1
319:
	(3,103) 3
	[0,3] 1
318:
	(3,50) 3
	[0,1] 1
317:
	(3,72) 3
	[0,4] 1
316:
	(69,25) 6
	[4,0] 1
315:
	(100,21) 6
	[3,3] 1
314:
	(47,26) 6
	[1,3] 1
57:
	(3,11) 0
	[1,1] 0
56:
	(3,84) 0
	[1,7] 0
313:
	(15,99) 12
	[3,3] 1
312:
	(20,46) 12
	[3,1] 1
311:
	(9,95) 22
	[0,7] 1
62:
	(3,1357) 83718
	[1,112] 6893
59:
	(3,167) 84908
	[1,14] 6991
60:
	(3,337) 84738
	[1,28] 6977
61:
	(3,677) 84396
	[1,56] 6949
65:
	(3,10877) 74193
	[1,896] 6109
63:
	(3,2717) 82353
	[1,224] 6781
64:
	(3,5437) 79633
	[1,448] 6557
58:
	(3,81) 84994
	[1,7] 6998
310:
	(5,72) 27
	[0,5] 4
309:
	(5,125) 22
	[0,7] 4
308:
	(5,94) 26
	[0,8] 1
307:
	(3,8) 3
	[0,0] 1
306:
	(3,81) 3
	[0,6] 1
66:
	(3,21757) 63313
	[1,1792] 5213
67:
	(3,43514) 41556
	[1,3584] 3421
304:
	(21,18) 37
	[0,3] 2
303:
	(11,334) 84741
	[0,27] 6978
302:
	(11,164) 84911
	[0,13] 6992
301:
	(5,7) 6
	[0,0] 1
300:
	(11,78) 84997
	[0,6] 6999
299:
	(11,674) 84399
	[0,55] 6950
305:
	(17,20) 38
	[3,0] 2
298:
	(78,19) 6
	[6,3] 1
297:
	(11,1354) 83721
	[0,111] 6894
296:
	(11,2714) 82356
	[0,223] 6782
295:
	(11,5434) 79636
	[0,447] 6558
294:
	(11,21754) 63316
	[0,1791] 5214
293:
	(11,43511) 41559
	[0,3583] 3422
292:
	(11,10874) 74196
	[0,895] 6110
291:
	(5,87777) 82362
	[0,7228] 6782
290:
	(4,24) 9
	[0,2] 1
289:
	(5,43510) 41565
	[0,3583] 3422
288:
	(5,85141) 85003
	[0,7011] 6999
287:
	(5,5433) 79642
	[0,447] 6558
286:
	(5,85227) 84917
	[0,7018] 6992
285:
	(5,163) 84917
	[0,13] 6992
284:
	(5,85397) 84747
	[0,7032] 6978
283:
	(5,333) 84747
	[0,27] 6978
282:
	(5,85737) 84405
	[0,7060] 6950
281:
	(5,673) 84405
	[0,55] 6950
280:
	(5,86417) 83727
	[0,7116] 6894
279:
	(5,21753) 63322
	[0,1791] 5214
278:
	(5,159) 20
	[1,12] 3
277:
	(13,77) 12
	[2,6] 2
276:
	(5,90497) 79642
	[0,7452] 6558
275:
	(5,95937) 74202
	[0,7900] 6110
274:
	(5,106817) 63322
	[0,8796] 5214
273:
	(5,10873) 74202
	[0,895] 6110
272:
	(5,128574) 41565
	[0,10588] 3422
271:
	(5,1353) 83727
	[0,111] 6894
270:
	(11,16) 47
	[0,3] 2
269:
	(73,14) 38
	[3,3] 1
268:
	(8,120) 50
	[0,6] 2
267:
	(20,69) 38
	[1,4] 1
266:
	(5,77) 85003
	[0,6] 6999
265:
	(2,4) 11
	[0,0] 1
264:
	(5,2713) 82362
	[0,223] 6782
261:
	(14,68) 44
	[0,4] 2
260:
	(67,13) 44
	[2,3] 2
259:
	(15,68) 16
	[0,4] 1
263:
	(73,4) 85002
	[5,0] 7000
262:
	(85058,4) 85081
	[7004,0] 7006
258:
	(11,3) 22
	[1,0] 2
256:
	(73,14) 106
	[5,2] 10
254:
	(5,15) 53
	[0,3] 2
253:
	(5,90) 53
	[0,7] 2
252:
	(5,194) 53
	[0,10] 2
257:
	(2,10) 13
	[0,1] 1
255:
	(13,72) 76
	[2,5] 6
41:
	(3,90) 0
	[1,8] 0
42:
	(3,141) 0
	[1,9] 0
43:
	(3,121) 0
	[1,7] 0
45:
	(3,195) 0
	[1,11] 0
40:
	(3,69) 0
	[1,5] 0
44:
	(3,172) 0
	[1,8] 0
46:
	(3,246) 0
	[1,12] 0
250:
	(2,193) 56
	[0,10] 2
249:
	(2,119) 56
	[0,6] 2
251:
	(8,85055) 15
	[1,7004] 1
247:
	(2,67) 56
	[0,4] 2
246:
	(2,139) 56
	[0,8] 2
245:
	(2,89) 56
	[0,7] 2
244:
	(59,12) 52
	[2,3] 2
243:
	(6,87) 52
	[0,7] 2
242:
	(7,67) 51
	[0,4] 2
241:
	(7,119) 24
	[0,6] 1
248:
	(66,3) 85009
	[4,0] 7001
235:
	(3,138) 55
	[0,8] 2
234:
	(3,138) 3
	[0,8] 1
233:
	(3,118) 28
	[0,6] 1
232:
	(3,87) 3
	[0,7] 1
231:
	(3,66) 3
	[0,4] 1
230:
	(3,192) 3
	[0,10] 1
240:
	(3,169) 28
	[0,7] 1
239:
	(3,192) 55
	[0,10] 2
238:
	(3,87) 28
	[0,7] 1
237:
	(3,118) 28
	[0,6] 1
236:
	(3,66) 28
	[0,4] 1
229:
	(87,3) 58
	[7,0] 2
226:
	(191,2) 58
	[10,0] 2
225:
	(3,243) 3
	[0,11] 1
224:
	(3,118) 3
	[0,6] 1
223:
	(117,2) 58
	[6,0] 2
222:
	(2,242) 56
	[0,11] 2
221:
	(3,169) 3
	[0,7] 1
220:
	(2,14) 56
	[0,3] 2
219:
	(65,2) 58
	[4,0] 2
218:
	(137,2) 58
	[8,0] 2
228:
	(2,86) 56
	[0,7] 2
227:
	(63,12) 26
	[4,2] 4
48:
	(3,8) 0
	[1,1] 0
49:
	(3,8) 0
	[1,1] 0
50:
	(3,8) 0
	[1,1] 0
51:
	(3,8) 0
	[1,1] 0
52:
	(3,91) 0
	[1,8] 0
53:
	(3,18) 0
	[1,2] 0
28:
	(3,60) 0
	[1,3] 0
30:
	(3,113) 0
	[1,5] 0
31:
	(3,67) 0
	[1,4] 0
32:
	(3,89) 0
	[1,7] 0
33:
	(3,120) 0
	[1,6] 0
34:
	(3,74) 0
	[1,5] 0
29:
	(3,82) 0
	[1,6] 0
217:
	(12,56) 58
	[3,2] 2
211:
	(240,6) 6
	[11,1] 1
210:
	(63,7) 6
	[4,1] 1
208:
	(189,6) 6
	[10,1] 1
37:
	(3,81) 0
	[1,6] 0
38:
	(3,103) 0
	[1,9] 0
39:
	(3,134) 0
	[1,8] 0
36:
	(3,127) 0
	[1,7] 0
35:
	(3,96) 0
	[1,8] 0
216:
	(55,11) 56
	[2,3] 2
215:
	(166,5) 6
	[7,1] 1
214:
	(84,6) 6
	[7,1] 1
213:
	(135,6) 6
	[8,1] 1
212:
	(5,239) 7
	[1,11] 1
209:
	(6,62) 7
	[1,4] 1
207:
	(5,188) 7
	[1,10] 1
206:
	(115,5) 6
	[6,1] 1
205:
	(3,100) 3
	[0,8] 1
204:
	(3,5) 3
	[0,0] 1
203:
	(3,5) 3
	[0,0] 1
202:
	(3,5) 3
	[0,0] 1
201:
	(3,5) 3
	[0,0] 1
200:
	(3,88) 3
	[0,7] 1
199:
	(3,15) 3
	[0,1] 1
198:
	(3,117) 3
	[0,5] 1
197:
	(3,86) 3
	[0,6] 1
196:
	(3,64) 3
	[0,3] 1
195:
	(3,71) 3
	[0,4] 1
194:
	(3,124) 3
	[0,6] 1
193:
	(3,131) 3
	[0,7] 1
192:
	(3,93) 3
	[0,7] 1
191:
	(3,79) 3
	[0,5] 1
190:
	(2,57) 7
	[0,2] 1
189:
	(2,110) 7
	[0,4] 1
188:
	(2,79) 7
	[0,5] 1
187:
	(3,57) 3
	[0,2] 1
186:
	(3,78) 3
	[0,5] 1
185:
	(3,110) 3
	[0,4] 1
184:
	(338,4) 169806
	[28,1] 13982
183:
	(678,4) 169464
	[56,1] 13954
182:
	(5438,4) 164701
	[448,1] 13562
181:
	(108,4) 9
	[4,1] 1
180:
	(68,4) 6
	[4,1] 1
179:
	(75,4) 6
	[5,1] 1
178:
	(55,4) 9
	[2,1] 1
177:
	(121,4) 6
	[6,1] 1
176:
	(61,4) 6
	[3,1] 1
175:
	(1358,4) 168786
	[112,1] 13898
174:
	(168,4) 169976
	[14,1] 13996
173:
	(97,4) 6
	[8,1] 1
172:
	(21758,4) 148381
	[1792,1] 12218
171:
	(90,4) 6
	[7,1] 1
170:
	(77,4) 9
	[5,1] 1
169:
	(114,4) 6
	[5,1] 1
168:
	(85,4) 6
	[7,1] 1
167:
	(12,4) 6
	[1,1] 1
166:
	(82,4) 170062
	[7,1] 14003
165:
	(54,4) 6
	[2,1] 1
164:
	(76,4) 6
	[5,1] 1
163:
	(107,4) 6
	[4,1] 1
162:
	(599,11) 84479
	[50,2] 6955
161:
	(5359,11) 79716
	[442,2] 6563
160:
	(89,9) 84991
	[8,2] 6997
159:
	(21679,11) 63396
	[1786,2] 5219
158:
	(10799,11) 74276
	[890,2] 6115
157:
	(43436,10) 41639
	[3578,2] 3427
156:
	(259,11) 84821
	[22,2] 6983
155:
	(2639,11) 82436
	[218,2] 6787
154:
	(1279,11) 83801
	[106,2] 6899
153:
	(2,2) 92
	[0,0] 5
152:
	(43515,4) 126624
	[3584,1] 10426
151:
	(2718,4) 167421
	[224,1] 13786
150:
	(2,2) 6
	[0,0] 1
149:
	(2,2) 144
	[0,0] 7
148:
	(2,2) 245
	[0,0] 12
147:
	(83,4) 6
	[6,1] 1
146:
	(2,2) 6
	[0,0] 1
145:
	(2,2) 144
	[0,0] 7
144:
	(128,4) 6
	[7,1] 1
143:
	(10878,4) 159261
	[896,1] 13114
142:
	(2,2) 6
	[0,0] 1
141:
	(2,2) 6
	[0,0] 1
140:
	(2,2) 195
	[0,0] 8
139:
	(84991,7) 79
	[7000,1] 5
138:
	(2,2) 6
	[0,0] 1
137:
	(7,54) 60
	[2,2] 3
136:
	(131,5) 10
	[7,1] 2
135:
	(80,5) 10
	[6,1] 2
134:
	(58,5) 11
	[3,1] 2
133:
	(7,67) 24
	[0,4] 1
132:
	(25,19) 33
	[0,3] 2
332:
	(6,84990) 80
	[1,7000] 5
99:
	(76832,5) 8238
	[6328,1] 677
98:
	(65953,6) 19117
	[5432,1] 1573
97:
	(65274,5) 19796
	[5376,1] 1629
96:
	(8157,5) 76913
	[672,1] 6333
95:
	(678,7) 84392
	[56,2] 6949
94:
	(43515,4) 41555
	[3584,1] 3421
93:
	(2718,4) 82352
	[224,1] 6781
92:
	(5438,4) 79632
	[448,1] 6557
91:
	(10878,4) 74192
	[896,1] 6109
90:
	(21758,4) 63312
	[1792,1] 5213
331:
	(9,43435) 41640
	[2,3578] 3427
330:
	(10,21678) 63397
	[2,1786] 5219
131:
	(5,43431) 41644
	[1,3577] 3428
130:
	(21672,9) 63403
	[1785,2] 5220
329:
	(10,10798) 74277
	[2,890] 6115
129:
	(21672,6) 63403
	[1785,1] 5220
128:
	(5,21671) 63404
	[1,1785] 5220
127:
	(10792,9) 74283
	[889,2] 6116
328:
	(10,5358) 79717
	[2,442] 6563
126:
	(10792,6) 74283
	[889,1] 6116
125:
	(5,10791) 74284
	[1,889] 6116
124:
	(5352,9) 79723
	[441,2] 6564
327:
	(10,2638) 82437
	[2,218] 6787
123:
	(5352,6) 79723
	[441,1] 6564
122:
	(5,5351) 79724
	[1,441] 6564
121:
	(2632,9) 82443
	[217,2] 6788
326:
	(10,1278) 83802
	[2,106] 6899
120:
	(2632,6) 82443
	[217,1] 6788
119:
	(5,2631) 82444
	[1,217] 6788
118:
	(1272,9) 83808
	[105,2] 6900
325:
	(10,598) 84480
	[2,50] 6955
117:
	(1272,6) 83803
	[105,1] 6900
116:
	(5,1271) 83804
	[1,105] 6900
115:
	(592,9) 84486
	[49,2] 6956
324:
	(10,258) 84822
	[2,22] 6983
114:
	(592,6) 84483
	[49,1] 6956
113:
	(5,591) 84484
	[1,49] 6956
112:
	(252,9) 84828
	[21,2] 6984
323:
	(8,88) 84992
	[2,8] 6997
111:
	(252,6) 84823
	[21,1] 6984
110:
	(5,251) 84824
	[1,21] 6984
109:
	(82,7) 84998
	[7,2] 6998
108:
	(678,4) 84397
	[56,1] 6949
107:
	(1358,4) 83717
	[112,1] 6893
106:
	(21758,4) 63317
	[1792,1] 5213
105:
	(82,4) 84993
	[7,1] 6998
104:
	(168,4) 84907
	[14,1] 6991
103:
	(5438,4) 79637
	[448,1] 6557
102:
	(10878,4) 74197
	[896,1] 6109
101:
	(338,4) 84737
	[28,1] 6977
100:
	(2718,4) 82357
	[224,1] 6781
1_1[25]:
	(1,1) 57
	[0,0] 3
1_2[25]:
	(1,1) ∞
	[0,0] ∞
1_3[26]:
	(1,1) 79
	[0,0] 6
1_4[26]:
	(1,1) ∞
	[0,0] ∞
1_5[27]:
	(1,1) 110
	[0,0] 5
1_6[27]:
	(1,1) ∞
	[0,0] ∞
1_7[23]:
	(1,1) 78
	[0,0] 6
1_8[23]:
	(1,1) ∞
	[0,0] ∞
1_9[24]:
	(1,1) 109
	[0,0] 5
1_10[24]:
	(1,1) ∞
	[0,0] ∞
1_11[22]:
	(1,1) 56
	[0,0] 3
1_12[22]:
	(1,1) ∞
	[0,0] ∞
1_13[57]:
	(1,1) 14
	[0,0] 2
1_14[57]:
	(1,1) ∞
	[0,0] ∞
1_15[56]:
	(1,1) 87
	[0,0] 8
1_16[56]:
	(1,1) ∞
	[0,0] ∞
1_17[62]:
	(1,1) 85078
	[0,0] 7006
1_18[62]:
	(1,1) ∞
	[0,0] ∞
1_19[59]:
	(1,1) 85078
	[0,0] 7006
1_20[59]:
	(1,1) ∞
	[0,0] ∞
1_21[60]:
	(1,1) 85078
	[0,0] 7006
1_22[60]:
	(1,1) ∞
	[0,0] ∞
1_23[61]:
	(1,1) 85076
	[0,0] 7006
1_24[61]:
	(1,1) ∞
	[0,0] ∞
1_25[65]:
	(1,1) 85073
	[0,0] 7006
1_26[65]:
	(1,1) ∞
	[0,0] ∞
1_27[63]:
	(1,1) 85073
	[0,0] 7006
1_28[63]:
	(1,1) ∞
	[0,0] ∞
1_29[64]:
	(1,1) 85073
	[0,0] 7006
1_30[64]:
	(1,1) ∞
	[0,0] ∞
1_31[58]:
	(1,1) 85078
	[0,0] 7006
1_32[58]:
	(1,1) ∞
	[0,0] ∞
1_33[66]:
	(1,1) 85073
	[0,0] 7006
1_34[66]:
	(1,1) ∞
	[0,0] ∞
1_35[67]:
	(1,1) 85073
	[0,0] 7006
1_36[67]:
	(1,1) ∞
	[0,0] ∞
1_37[41]:
	(1,1) 93
	[0,0] 9
1_38[41]:
	(1,1) ∞
	[0,0] ∞
1_39[42]:
	(1,1) 144
	[0,0] 10
1_40[42]:
	(1,1) ∞
	[0,0] ∞
1_41[43]:
	(1,1) 124
	[0,0] 8
1_42[43]:
	(1,1) ∞
	[0,0] ∞
1_43[45]:
	(1,1) 198
	[0,0] 12
1_44[45]:
	(1,1) ∞
	[0,0] ∞
1_45[40]:
	(1,1) 72
	[0,0] 6
1_46[40]:
	(1,1) ∞
	[0,0] ∞
1_47[44]:
	(1,1) 175
	[0,0] 9
1_48[44]:
	(1,1) ∞
	[0,0] ∞
1_49[46]:
	(1,1) 249
	[0,0] 13
1_50[46]:
	(1,1) ∞
	[0,0] ∞
1_51[48]:
	(1,1) 11
	[0,0] 2
1_52[48]:
	(1,1) ∞
	[0,0] ∞
1_53[49]:
	(1,1) 11
	[0,0] 2
1_54[49]:
	(1,1) ∞
	[0,0] ∞
1_55[50]:
	(1,1) 11
	[0,0] 2
1_56[50]:
	(1,1) ∞
	[0,0] ∞
1_57[51]:
	(1,1) 11
	[0,0] 2
1_58[51]:
	(1,1) ∞
	[0,0] ∞
1_59[52]:
	(1,1) 94
	[0,0] 9
1_60[52]:
	(1,1) ∞
	[0,0] ∞
1_61[53]:
	(1,1) 21
	[0,0] 3
1_62[53]:
	(1,1) ∞
	[0,0] ∞
1_63[28]:
	(1,1) 63
	[0,0] 4
1_64[28]:
	(1,1) ∞
	[0,0] ∞
1_65[30]:
	(1,1) 116
	[0,0] 6
1_66[30]:
	(1,1) ∞
	[0,0] ∞
1_67[31]:
	(1,1) 70
	[0,0] 5
1_68[31]:
	(1,1) ∞
	[0,0] ∞
1_69[32]:
	(1,1) 92
	[0,0] 8
1_70[32]:
	(1,1) ∞
	[0,0] ∞
1_71[33]:
	(1,1) 123
	[0,0] 7
1_72[33]:
	(1,1) ∞
	[0,0] ∞
1_73[34]:
	(1,1) 77
	[0,0] 6
1_74[34]:
	(1,1) ∞
	[0,0] ∞
1_75[29]:
	(1,1) 85
	[0,0] 7
1_76[29]:
	(1,1) ∞
	[0,0] ∞
1_77[37]:
	(1,1) 84
	[0,0] 7
1_78[37]:
	(1,1) ∞
	[0,0] ∞
1_79[38]:
	(1,1) 106
	[0,0] 10
1_80[38]:
	(1,1) ∞
	[0,0] ∞
1_81[39]:
	(1,1) 137
	[0,0] 9
1_82[39]:
	(1,1) ∞
	[0,0] ∞
1_83[36]:
	(1,1) 130
	[0,0] 8
1_84[36]:
	(1,1) ∞
	[0,0] ∞
1_85[35]:
	(1,1) 99
	[0,0] 9
1_86[35]:
	(1,1) ∞
	[0,0] ∞
2_1[25]:
	(1,1) 57
	[0,0] 3
2_2[26]:
	(1,1) 79
	[0,0] 6
2_3[27]:
	(1,1) 110
	[0,0] 5
2_4[23]:
	(1,1) 78
	[0,0] 6
2_5[24]:
	(1,1) 109
	[0,0] 5
2_6[22]:
	(1,1) 56
	[0,0] 3
2_7[57]:
	(1,1) 14
	[0,0] 2
2_8[56]:
	(1,1) 87
	[0,0] 8
2_9[62]:
	(1,1) 85078
	[0,0] 7006
2_10[59]:
	(1,1) 85078
	[0,0] 7006
2_11[60]:
	(1,1) 85078
	[0,0] 7006
2_12[61]:
	(1,1) 85076
	[0,0] 7006
2_13[65]:
	(1,1) 85073
	[0,0] 7006
2_14[63]:
	(1,1) 85073
	[0,0] 7006
2_15[64]:
	(1,1) 85073
	[0,0] 7006
2_16[58]:
	(1,1) 85078
	[0,0] 7006
2_17[66]:
	(1,1) 85073
	[0,0] 7006
2_18[67]:
	(1,1) 85073
	[0,0] 7006
2_19[41]:
	(1,1) 93
	[0,0] 9
2_20[42]:
	(1,1) 144
	[0,0] 10
2_21[43]:
	(1,1) 124
	[0,0] 8
2_22[45]:
	(1,1) 198
	[0,0] 12
2_23[40]:
	(1,1) 72
	[0,0] 6
2_24[44]:
	(1,1) 175
	[0,0] 9
2_25[46]:
	(1,1) 249
	[0,0] 13
2_26[48]:
	(1,1) 11
	[0,0] 2
2_27[49]:
	(1,1) 11
	[0,0] 2
2_28[50]:
	(1,1) 11
	[0,0] 2
2_29[51]:
	(1,1) 11
	[0,0] 2
2_30[52]:
	(1,1) 94
	[0,0] 9
2_31[53]:
	(1,1) 21
	[0,0] 3
2_32[28]:
	(1,1) 63
	[0,0] 4
2_33[30]:
	(1,1) 116
	[0,0] 6
2_34[31]:
	(1,1) 70
	[0,0] 5
2_35[32]:
	(1,1) 92
	[0,0] 8
2_36[33]:
	(1,1) 123
	[0,0] 7
2_37[34]:
	(1,1) 77
	[0,0] 6
2_38[29]:
	(1,1) 85
	[0,0] 7
2_39[37]:
	(1,1) 84
	[0,0] 7
2_40[38]:
	(1,1) 106
	[0,0] 10
2_41[39]:
	(1,1) 137
	[0,0] 9
2_42[36]:
	(1,1) 130
	[0,0] 8
2_43[35]:
	(1,1) 99
	[0,0] 9
3_1[190]:
	(1,1) 63
	[0,0] 3
3_2[189]:
	(1,1) 116
	[0,0] 5
3_3[188]:
	(1,1) 85
	[0,0] 6
3_4[138]:
	(1,1) 7
	[0,0] 1
5_1[265]:
	(1,1) 14
	[0,0] 1
5_2[257]:
	(1,1) 22
	[0,0] 2
5_3[140]:
	(1,1) 196
	[0,0] 8
6_1[220]:
	(1,1) 69
	[0,0] 5
6_2[150]:
	(1,1) 7
	[0,0] 1
7_1[228]:
	(1,1) 141
	[0,0] 9
7_2[142]:
	(1,1) 7
	[0,0] 1
8_1[245]:
	(1,1) 144
	[0,0] 9
8_2[146]:
	(1,1) 7
	[0,0] 1
9_1[218]:
	(1,1) 194
	[0,0] 10
9_2[141]:
	(1,1) 7
	[0,0] 1
10_1[249]:
	(1,1) 174
	[0,0] 8
10_2[145]:
	(1,1) 145
	[0,0] 7
11_1[223]:
	(1,1) 174
	[0,0] 8
11_2[149]:
	(1,1) 145
	[0,0] 7
14_1[247]:
	(1,1) 122
	[0,0] 6
14_2[153]:
	(1,1) 93
	[0,0] 5
17_1[250]:
	(1,1) 248
	[0,0] 12
17_2[148]:
	(1,1) 246
	[0,0] 12
23_1[164]:
	(3,75) 7
	[1,5] 1
23_2[137]:
	(3,75) 64
	[1,5] 4
23_3[134]:
	(3,75) 66
	[1,5] 4
24_1[216]:
	(3,106) 64
	[1,4] 4
24_2[214]:
	(3,106) 87
	[1,4] 7
24_3[213]:
	(3,106) 138
	[1,4] 8
24_4[209]:
	(3,106) 66
	[1,4] 4
24_5[163]:
	(3,106) 7
	[1,4] 1
22_1[165]:
	(3,53) 7
	[1,2] 1
22_2[137]:
	(3,53) 64
	[1,2] 4
22_3[135]:
	(3,53) 87
	[1,2] 7
319_1[24]:
	(3,103) 3
	[0,3] 1
319_2[320]:
	(3,103) 6
	[0,3] 1
318_1[22]:
	(3,50) 3
	[0,1] 1
318_2[322]:
	(3,50) 6
	[0,1] 1
317_1[23]:
	(3,72) 3
	[0,4] 1
317_2[321]:
	(3,72) 6
	[0,4] 1
62_1[175]:
	(3,1357) 168787
	[1,112] 13898
62_2[95]:
	(3,1357) 84396
	[1,112] 6950
62_3[118]:
	(3,1357) 83814
	[1,112] 6901
62_4[107]:
	(3,1357) 83718
	[1,112] 6893
59_1[174]:
	(3,167) 169977
	[1,14] 13996
59_2[109]:
	(3,167) 85002
	[1,14] 6999
59_3[104]:
	(3,167) 84908
	[1,14] 6991
60_1[184]:
	(3,337) 169807
	[1,28] 13982
60_2[112]:
	(3,337) 84834
	[1,28] 6985
60_3[101]:
	(3,337) 84738
	[1,28] 6977
61_1[183]:
	(3,677) 169465
	[1,56] 13954
61_2[95]:
	(3,677) 84396
	[1,56] 6950
61_3[115]:
	(3,677) 84492
	[1,56] 6957
61_4[108]:
	(3,677) 84398
	[1,56] 6949
65_1[143]:
	(3,10877) 159262
	[1,896] 13114
65_2[91]:
	(3,10877) 74193
	[1,896] 6109
65_3[127]:
	(3,10877) 74289
	[1,896] 6117
65_4[102]:
	(3,10877) 74198
	[1,896] 6109
63_1[151]:
	(3,2717) 167422
	[1,224] 13786
63_2[93]:
	(3,2717) 82353
	[1,224] 6781
63_3[121]:
	(3,2717) 82449
	[1,224] 6789
63_4[100]:
	(3,2717) 82358
	[1,224] 6781
64_1[182]:
	(3,5437) 164702
	[1,448] 13562
64_2[92]:
	(3,5437) 79633
	[1,448] 6557
64_3[124]:
	(3,5437) 79729
	[1,448] 6565
64_4[103]:
	(3,5437) 79638
	[1,448] 6557
58_1[266]:
	(3,81) 85077
	[1,7] 7004
58_2[166]:
	(3,81) 170063
	[1,7] 14003
58_3[109]:
	(3,81) 85002
	[1,7] 6999
58_4[105]:
	(3,81) 84994
	[1,7] 6998
66_1[172]:
	(3,21757) 148382
	[1,1792] 12218
66_2[90]:
	(3,21757) 63313
	[1,1792] 5213
66_3[130]:
	(3,21757) 63409
	[1,1792] 5221
66_4[106]:
	(3,21757) 63318
	[1,1792] 5213
67_1[152]:
	(3,43514) 126625
	[1,3584] 10426
67_2[94]:
	(3,43514) 41556
	[1,3584] 3421
67_3[331]:
	(3,43514) 41646
	[1,3584] 3428
305_1[310]:
	(17,20) 82
	[3,0] 6
305_2[309]:
	(17,20) 130
	[3,0] 8
305_3[308]:
	(17,20) 103
	[3,0] 6
305_4[304]:
	(17,20) 38
	[3,0] 2
263_1[289]:
	(73,4) 85002
	[5,0] 7000
263_2[287]:
	(73,4) 85002
	[5,0] 7000
263_3[285]:
	(73,4) 85007
	[5,0] 7000
263_4[283]:
	(73,4) 85007
	[5,0] 7000
263_5[281]:
	(73,4) 85005
	[5,0] 7000
263_6[279]:
	(73,4) 85002
	[5,0] 7000
263_7[273]:
	(73,4) 85002
	[5,0] 7000
263_8[271]:
	(73,4) 85007
	[5,0] 7000
263_9[266]:
	(73,4) 85007
	[5,0] 7000
263_10[264]:
	(73,4) 85002
	[5,0] 7000
262_1[291]:
	(85058,4) 85081
	[7004,0] 7006
262_2[288]:
	(85058,4) 85086
	[7004,0] 7006
262_3[286]:
	(85058,4) 85086
	[7004,0] 7006
262_4[284]:
	(85058,4) 85086
	[7004,0] 7006
262_5[282]:
	(85058,4) 85084
	[7004,0] 7006
262_6[280]:
	(85058,4) 85086
	[7004,0] 7006
262_7[276]:
	(85058,4) 85081
	[7004,0] 7006
262_8[275]:
	(85058,4) 85081
	[7004,0] 7006
262_9[274]:
	(85058,4) 85081
	[7004,0] 7006
262_10[272]:
	(85058,4) 85081
	[7004,0] 7006
257_1[265]:
	(2,10) 13
	[0,1] 1
257_2[258]:
	(2,10) 23
	[0,1] 2
255_1[277]:
	(13,72) 76
	[2,5] 6
255_2[256]:
	(13,72) 107
	[2,5] 10
251_1[257]:
	(8,85055) 15
	[1,7004] 1
251_2[255]:
	(8,85055) 140
	[1,7004] 10
248_1[263]:
	(66,3) 85009
	[4,0] 7001
248_2[262]:
	(66,3) 170073
	[4,0] 14006
240_1[311]:
	(3,169) 28
	[0,7] 1
240_2[242]:
	(3,169) 55
	[0,7] 2
237_1[244]:
	(3,118) 108
	[0,6] 4
237_2[241]:
	(3,118) 28
	[0,6] 1
236_1[242]:
	(3,66) 55
	[0,4] 2
236_2[133]:
	(3,66) 28
	[0,4] 1
228_1[243]:
	(2,86) 56
	[0,7] 2
228_2[229]:
	(2,86) 59
	[0,7] 2
227_1[277]:
	(63,12) 26
	[4,2] 4
227_2[255]:
	(63,12) 85
	[4,2] 7
227_3[251]:
	(63,12) 85007
	[4,2] 7001
227_4[248]:
	(63,12) 85012
	[4,2] 7001
28_1[54]:
	(3,60) 1
	[1,3] 0
28_2[176]:
	(3,60) 7
	[1,3] 1
29_1[55]:
	(3,82) 1
	[1,6] 0
29_2[147]:
	(3,82) 7
	[1,6] 1
211_1[225]:
	(240,6) 6
	[11,1] 1
211_2[222]:
	(240,6) 58
	[11,1] 2
210_1[231]:
	(63,7) 6
	[4,1] 1
210_2[236]:
	(63,7) 31
	[4,1] 1
210_3[219]:
	(63,7) 60
	[4,1] 2
208_1[230]:
	(189,6) 6
	[10,1] 1
208_2[239]:
	(189,6) 58
	[10,1] 2
208_3[226]:
	(189,6) 60
	[10,1] 2
216_1[244]:
	(55,11) 56
	[2,3] 2
216_2[217]:
	(55,11) 59
	[2,3] 2
215_1[240]:
	(166,5) 31
	[7,1] 1
215_2[221]:
	(166,5) 6
	[7,1] 1
214_1[232]:
	(84,6) 6
	[7,1] 1
214_2[238]:
	(84,6) 31
	[7,1] 1
214_3[228]:
	(84,6) 58
	[7,1] 2
213_1[235]:
	(135,6) 58
	[8,1] 2
213_2[234]:
	(135,6) 6
	[8,1] 1
213_3[218]:
	(135,6) 60
	[8,1] 2
212_1[269]:
	(5,239) 106
	[1,11] 3
212_2[267]:
	(5,239) 53
	[1,11] 1
212_3[211]:
	(5,239) 7
	[1,11] 1
209_1[227]:
	(6,62) 32
	[1,4] 5
209_2[210]:
	(6,62) 7
	[1,4] 1
207_1[227]:
	(5,188) 33
	[1,10] 5
207_2[208]:
	(5,188) 7
	[1,10] 1
206_1[233]:
	(115,5) 31
	[6,1] 1
206_2[237]:
	(115,5) 31
	[6,1] 1
206_3[224]:
	(115,5) 6
	[6,1] 1
206_4[223]:
	(115,5) 60
	[6,1] 2
168_1[278]:
	(85,4) 94
	[7,1] 8
168_2[200]:
	(85,4) 6
	[7,1] 1
167_1[290]:
	(12,4) 21
	[1,1] 2
167_2[199]:
	(12,4) 6
	[1,1] 1
165_1[310]:
	(54,4) 45
	[2,1] 7
165_2[187]:
	(54,4) 6
	[2,1] 1
165_3[136]:
	(54,4) 87
	[2,1] 7
165_4[134]:
	(54,4) 15
	[2,1] 3
164_1[308]:
	(76,4) 44
	[5,1] 4
164_2[191]:
	(76,4) 6
	[5,1] 1
164_3[136]:
	(76,4) 65
	[5,1] 4
164_4[135]:
	(76,4) 14
	[5,1] 3
163_1[309]:
	(107,4) 40
	[4,1] 7
163_2[215]:
	(107,4) 65
	[4,1] 4
163_3[212]:
	(107,4) 139
	[4,1] 8
163_4[207]:
	(107,4) 88
	[4,1] 7
163_5[206]:
	(107,4) 14
	[4,1] 3
163_6[185]:
	(107,4) 6
	[4,1] 1
142_1[238]:
	(2,2) 113
	[0,0] 8
142_2[203]:
	(2,2) 6
	[0,0] 1
141_1[235]:
	(2,2) 191
	[0,0] 10
141_2[201]:
	(2,2) 6
	[0,0] 1
139_1[262]:
	(84991,7) 85148
	[7000,1] 7010
139_2[251]:
	(84991,7) 79
	[7000,1] 5
138_1[319]:
	(2,2) 104
	[0,0] 4
138_2[318]:
	(2,2) 51
	[0,0] 2
138_3[317]:
	(2,2) 73
	[0,0] 5
138_4[307]:
	(2,2) 9
	[0,0] 1
138_5[306]:
	(2,2) 82
	[0,0] 7
138_6[248]:
	(2,2) 85073
	[0,0] 7005
138_7[234]:
	(2,2) 139
	[0,0] 9
138_8[232]:
	(2,2) 88
	[0,0] 8
138_9[231]:
	(2,2) 67
	[0,0] 5
138_10[230]:
	(2,2) 193
	[0,0] 11
138_11[225]:
	(2,2) 244
	[0,0] 12
138_12[224]:
	(2,2) 119
	[0,0] 7
138_13[221]:
	(2,2) 170
	[0,0] 8
138_14[205]:
	(2,2) 101
	[0,0] 9
138_15[204]:
	(2,2) 6
	[0,0] 1
138_16[203]:
	(2,2) 6
	[0,0] 1
138_17[202]:
	(2,2) 6
	[0,0] 1
138_18[201]:
	(2,2) 6
	[0,0] 1
138_19[200]:
	(2,2) 89
	[0,0] 8
138_20[199]:
	(2,2) 16
	[0,0] 2
138_21[198]:
	(2,2) 118
	[0,0] 6
138_22[197]:
	(2,2) 87
	[0,0] 7
138_23[196]:
	(2,2) 65
	[0,0] 4
138_24[195]:
	(2,2) 72
	[0,0] 5
138_25[194]:
	(2,2) 125
	[0,0] 7
138_26[193]:
	(2,2) 132
	[0,0] 8
138_27[192]:
	(2,2) 94
	[0,0] 8
138_28[191]:
	(2,2) 80
	[0,0] 6
138_29[187]:
	(2,2) 58
	[0,0] 3
138_30[186]:
	(2,2) 79
	[0,0] 6
138_31[185]:
	(2,2) 111
	[0,0] 5
137_1[216]:
	(7,54) 60
	[2,2] 3
137_2[206]:
	(7,54) 114
	[2,2] 5
136_1[213]:
	(131,5) 10
	[7,1] 2
136_2[212]:
	(131,5) 115
	[7,1] 5
135_1[214]:
	(80,5) 10
	[6,1] 2
135_2[207]:
	(80,5) 115
	[6,1] 5
134_1[215]:
	(58,5) 114
	[3,1] 5
134_2[209]:
	(58,5) 11
	[3,1] 2
133_1[260]:
	(7,67) 104
	[0,4] 4
133_2[259]:
	(7,67) 24
	[0,4] 1
132_1[313]:
	(25,19) 86
	[0,3] 4
132_2[312]:
	(25,19) 33
	[0,3] 2
332_1[263]:
	(6,84990) 85069
	[1,7000] 7004
332_2[139]:
	(6,84990) 80
	[1,7000] 5
131_1[331]:
	(5,43431) 41644
	[1,3577] 3428
131_2[330]:
	(5,43431) 85070
	[1,3577] 7004
128_1[130]:
	(5,21671) 63407
	[1,1785] 5221
128_2[329]:
	(5,21671) 85070
	[1,1785] 7004
128_3[129]:
	(5,21671) 63404
	[1,1785] 5220
125_1[127]:
	(5,10791) 74287
	[1,889] 6117
125_2[328]:
	(5,10791) 85070
	[1,889] 7004
125_3[126]:
	(5,10791) 74284
	[1,889] 6116
122_1[124]:
	(5,5351) 79727
	[1,441] 6565
122_2[327]:
	(5,5351) 85070
	[1,441] 7004
122_3[123]:
	(5,5351) 79724
	[1,441] 6564
119_1[121]:
	(5,2631) 82447
	[1,217] 6789
119_2[326]:
	(5,2631) 85075
	[1,217] 7004
119_3[120]:
	(5,2631) 82444
	[1,217] 6788
116_1[118]:
	(5,1271) 83812
	[1,105] 6901
116_2[325]:
	(5,1271) 85073
	[1,105] 7004
116_3[117]:
	(5,1271) 83804
	[1,105] 6900
113_1[115]:
	(5,591) 84490
	[1,49] 6957
113_2[324]:
	(5,591) 85075
	[1,49] 7004
113_3[114]:
	(5,591) 84484
	[1,49] 6956
110_1[112]:
	(5,251) 84832
	[1,21] 6985
110_2[323]:
	(5,251) 85075
	[1,21] 7004
110_3[111]:
	(5,251) 84824
	[1,21] 6984

-----------------------------------
Sum of T(sa0)s: ∞
Sum of T(sa1)s: ∞
Testability index: ∞