0:
	(1,1) ∞
	[0,0] ∞
1:
	(1,1) 52
	[0,0] 12
x:
	(1,1) ∞
	[0,0] ∞
2:
	(1,1) 52
	[0,0] 12
3:
	(1,1) 48
	[0,0] 11
4:
	(1,1) 51
	[0,0] 11
5:
	(1,1) 66
	[0,0] 12
6:
	(1,1) 66
	[0,0] 12
7:
	(1,1) 66
	[0,0] 12
8:
	(1,1) 66
	[0,0] 12
9:
	(1,1) 66
	[0,0] 12
10:
	(1,1) 66
	[0,0] 12
11:
	(1,1) 66
	[0,0] 12
12:
	(1,1) ∞
	[0,0] ∞
13:
	(1,1) ∞
	[0,0] ∞
14:
	(1,1) ∞
	[0,0] ∞
15:
	(1,1) ∞
	[0,0] ∞
16:
	(1,1) ∞
	[0,0] ∞
17:
	(1,1) ∞
	[0,0] ∞
18:
	(1,1) ∞
	[0,0] ∞
19:
	(1,1) ∞
	[0,0] ∞
20:
	(1,1) ∞
	[0,0] ∞
21:
	(1,1) ∞
	[0,0] ∞
22:
	(1,1) ∞
	[0,0] ∞
23:
	(1,1) ∞
	[0,0] ∞
24:
	(1,1) ∞
	[0,0] ∞
25:
	(1,1) ∞
	[0,0] ∞
26:
	(1,1) ∞
	[0,0] ∞
27:
	(1,1) ∞
	[0,0] ∞
28:
	(1,1) ∞
	[0,0] ∞
29:
	(1,1) ∞
	[0,0] ∞
30:
	(1,1) ∞
	[0,0] ∞
31:
	(1,1) ∞
	[0,0] ∞
32:
	(1,1) ∞
	[0,0] ∞
33:
	(1,1) ∞
	[0,0] ∞
34:
	(1,1) ∞
	[0,0] ∞
35:
	(1,1) ∞
	[0,0] ∞
36:
	(1,1) ∞
	[0,0] ∞
37:
	(1,1) ∞
	[0,0] ∞
38:
	(1,1) ∞
	[0,0] ∞
39:
	(1,1) ∞
	[0,0] ∞
40:
	(1,1) ∞
	[0,0] ∞
41:
	(1,1) ∞
	[0,0] ∞
42:
	(1,1) ∞
	[0,0] ∞
43:
	(1,1) ∞
	[0,0] ∞
44:
	(1,1) ∞
	[0,0] ∞
45:
	(1,1) ∞
	[0,0] ∞
46:
	(1,1) ∞
	[0,0] ∞
47:
	(1,1) ∞
	[0,0] ∞
48:
	(1,1) ∞
	[0,0] ∞
49:
	(1,1) ∞
	[0,0] ∞
50:
	(1,1) ∞
	[0,0] ∞
51:
	(1,1) ∞
	[0,0] ∞
52:
	(1,1) ∞
	[0,0] ∞
53:
	(1,1) ∞
	[0,0] ∞
54:
	(1,1) ∞
	[0,0] ∞
55:
	(1,1) ∞
	[0,0] ∞
56:
	(1,1) ∞
	[0,0] ∞
57:
	(1,1) ∞
	[0,0] ∞
58:
	(1,1) ∞
	[0,0] ∞
59:
	(1,1) ∞
	[0,0] ∞
60:
	(1,1) ∞
	[0,0] ∞
61:
	(1,1) ∞
	[0,0] ∞
62:
	(1,1) ∞
	[0,0] ∞
63:
	(1,1) ∞
	[0,0] ∞
64:
	(1,1) ∞
	[0,0] ∞
65:
	(1,1) ∞
	[0,0] ∞
66:
	(1,1) ∞
	[0,0] ∞
67:
	(1,1) ∞
	[0,0] ∞
68:
	(1,1) ∞
	[0,0] ∞
69:
	(1,1) ∞
	[0,0] ∞
70:
	(1,1) ∞
	[0,0] ∞
71:
	(1,1) ∞
	[0,0] ∞
72:
	(1,1) ∞
	[0,0] ∞
73:
	(1,1) ∞
	[0,0] ∞
74:
	(1,1) ∞
	[0,0] ∞
75:
	(1,1) ∞
	[0,0] ∞
76:
	(1,1) ∞
	[0,0] ∞
77:
	(1,1) ∞
	[0,0] ∞
78:
	(1,1) ∞
	[0,0] ∞
79:
	(1,1) ∞
	[0,0] ∞
80:
	(1,1) ∞
	[0,0] ∞
81:
	(1,1) ∞
	[0,0] ∞
82:
	(1,1) ∞
	[0,0] ∞
83:
	(1,1) ∞
	[0,0] ∞
84:
	(1,1) ∞
	[0,0] ∞
85:
	(1,1) ∞
	[0,0] ∞
86:
	(1,1) ∞
	[0,0] ∞
87:
	(1,1) ∞
	[0,0] ∞
88:
	(1,1) ∞
	[0,0] ∞
89:
	(1,1) ∞
	[0,0] ∞
90:
	(1,1) ∞
	[0,0] ∞
91:
	(1,1) ∞
	[0,0] ∞
92:
	(1,1) ∞
	[0,0] ∞
93:
	(1,1) ∞
	[0,0] ∞
94:
	(1,1) ∞
	[0,0] ∞
95:
	(1,1) ∞
	[0,0] ∞
96:
	(1,1) ∞
	[0,0] ∞
97:
	(1,1) ∞
	[0,0] ∞
98:
	(1,1) ∞
	[0,0] ∞
99:
	(1,1) ∞
	[0,0] ∞
100:
	(1,1) ∞
	[0,0] ∞
101:
	(1,1) ∞
	[0,0] ∞
102:
	(1,1) ∞
	[0,0] ∞
103:
	(1,1) ∞
	[0,0] ∞
104:
	(1,1) ∞
	[0,0] ∞
105:
	(1,1) ∞
	[0,0] ∞
106:
	(1,1) ∞
	[0,0] ∞
107:
	(1,1) ∞
	[0,0] ∞
108:
	(1,1) ∞
	[0,0] ∞
109:
	(1,1) ∞
	[0,0] ∞
110:
	(1,1) ∞
	[0,0] ∞
111:
	(1,1) ∞
	[0,0] ∞
112:
	(1,1) ∞
	[0,0] ∞
113:
	(1,1) ∞
	[0,0] ∞
114:
	(1,1) ∞
	[0,0] ∞
115:
	(1,1) ∞
	[0,0] ∞
116:
	(1,1) ∞
	[0,0] ∞
117:
	(1,1) ∞
	[0,0] ∞
118:
	(1,1) ∞
	[0,0] ∞
119:
	(1,1) ∞
	[0,0] ∞
120:
	(1,1) ∞
	[0,0] ∞
121:
	(1,1) ∞
	[0,0] ∞
122:
	(1,1) ∞
	[0,0] ∞
123:
	(1,1) ∞
	[0,0] ∞
124:
	(1,1) ∞
	[0,0] ∞
125:
	(1,1) ∞
	[0,0] ∞
126:
	(1,1) ∞
	[0,0] ∞
127:
	(1,1) ∞
	[0,0] ∞
128:
	(1,1) ∞
	[0,0] ∞
129:
	(1,1) ∞
	[0,0] ∞
130:
	(1,1) ∞
	[0,0] ∞
131:
	(1,1) ∞
	[0,0] ∞
752:
	(18361,7) 103
	[2631,2] 19
551:
	(5,11430) 439
	[1,1638] 71
383:
	(3,5947386) 135
	[1,851968] 27
473:
	(7,1450) 17561
	[2,208] 2524
778:
	(385654,5) 1634747
	[55257,1] 234233
391:
	(3,8) 47
	[1,2] 10
988:
	(6,4) 107
	[1,1] 19
783:
	(12,7) 46
	[3,2] 10
1015:
	(2,8) 105
	[0,1] 19
810:
	(185847,13) 141
	[26623,2] 28
498:
	(15,16383) 55227
	[4,2048] 7921
794:
	(743415,13) 141
	[106495,2] 28
567:
	(371527,6) 372037
	[53222,1] 53303
310:
	(3,73449) 95
	[1,10524] 17
162:
	(44,50) 0
	[10,11] 0
608:
	(1005,6) 70243
	[126,1] 9801
193:
	(44,50) 0
	[10,11] 0
689:
	(128556,9) 1891850
	[18420,2] 271071
236:
	(3,21) 40
	[1,3] 9
746:
	(7,2894) 6608
	[1,415] 955
1022:
	(5,5) 50
	[1,1] 11
562:
	(92743,9) 322
	[13286,2] 54
482:
	(5,18326) 133
	[1,2626] 27
336:
	(3,15) 40
	[1,3] 9
139:
	(43,49) 0
	[10,11] 0
916:
	(4,17) 50
	[0,2] 10
756:
	(3,26) 9434
	[0,3] 1356
301:
	(3,8189) 63056
	[1,1024] 8902
294:
	(3,61) 71187
	[1,8] 9919
307:
	(3,524282) 55239
	[1,65536] 7924
612:
	(2029,9) 69216
	[254,2] 9672
584:
	(510,4) 70738
	[64,1] 9863
491:
	(7,65534) 55235
	[2,8192] 7923
1003:
	(5,2) 67
	[1,0] 12
489:
	(2046,4) 69199
	[256,1] 9670
751:
	(3,6) 43
	[0,1] 10
947:
	(16012,31) 55211
	[2002,7] 7918
922:
	(11,18) 43
	[0,2] 10
476:
	(7,185854) 131
	[2,26624] 26
654:
	(9,4) 58
	[2,1] 10
607:
	(5,1004) 70244
	[1,126] 9801
827:
	(4,16378) 55242
	[0,2047] 7925
782:
	(5,3) 47
	[0,0] 11
1012:
	(2,14) 60
	[0,2] 12
137:
	(44,50) 0
	[10,11] 0
915:
	(4,17) 50
	[0,2] 10
641:
	(385655,9) 1634751
	[55257,2] 234234
712:
	(46462,4) 157
	[6656,1] 30
624:
	(32749,9) 55255
	[4094,2] 7926
869:
	(18373,5) 129
	[2633,1] 25
773:
	(5,11622) 262
	[1,1665] 45
368:
	(3,177) 9326
	[1,26] 1345
709:
	(92926,4) 157
	[13312,1] 30
693:
	(73450,4) 182
	[10524,1] 31
978:
	(10,92749) 316
	[2,13287] 53
636:
	(128549,4) 1891857
	[18419,1] 271072
951:
	(8,19) 71229
	[2,3] 9924
463:
	(3,5) 108
	[1,1] 19
570:
	(743239,6) 743749
	[106470,1] 106551
994:
	(12,4) 79
	[2,1] 14
744:
	(7,92918) 147
	[1,13311] 29
701:
	(1028419,4) 991982
	[147352,1] 142138
1004:
	(5,2) 111
	[1,0] 20
208:
	(3,36) 9424
	[1,5] 1354
540:
	(541,6) 8964
	[78,1] 1293
834:
	(3,357) 9146
	[0,51] 1320
285:
	(3,18373) 91
	[1,2633] 17
306:
	(3,262141) 55239
	[1,32768] 7924
565:
	(185671,9) 322
	[26598,2] 54
557:
	(5,46278) 326
	[1,6630] 55
611:
	(2029,6) 69219
	[254,1] 9673
668:
	(92750,11) 315
	[13287,2] 53
376:
	(3,46461) 135
	[1,6656] 27
173:
	(44,50) 0
	[10,11] 0
490:
	(1022,4) 70223
	[128,1] 9798
520:
	(6,9252) 245
	[1,1326] 43
801:
	(11607,13) 254
	[1663,2] 44
863:
	(7,514202) 1506204
	[1,73675] 215816
830:
	(11,36729) 18491
	[2,5262] 2656
874:
	(19,13) 67
	[3,2] 13
319:
	(3,1028418) 991983
	[1,147352] 142138
931:
	(18364,7) 36
	[2632,2] 8
260:
	(3,21) 40
	[1,3] 9
650:
	(9,4) 58
	[2,1] 10
478:
	(5,903) 17563
	[1,130] 2525
297:
	(3,509) 70736
	[1,64] 9862
968:
	(10,385661) 1634745
	[2,55258] 234233
228:
	(3,21) 40
	[1,3] 9
594:
	(13,7) 71235
	[2,2] 9925
960:
	(10,16371) 55249
	[2,2047] 7925
140:
	(44,50) 0
	[10,11] 0
774:
	(5,5814) 3706
	[1,833] 539
934:
	(51,6) 9409
	[7,1] 1352
927:
	(11,18) 43
	[0,2] 10
809:
	(18385,5) 55193
	[2635,1] 7912
153:
	(44,50) 0
	[10,11] 0
510:
	(7,743422) 244
	[2,106496] 42
152:
	(44,50) 0
	[10,11] 0
564:
	(185671,6) 186181
	[26598,1] 26679
705:
	(23230,4) 157
	[3328,1] 30
147:
	(43,49) 0
	[10,11] 0
819:
	(7,71100) 123
	[1,9895] 25
866:
	(257097,13) 1763304
	[36837,2] 252653
717:
	(44,4) 9416
	[6,1] 1353
194:
	(44,50) 0
	[10,11] 0
855:
	(3,18370) 94
	[0,2632] 18
920:
	(11,18) 43
	[0,2] 10
1017:
	(9,7) 143
	[2,2] 26
288:
	(3,18) 40
	[1,4] 9
764:
	(5,23238) 149
	[1,3329] 29
822:
	(4,250) 70998
	[0,31] 9896
185:
	(44,50) 0
	[10,11] 0
560:
	(5,92742) 326
	[1,13286] 55
786:
	(717,13) 8788
	[103,2] 1268
181:
	(44,50) 0
	[10,11] 0
912:
	(4,17) 50
	[0,2] 10
707:
	(51,4) 9409
	[7,1] 1352
942:
	(30,4) 9430
	[4,1] 1355
596:
	(45,6) 71203
	[6,1] 9921
585:
	(4094,4) 67154
	[512,1] 9415
898:
	(6,38) 48
	[0,6] 10
696:
	(128549,4) 1891852
	[18419,1] 271071
651:
	(9,4) 58
	[2,1] 10
885:
	(4,18379) 123
	[0,2633] 25
507:
	(5806,4) 3691
	[832,1] 537
381:
	(3,1486845) 135
	[1,212992] 27
132:
	(44,50) 0
	[10,11] 0
687:
	(548,11) 8962
	[79,2] 1293
569:
	(5,743238) 326
	[1,106470] 55
653:
	(9,4) 58
	[2,1] 10
698:
	(13,4) 18470
	[2,1] 2650
286:
	(3,55099) 77
	[1,7895] 14
464:
	(3,5) 113
	[1,1] 20
606:
	(493,9) 70752
	[62,2] 9864
967:
	(9,899870) 1120536
	[2,128934] 160557
903:
	(7,3) 60
	[0,0] 12
815:
	(4,8186) 63059
	[0,1023] 8903
759:
	(3,5) 9455
	[0,0] 1359
838:
	(3,2973690) 138
	[0,425983] 28
1014:
	(2,8) 127
	[0,1] 23
816:
	(4,506) 70739
	[0,63] 9863
807:
	(5,36728) 18497
	[1,5262] 2657
702:
	(257104,4) 1763297
	[36838,1] 252652
536:
	(178,4) 9327
	[26,1] 1345
634:
	(5,524268) 55253
	[1,65534] 7926
198:
	(3,22) 9438
	[1,3] 1356
686:
	(2,2) 18500
	[0,0] 2658
558:
	(46279,6) 46789
	[6630,1] 6711
458:
	(3,11) 80
	[1,2] 14
485:
	(510,4) 70735
	[64,1] 9862
800:
	(25,14) 18450
	[4,2] 2647
537:
	(743422,4) 743566
	[106496,1] 106525
515:
	(9,541) 8959
	[2,78] 1292
522:
	(26,9254) 225
	[6,1326] 38
370:
	(3,723) 8782
	[1,104] 1267
528:
	(5806,4) 6063
	[832,1] 877
1009:
	(2,14) 77
	[0,2] 14
888:
	(18347,71) 56
	[2629,13] 12
933:
	(13,7) 36
	[3,2] 8
631:
	(5,262124) 55259
	[1,32766] 7927
731:
	(3,12) 43
	[0,2] 10
959:
	(10,8179) 63066
	[2,1023] 8903
849:
	(3,128542) 86
	[0,18417] 16
848:
	(3,2898) 6599
	[0,415] 954
976:
	(10,371533) 316
	[2,53223] 53
244:
	(3,21) 40
	[1,3] 9
563:
	(5,185670) 326
	[1,26598] 55
145:
	(44,50) 0
	[10,11] 0
821:
	(3,17) 77
	[0,3] 15
525:
	(1450,4) 8055
	[208,1] 1163
659:
	(2036,11) 69209
	[255,2] 9671
595:
	(5,44) 71204
	[1,6] 9921
824:
	(4,4090) 67155
	[0,511] 9415
656:
	(9,4) 58
	[2,1] 10
789:
	(18367,8) 97
	[2632,2] 18
865:
	(6,36810) 124
	[1,5273] 25
452:
	(3,5) 64
	[1,1] 11
779:
	(1542630,5) 477771
	[221028,1] 68462
649:
	(9,4) 58
	[2,1] 10
472:
	(7,2973694) 131
	[2,425984] 26
175:
	(44,50) 0
	[10,11] 0
909:
	(5,73527) 105
	[0,10537] 18
669:
	(1486670,11) 315
	[212967,2] 53
471:
	(178,7) 18288
	[26,2] 2629
901:
	(5,36719) 116
	[0,5261] 21
487:
	(8190,4) 63055
	[1024,1] 8902
556:
	(23047,9) 322
	[3302,2] 54
496:
	(4605,5) 66640
	[576,1] 9350
753:
	(8,18362) 18418
	[2,2631] 2642
728:
	(5,73454) 18497
	[1,10525] 2657
975:
	(10,743245) 316
	[2,106471] 53
680:
	(2973518,11) 315
	[425959,2] 53
529:
	(46462,4) 46606
	[6656,1] 6685
501:
	(8333,5) 62912
	[1042,1] 8884
299:
	(3,2045) 69200
	[1,256] 9670
583:
	(62,4) 71186
	[8,1] 9919
509:
	(7,46462) 244
	[2,6656] 42
625:
	(5,65516) 55259
	[1,8190] 7927
581:
	(126,4) 71122
	[16,1] 9911
632:
	(262125,6) 317396
	[32766,1] 40694
948:
	(167,6) 9293
	[24,1] 1335
449:
	(3,17) 57
	[1,3] 11
714:
	(2902,4) 6618
	[416,1] 956
252:
	(3,21) 40
	[1,3] 9
736:
	(7,46454) 147
	[1,6655] 29
467:
	(3,5) 130
	[1,1] 23
1013:
	(2,14) 67
	[0,2] 12
154:
	(44,50) 0
	[10,11] 0
593:
	(65534,4) 120777
	[8192,1] 16117
532:
	(92926,4) 93070
	[13312,1] 13341
711:
	(11614,4) 270
	[1664,1] 46
998:
	(5,2) 67
	[1,0] 12
706:
	(5947387,4) 157
	[851968,1] 30
492:
	(7,16382) 55235
	[2,2048] 7923
658:
	(500,11) 70745
	[63,2] 9863
681:
	(32756,11) 55248
	[4095,2] 7925
828:
	(4,131066) 55242
	[0,16383] 7925
542:
	(5,1266) 8239
	[1,182] 1189
196:
	(3,8) 9452
	[1,1] 1358
474:
	(7,46462) 131
	[2,6656] 26
159:
	(44,50) 0
	[10,11] 0
808:
	(9428,11) 46
	[1351,2] 10
167:
	(44,50) 0
	[10,11] 0
197:
	(3,15) 9445
	[1,2] 1357
917:
	(12,73446) 98
	[0,10523] 18
814:
	(4,26) 71222
	[0,3] 9924
713:
	(1450,4) 8078
	[208,1] 1166
610:
	(5,2028) 69220
	[1,254] 9673
623:
	(32749,6) 88026
	[4094,1] 12023
166:
	(44,50) 0
	[10,11] 0
602:
	(237,6) 71011
	[30,1] 9897
135:
	(44,50) 0
	[10,11] 0
715:
	(1486846,4) 157
	[212992,1] 30
829:
	(4,262138) 55242
	[0,32767] 7925
309:
	(3,36723) 107
	[1,5262] 20
534:
	(2973694,4) 2973832
	[425984,1] 426012
925:
	(11,18) 43
	[0,2] 10
211:
	(3,57) 9403
	[1,8] 1351
771:
	(5,185862) 149
	[1,26625] 29
893:
	(6,38) 48
	[0,6] 10
895:
	(6,38) 48
	[0,6] 10
835:
	(8,3) 55168
	[1,0] 7908
727:
	(5,14) 73573
	[1,3] 10546
461:
	(3,17) 96
	[1,3] 17
170:
	(44,50) 0
	[10,11] 0
210:
	(3,50) 9410
	[1,7] 1352
694:
	(36724,4) 193
	[5262,1] 34
767:
	(33,5) 36901
	[4,1] 5294
568:
	(371527,9) 322
	[53222,2] 54
996:
	(6,4) 129
	[1,1] 23
946:
	(18330,42) 96
	[2626,10] 18
645:
	(9,4) 46
	[2,1] 10
666:
	(262132,11) 55248
	[32767,2] 7925
970:
	(30,16011) 55212
	[7,2002] 7918
627:
	(65517,9) 55255
	[8190,2] 7926
212:
	(3,21) 40
	[1,3] 9
973:
	(10,2973517) 316
	[2,425959] 53
684:
	(116,11) 71132
	[15,2] 9912
486:
	(4094,4) 67151
	[512,1] 9414
630:
	(131053,9) 55255
	[16382,2] 7926
633:
	(262125,9) 55255
	[32766,2] 7926
519:
	(19,185856) 232
	[5,26624] 39
958:
	(10,4083) 67162
	[2,511] 9415
725:
	(36728,5) 206
	[5263,1] 35
481:
	(12519,5) 5940
	[1794,1] 859
407:
	(3,8) 59
	[1,2] 10
682:
	(4084,11) 67161
	[511,2] 9415
882:
	(6,55113) 80
	[1,7897] 15
1024:
	(5,5) 62
	[1,1] 11
983:
	(10,2725) 6777
	[2,391] 979
513:
	(5,540) 8963
	[1,78] 1293
642:
	(5,899866) 1120540
	[1,128933] 160558
191:
	(44,50) 0
	[10,11] 0
954:
	(10,243) 71005
	[2,31] 9896
548:
	(5,5622) 3883
	[1,806] 565
908:
	(5,36801) 116
	[0,5275] 21
995:
	(12,4) 123
	[2,1] 22
459:
	(3,5) 86
	[1,1] 15
150:
	(44,50) 0
	[10,11] 0
1016:
	(9,7) 143
	[2,2] 26
174:
	(44,50) 0
	[10,11] 0
740:
	(7,5798) 3704
	[1,831] 539
575:
	(5,2973510) 326
	[1,425958] 55
511:
	(7,11614) 244
	[2,1664] 42
479:
	(904,13) 17555
	[130,3] 2523
660:
	(899871,10) 1120535
	[128934,2] 160557
146:
	(44,50) 0
	[10,11] 0
399:
	(3,8) 59
	[1,2] 10
587:
	(30,4) 71218
	[4,1] 9923
1027:
	(17,2) 133
	[4,0] 24
718:
	(30,4) 9430
	[4,1] 1355
457:
	(3,17) 74
	[1,3] 13
770:
	(5,371718) 149
	[1,53249] 29
178:
	(44,50) 0
	[10,11] 0
134:
	(44,50) 0
	[10,11] 0
979:
	(10,46285) 316
	[2,6631] 53
873:
	(128542,9) 46
	[18418,2] 10
148:
	(44,50) 0
	[10,11] 0
543:
	(1267,6) 8238
	[182,1] 1189
601:
	(5,236) 71012
	[1,30] 9897
763:
	(5,92934) 149
	[1,13313] 29
745:
	(7,2973686) 147
	[1,425983] 29
841:
	(5,18368) 73754
	[1,2632] 10574
974:
	(10,1486669) 316
	[2,212967] 53
980:
	(10,23053) 316
	[2,3303] 53
663:
	(131060,11) 55248
	[16383,2] 7925
703:
	(37,4) 9423
	[5,1] 1354
574:
	(1486663,9) 322
	[212966,2] 54
966:
	(46,9255) 205
	[11,1326] 33
1011:
	(2,8) 83
	[0,1] 15
839:
	(3,1486842) 138
	[0,212991] 28
580:
	(131070,4) 186313
	[16384,1] 24309
591:
	(16382,4) 71625
	[2048,1] 9973
733:
	(7,353) 9155
	[1,51] 1321
758:
	(3,12) 9448
	[0,1] 1358
850:
	(6,18391) 55187
	[1,2636] 7911
862:
	(7,1028411) 991995
	[1,147351] 142140
904:
	(3,75) 18397
	[0,13] 2639
913:
	(4,17) 50
	[0,2] 10
755:
	(3,33) 9427
	[0,4] 1355
674:
	(65524,11) 55248
	[8191,2] 7925
451:
	(3,5) 64
	[1,1] 11
871:
	(1028412,13) 991989
	[147351,2] 142139
621:
	(16365,9) 55255
	[2046,2] 7926
142:
	(44,50) 0
	[10,11] 0
590:
	(262142,4) 317379
	[32768,1] 40692
941:
	(45,39) 4
	[10,9] 1
468:
	(11614,4) 6845
	[1664,1] 989
798:
	(46455,13) 141
	[6655,2] 28
985:
	(10,547) 8963
	[2,79] 1293
856:
	(18371,4) 18464
	[2632,0] 2650
647:
	(2,2) 50
	[0,0] 11
907:
	(4,17) 50
	[0,2] 10
690:
	(385662,11) 1634744
	[55258,2] 234233
919:
	(8,18357) 43
	[0,2630] 10
997:
	(5,2) 94
	[1,0] 17
477:
	(15,185855) 123
	[4,26624] 24
545:
	(5,2718) 6787
	[1,390] 981
802:
	(5799,13) 3698
	[831,2] 538
721:
	(185854,4) 157
	[26624,1] 30
899:
	(6,38) 48
	[0,6] 10
530:
	(23230,4) 23374
	[3328,1] 3357
906:
	(7,7) 18393
	[1,0] 2639
614:
	(4077,6) 67171
	[510,1] 9417
961:
	(10,32755) 55249
	[2,4095] 7925
378:
	(3,185853) 135
	[1,26624] 27
781:
	(5,1486854) 149
	[1,212993] 29
804:
	(4,9) 43
	[0,1] 10
790:
	(175,12) 73584
	[25,2] 10550
883:
	(3,128545) 43
	[0,18418] 10
171:
	(43,49) 0
	[10,11] 0
526:
	(2902,4) 6603
	[416,1] 955
677:
	(8180,11) 63065
	[1023,2] 8903
950:
	(47,5) 9413
	[6,1] 1353
784:
	(171,10) 9332
	[25,2] 1346
854:
	(3,371706) 138
	[0,53247] 28
316:
	(3,128548) 40
	[1,18419] 9
672:
	(1012,11) 70233
	[127,2] 9799
936:
	(27,15) 28
	[6,4] 6
797:
	(92919,13) 141
	[13311,2] 28
531:
	(361,4) 9144
	[52,1] 1319
842:
	(3,185850) 138
	[0,26623] 28
456:
	(3,5) 69
	[1,1] 12
700:
	(23,4) 9437
	[3,1] 1356
160:
	(44,50) 0
	[10,11] 0
460:
	(3,5) 91
	[1,1] 16
423:
	(3,8) 59
	[1,2] 10
823:
	(4,122) 71126
	[0,15] 9912
846:
	(3,11610) 251
	[0,1663] 44
1006:
	(2,8) 67
	[0,1] 12
497:
	(14,11) 71234
	[2,3] 9925
859:
	(5,514216) 1506206
	[1,73677] 215816
969:
	(8,128555) 1891851
	[2,18420] 271071
518:
	(542,13) 8955
	[78,3] 1291
553:
	(11431,9) 435
	[1638,2] 70
209:
	(3,43) 9417
	[1,6] 1353
692:
	(18361,4) 141
	[2631,1] 27
769:
	(5,1458) 8070
	[1,209] 1165
691:
	(2726,11) 6776
	[391,2] 979
296:
	(3,253) 70995
	[1,32] 9895
867:
	(18341,58) 72
	[2628,12] 14
851:
	(3,174) 9329
	[0,25] 1346
788:
	(55087,9) 89
	[7893,2] 16
768:
	(5,743430) 149
	[1,106497] 29
144:
	(44,50) 0
	[10,11] 0
897:
	(6,38) 48
	[0,6] 10
924:
	(11,18) 43
	[0,2] 10
603:
	(237,9) 71011
	[30,2] 9897
506:
	(2902,4) 6595
	[416,1] 953
161:
	(44,50) 0
	[10,11] 0
646:
	(18374,4) 101
	[2633,1] 18
953:
	(10,115) 71133
	[2,15] 9912
151:
	(44,50) 0
	[10,11] 0
523:
	(11614,4) 11758
	[1664,1] 1693
730:
	(3,13) 43
	[0,2] 10
276:
	(3,16) 40
	[1,3] 9
1026:
	(15,17) 135
	[4,4] 24
726:
	(5,36771) 73754
	[1,5273] 10574
984:
	(10,1273) 8237
	[2,183] 1189
1019:
	(5,5) 62
	[1,1] 11
163:
	(43,49) 0
	[10,11] 0
508:
	(178,4) 9325
	[26,1] 1345
719:
	(2973694,4) 157
	[425984,1] 30
1020:
	(5,5) 62
	[1,1] 11
811:
	(128539,6) 89
	[18417,1] 16
190:
	(44,50) 0
	[10,11] 0
944:
	(44,4) 9416
	[6,1] 1353
766:
	(5,2973702) 149
	[1,425985] 29
616:
	(5,8172) 63076
	[1,1022] 8905
723:
	(10,7) 73568
	[2,2] 10545
382:
	(3,2973693) 135
	[1,425984] 27
597:
	(45,9) 71203
	[6,2] 9921
881:
	(3,1028415) 991986
	[0,147351] 142139
157:
	(44,50) 0
	[10,11] 0
1018:
	(5,5) 62
	[1,1] 11
1008:
	(2,14) 99
	[0,2] 18
293:
	(3,29) 71219
	[1,4] 9923
923:
	(11,18) 43
	[0,2] 10
762:
	(5,369) 9157
	[1,53] 1321
965:
	(9,524272) 55249
	[2,65535] 7925
369:
	(3,360) 9143
	[1,52] 1319
662:
	(524273,10) 55248
	[65535,2] 7925
872:
	(11,18369) 73748
	[2,2632] 10573
990:
	(12,4) 101
	[2,1] 18
541:
	(541,9) 8969
	[78,2] 1294
914:
	(4,17) 50
	[0,2] 10
538:
	(178,7) 9330
	[26,2] 1346
549:
	(5623,6) 6246
	[806,1] 903
617:
	(8173,6) 63450
	[1022,1] 8951
840:
	(3,743418) 138
	[0,106495] 28
853:
	(3,9431) 43
	[0,1351] 10
688:
	(20,9) 71228
	[3,2] 9924
480:
	(23,185856) 115
	[6,26624] 22
524:
	(1486846,4) 1486990
	[212992,1] 213021
592:
	(13,4) 71235
	[2,1] 9925
833:
	(3,720) 8785
	[0,103] 1268
678:
	(11438,11) 428
	[1639,2] 69
676:
	(46286,11) 315
	[6631,2] 53
837:
	(3,5947383) 138
	[0,851967] 28
747:
	(7,1442) 8068
	[1,207] 1165
708:
	(5806,4) 3714
	[832,1] 540
986:
	(8,184) 9324
	[2,27] 1345
655:
	(724,4) 8804
	[104,1] 1270
582:
	(254,4) 70994
	[32,1] 9895
431:
	(3,8) 59
	[1,2] 10
374:
	(3,11613) 248
	[1,1664] 43
572:
	(5,1486662) 326
	[1,212966] 55
757:
	(3,19) 9441
	[0,2] 1357
455:
	(3,5) 64
	[1,1] 11
825:
	(4,32762) 55242
	[0,4095] 7925
453:
	(3,17) 64
	[1,3] 11
792:
	(2973687,13) 141
	[425983,2] 28
589:
	(32766,4) 88009
	[4096,1] 12021
921:
	(11,18) 43
	[0,2] 10
716:
	(16,4) 9444
	[2,1] 1357
738:
	(7,371702) 147
	[1,53247] 29
571:
	(743239,9) 322
	[106470,2] 54
1025:
	(5,5) 62
	[1,1] 11
847:
	(3,5802) 3695
	[0,831] 538
1023:
	(5,5) 62
	[1,1] 11
900:
	(18349,76) 51
	[2629,14] 11
207:
	(3,29) 9431
	[1,4] 1355
626:
	(65517,6) 120794
	[8190,1] 16119
552:
	(11431,6) 11941
	[1638,1] 1719
826:
	(4,65530) 55242
	[0,8191] 7925
546:
	(2719,6) 6786
	[390,1] 981
796:
	(4,524279) 55242
	[0,65535] 7925
911:
	(4,17) 50
	[0,2] 10
605:
	(493,6) 70755
	[62,1] 9865
136:
	(44,50) 0
	[10,11] 0
415:
	(3,8) 59
	[1,2] 10
729:
	(14,5) 80
	[3,1] 15
858:
	(5,257110) 1763312
	[1,36839] 252654
776:
	(3,73453) 55222
	[0,10524] 7919
143:
	(44,50) 0
	[10,11] 0
493:
	(7,262142) 55235
	[2,32768] 7923
527:
	(724,4) 8781
	[104,1] 1267
469:
	(724,4) 17742
	[104,1] 2551
544:
	(1267,9) 8243
	[182,2] 1190
488:
	(126,4) 71122
	[16,1] 9911
787:
	(354,13) 9149
	[51,2] 1320
813:
	(4,58) 71190
	[0,7] 9920
180:
	(44,50) 0
	[10,11] 0
844:
	(3,46458) 138
	[0,6655] 28
628:
	(5,131052) 55259
	[1,16382] 7927
864:
	(7,257096) 1763310
	[1,36837] 252654
795:
	(371703,13) 141
	[53247,2] 28
683:
	(16372,11) 55248
	[2047,2] 7925
992:
	(6,4) 85
	[1,1] 15
805:
	(81,6) 36853
	[10,1] 5288
629:
	(131053,6) 186330
	[16382,1] 24311
133:
	(44,50) 0
	[10,11] 0
604:
	(5,492) 70756
	[1,62] 9865
896:
	(6,38) 48
	[0,6] 10
749:
	(5,55086) 93
	[1,7893] 17
722:
	(8,9428) 18456
	[1,1351] 2648
638:
	(128549,7) 1891857
	[18419,2] 271072
949:
	(9424,7) 36
	[1350,1] 9
379:
	(3,371709) 135
	[1,53248] 27
1001:
	(5,2) 89
	[1,0] 16
499:
	(5,141) 71107
	[1,18] 9909
586:
	(2046,4) 69202
	[256,1] 9671
373:
	(3,5805) 3692
	[1,832] 537
940:
	(15,21) 28
	[3,4] 7
870:
	(55107,5) 86
	[7896,1] 16
141:
	(44,50) 0
	[10,11] 0
535:
	(185854,4) 185998
	[26624,1] 26653
318:
	(3,514209) 1506192
	[1,73676] 215814
910:
	(4,17) 50
	[0,2] 10
761:
	(5,732) 8796
	[1,105] 1269
799:
	(23223,13) 141
	[3327,2] 28
179:
	(43,49) 0
	[10,11] 0
887:
	(9,3) 77
	[1,0] 15
772:
	(5,46470) 149
	[1,6657] 29
743:
	(7,5947379) 147
	[1,851967] 29
588:
	(8190,4) 63433
	[1024,1] 8949
186:
	(44,50) 0
	[10,11] 0
284:
	(3,9) 40
	[1,2] 9
168:
	(44,50) 0
	[10,11] 0
484:
	(33,18328) 105
	[8,2626] 20
955:
	(10,499) 70746
	[2,63] 9863
466:
	(3,11) 124
	[1,2] 22
195:
	(43,49) 0
	[10,11] 0
475:
	(7,743422) 131
	[2,106496] 26
918:
	(11,36720) 110
	[0,5261] 21
930:
	(19,7) 36
	[4,2] 8
502:
	(12939,6) 58306
	[1618,1] 8308
875:
	(4,55096) 80
	[0,7894] 15
169:
	(44,50) 0
	[10,11] 0
302:
	(3,16381) 55239
	[1,2048] 7924
637:
	(514210,4) 1506196
	[73676,1] 215815
287:
	(3,128545) 83
	[1,18418] 15
462:
	(3,11) 102
	[1,2] 18
635:
	(257104,4) 1763302
	[36838,1] 252653
886:
	(64,18346) 63
	[12,2629] 13
620:
	(16365,6) 71642
	[2046,1] 9975
989:
	(12,4) 62
	[2,1] 12
785:
	(1443,13) 8062
	[207,2] 1164
308:
	(3,18360) 40
	[1,2631] 9
938:
	(118,7) 9342
	[17,1] 1342
372:
	(3,2901) 6596
	[1,416] 953
447:
	(3,8) 59
	[1,2] 10
465:
	(3,17) 118
	[1,3] 21
639:
	(5,385654) 1634752
	[1,55257] 234234
448:
	(3,5) 52
	[1,1] 11
748:
	(7,743414) 147
	[1,106495] 29
679:
	(2,2) 18500
	[0,0] 2658
685:
	(185,9) 9323
	[27,2] 1345
667:
	(743246,11) 315
	[106471,2] 53
750:
	(55087,6) 16136
	[7893,1] 2027
165:
	(44,50) 0
	[10,11] 0
622:
	(5,32748) 55259
	[1,4094] 7927
183:
	(44,50) 0
	[10,11] 0
891:
	(34,5) 52
	[5,0] 11
516:
	(15,11615) 236
	[4,1664] 40
599:
	(109,6) 71139
	[14,1] 9913
268:
	(3,21) 40
	[1,3] 9
884:
	(6,73638) 121
	[1,10551] 24
598:
	(5,108) 71140
	[1,14] 9913
652:
	(9,4) 58
	[2,1] 10
695:
	(10,4) 46
	[2,1] 10
648:
	(361,4) 9165
	[52,1] 1322
566:
	(5,371526) 326
	[1,53222] 55
483:
	(29,18327) 109
	[7,2626] 21
962:
	(10,65523) 55249
	[2,8191] 7925
377:
	(3,92925) 135
	[1,13312] 27
943:
	(58,4) 9402
	[8,1] 1351
890:
	(4,33) 53
	[0,5] 11
843:
	(3,92922) 138
	[0,13311] 28
775:
	(5,2910) 6610
	[1,417] 955
952:
	(10,51) 71197
	[2,7] 9920
836:
	(3,15) 43
	[0,3] 10
878:
	(23,14) 63
	[4,2] 12
615:
	(4077,9) 67168
	[510,2] 9416
454:
	(3,11) 64
	[1,2] 11
697:
	(9,4) 9451
	[1,1] 1358
777:
	(5,24) 18459
	[1,4] 2648
670:
	(185678,11) 315
	[26599,2] 53
172:
	(44,50) 0
	[10,11] 0
505:
	(361,4) 9142
	[52,1] 1319
734:
	(5,13) 55188
	[1,2] 7911
188:
	(44,50) 0
	[10,11] 0
292:
	(3,12) 40
	[1,2] 9
156:
	(44,50) 0
	[10,11] 0
371:
	(3,1449) 8056
	[1,208] 1163
894:
	(6,38) 48
	[0,6] 10
737:
	(7,185846) 147
	[1,26623] 29
517:
	(15,185855) 236
	[4,26624] 40
902:
	(6,73445) 104
	[0,10523] 18
539:
	(5,540) 8965
	[1,78] 1293
657:
	(23054,11) 315
	[3303,2] 53
504:
	(22,16010) 55220
	[5,2002] 7920
939:
	(32,23) 20
	[7,6] 4
578:
	(5,5947206) 320
	[1,851942] 54
177:
	(44,50) 0
	[10,11] 0
495:
	(3069,5) 68176
	[384,1] 9542
579:
	(1022,4) 70226
	[128,1] 9799
928:
	(9256,47) 204
	[1326,11] 33
879:
	(3,257100) 1763301
	[0,36837] 252653
189:
	(44,50) 0
	[10,11] 0
609:
	(1005,9) 70240
	[126,2] 9800
184:
	(44,50) 0
	[10,11] 0
619:
	(5,16364) 55259
	[1,2046] 7927
494:
	(7,13) 71238
	[2,2] 9926
576:
	(2973511,6) 2974015
	[425958,1] 426038
735:
	(7,23222) 147
	[1,3327] 29
613:
	(5,4076) 67172
	[1,510] 9417
957:
	(10,2035) 69210
	[2,255] 9671
665:
	(244,11) 71004
	[31,2] 9896
176:
	(44,50) 0
	[10,11] 0
945:
	(16,4) 9444
	[2,1] 1357
935:
	(110,5) 9350
	[15,1] 1344
889:
	(72,18348) 55
	[13,2629] 12
1021:
	(5,5) 62
	[1,1] 11
439:
	(3,8) 59
	[1,2] 10
972:
	(9,5947210) 316
	[2,851943] 53
877:
	(59,18345) 68
	[12,2629] 13
780:
	(5,3) 18497
	[0,0] 2658
720:
	(371710,4) 157
	[53248,1] 30
1000:
	(5,2) 67
	[1,0] 12
803:
	(2895,13) 6602
	[415,2] 954
600:
	(109,9) 71139
	[14,2] 9913
982:
	(10,5629) 3873
	[2,807] 563
857:
	(73626,5) 133
	[10549,1] 26
793:
	(1486839,13) 141
	[212991,2] 28
993:
	(12,4) 69
	[2,1] 12
618:
	(8173,9) 63072
	[1022,2] 8904
561:
	(92743,6) 93253
	[13286,1] 13367
300:
	(3,4093) 67152
	[1,512] 9414
500:
	(142,9) 71103
	[18,2] 9908
971:
	(41,18329) 97
	[10,2626] 18
760:
	(3,47) 9413
	[0,6] 1353
880:
	(3,514206) 1506195
	[0,73675] 215815
1005:
	(5,2) 55
	[1,0] 12
503:
	(6,16009) 55236
	[1,2002] 7924
304:
	(3,65533) 55239
	[1,8192] 7924
164:
	(44,50) 0
	[10,11] 0
860:
	(5,1028425) 991997
	[1,147353] 142140
1007:
	(2,14) 121
	[0,2] 22
375:
	(3,23229) 135
	[1,3328] 27
956:
	(10,1011) 70234
	[2,127] 9799
450:
	(3,11) 63
	[1,2] 11
817:
	(4,2042) 69203
	[0,255] 9671
158:
	(44,50) 0
	[10,11] 0
514:
	(8709,5) 788
	[1248,1] 121
521:
	(22,9253) 229
	[5,1326] 39
739:
	(7,11606) 260
	[1,1663] 45
555:
	(23047,6) 23557
	[3302,1] 3383
644:
	(7,168) 9513
	[1,24] 1371
295:
	(3,125) 71123
	[1,16] 9911
831:
	(7,18) 73
	[1,3] 14
220:
	(3,21) 40
	[1,3] 9
724:
	(169,11) 73590
	[24,2] 10551
559:
	(46279,9) 322
	[6630,2] 54
963:
	(10,131059) 55249
	[2,16383] 7925
818:
	(4,1018) 70227
	[0,127] 9799
710:
	(55100,4) 93
	[7895,1] 17
754:
	(3,40) 9420
	[0,5] 1354
664:
	(5630,11) 3872
	[807,2] 563
303:
	(3,32765) 55239
	[1,4096] 7924
765:
	(5,5947395) 149
	[1,851969] 29
932:
	(16,7) 36
	[3,2] 8
704:
	(743422,4) 157
	[106496,1] 30
305:
	(3,131069) 55239
	[1,16384] 7924
987:
	(6,4) 69
	[1,1] 12
192:
	(44,50) 0
	[10,11] 0
999:
	(5,2) 72
	[1,0] 13
926:
	(11,18) 43
	[0,2] 10
138:
	(44,50) 0
	[10,11] 0
861:
	(5,18400) 75
	[1,2637] 14
182:
	(44,50) 0
	[10,11] 0
512:
	(7,185854) 244
	[2,26624] 42
845:
	(3,23226) 138
	[0,3327] 28
298:
	(3,1021) 70224
	[1,128] 9798
852:
	(51,18340) 79
	[11,2628] 15
661:
	(371534,11) 315
	[53223,2] 53
554:
	(5,23046) 326
	[1,3302] 55
876:
	(55097,5) 18452
	[7894,0] 2647
643:
	(2,2) 47
	[0,0] 11
1002:
	(5,2) 116
	[1,0] 21
937:
	(114,6) 9346
	[16,1] 1343
742:
	(7,1486838) 147
	[1,212991] 29
470:
	(5806,4) 12653
	[832,1] 1821
892:
	(6,38) 48
	[0,6] 10
964:
	(10,262131) 55249
	[2,32767] 7925
547:
	(2719,9) 6783
	[390,2] 980
317:
	(3,257103) 1763298
	[1,36838] 252652
550:
	(5623,9) 3879
	[806,2] 564
991:
	(6,4) 68
	[1,1] 12
699:
	(514210,4) 1506191
	[73676,1] 215814
149:
	(44,50) 0
	[10,11] 0
573:
	(1486663,6) 1487173
	[212966,1] 213047
732:
	(3,54) 9406
	[0,7] 1352
977:
	(10,185677) 316
	[2,26599] 53
812:
	(5,128538) 50
	[1,18417] 11
380:
	(3,743421) 135
	[1,106496] 27
675:
	(5947211,10) 315
	[851943,2] 53
320:
	(3,9434) 40
	[1,1352] 9
640:
	(385655,6) 1634751
	[55257,1] 234234
1010:
	(2,8) 66
	[0,1] 12
868:
	(514203,13) 1506198
	[73675,2] 215815
832:
	(3,1446) 8059
	[0,207] 1164
741:
	(7,716) 8794
	[1,103] 1269
929:
	(48,5) 9412
	[7,1] 1352
533:
	(371710,4) 371854
	[53248,1] 53277
673:
	(52,11) 71196
	[7,2] 9920
791:
	(5947380,13) 141
	[851967,2] 28
577:
	(2973511,9) 322
	[425958,2] 54
905:
	(76,4) 36841
	[13,0] 5283
671:
	(1274,11) 8236
	[183,2] 1189
981:
	(10,11437) 429
	[2,1639] 69
155:
	(43,49) 0
	[10,11] 0
187:
	(43,49) 0
	[10,11] 0
806:
	(6,1928285) 92116
	[1,276285] 13205
820:
	(43,18339) 87
	[10,2628] 16

-----------------------------------
Sum of T(sa0)s: ∞
Sum of T(sa1)s: ∞
Testability index: ∞