0:
	(1,1) ∞
	[0,0] ∞
1:
	(1,1) ∞
	[0,0] ∞
x:
	(1,1) ∞
	[0,0] ∞
2:
	(1,1) 11
	[0,0] 2
3:
	(1,1) 11
	[0,0] 2
4:
	(1,1) 27
	[0,0] 1
5:
	(1,1) ∞
	[0,0] ∞
6:
	(1,1) ∞
	[0,0] ∞
7:
	(1,1) ∞
	[0,0] ∞
8:
	(1,1) ∞
	[0,0] ∞
9:
	(1,1) ∞
	[0,0] ∞
10:
	(1,1) ∞
	[0,0] ∞
11:
	(1,1) ∞
	[0,0] ∞
12:
	(1,1) ∞
	[0,0] ∞
13:
	(1,1) ∞
	[0,0] ∞
14:
	(1,1) ∞
	[0,0] ∞
15:
	(1,1) 32
	[0,0] 1
16:
	(1,1) 32
	[0,0] 1
17:
	(1,1) 28
	[0,0] 1
18:
	(1,1) 28
	[0,0] 1
19:
	(1,1) 12
	[0,0] 2
20:
	(1,1) 20
	[0,0] 1
21:
	(1,1) 20
	[0,0] 1
22:
	(1,1) 20
	[0,0] 1
23:
	(1,1) 11
	[0,0] 1
24:
	(1,1) 11
	[0,0] 1
25:
	(1,1) 11
	[0,0] 1
26:
	(1,1) 11
	[0,0] 1
27:
	(1,1) 11
	[0,0] 1
28:
	(1,1) 11
	[0,0] 1
29:
	(1,1) 11
	[0,0] 1
30:
	(1,1) 11
	[0,0] 1
31:
	(1,1) 7
	[0,0] 1
32:
	(1,1) 2283
	[0,0] 421
33:
	(1,1) 2288
	[0,0] 421
34:
	(1,1) 2288
	[0,0] 421
35:
	(1,1) 2288
	[0,0] 421
36:
	(1,1) ∞
	[0,0] ∞
37:
	(1,1) ∞
	[0,0] ∞
38:
	(1,1) ∞
	[0,0] ∞
39:
	(1,1) ∞
	[0,0] ∞
40:
	(1,1) ∞
	[0,0] ∞
41:
	(1,1) ∞
	[0,0] ∞
42:
	(1,1) ∞
	[0,0] ∞
43:
	(1,1) ∞
	[0,0] ∞
44:
	(1,1) ∞
	[0,0] ∞
45:
	(1,1) ∞
	[0,0] ∞
46:
	(1,1) ∞
	[0,0] ∞
47:
	(1,1) ∞
	[0,0] ∞
48:
	(1,1) ∞
	[0,0] ∞
49:
	(1,1) ∞
	[0,0] ∞
50:
	(1,1) ∞
	[0,0] ∞
51:
	(1,1) ∞
	[0,0] ∞
52:
	(1,1) ∞
	[0,0] ∞
53:
	(1,1) ∞
	[0,0] ∞
54:
	(1,1) ∞
	[0,0] ∞
55:
	(1,1) ∞
	[0,0] ∞
56:
	(1,1) ∞
	[0,0] ∞
57:
	(1,1) ∞
	[0,0] ∞
58:
	(1,1) ∞
	[0,0] ∞
59:
	(1,1) ∞
	[0,0] ∞
60:
	(1,1) ∞
	[0,0] ∞
61:
	(1,1) ∞
	[0,0] ∞
62:
	(1,1) ∞
	[0,0] ∞
63:
	(1,1) ∞
	[0,0] ∞
64:
	(1,1) ∞
	[0,0] ∞
65:
	(1,1) ∞
	[0,0] ∞
66:
	(1,1) ∞
	[0,0] ∞
67:
	(1,1) ∞
	[0,0] ∞
68:
	(1,1) ∞
	[0,0] ∞
69:
	(1,1) ∞
	[0,0] ∞
70:
	(1,1) ∞
	[0,0] ∞
71:
	(1,1) ∞
	[0,0] ∞
173:
	(5943,4) 6807
	[1104,1] 1261
202:
	(2270,7) 16
	[418,1] 2
75:
	(3,18) 0
	[1,2] 0
96:
	(3,176) 2285
	[1,33] 420
287:
	(2,5) 16
	[0,0] 2
283:
	(15,4) 16
	[0,0] 1
90:
	(3,95) 2214
	[1,18] 408
206:
	(5,2979) 9771
	[1,553] 1812
214:
	(5,1107) 1934
	[1,205] 356
85:
	(3,22) 2259
	[1,4] 416
280:
	(2,2) 29
	[0,0] 1
72:
	(3,13) 0
	[1,2] 0
296:
	(2,5) 7
	[0,0] 1
108:
	(6,6) 3
	[0,0] 1
182:
	(5,183) 2281
	[1,34] 419
246:
	(11,130) 2288
	[2,24] 421
143:
	(740,4) 11995
	[138,1] 2225
292:
	(27,4) 9
	[0,0] 1
210:
	(10,1506) 2274
	[2,277] 419
107:
	(6,6) 3
	[0,0] 1
271:
	(2,2) 54
	[0,0] 1
168:
	(5,4) 2459
	[1,1] 452
160:
	(759,4) 1525
	[140,1] 281
286:
	(19,4) 12
	[0,0] 1
321:
	(3,10) 18
	[0,0] 1
295:
	(31,4) 9
	[0,0] 1
115:
	(3,1484) 11246
	[1,276] 2086
181:
	(5,54) 2276
	[1,10] 419
200:
	(680,18) 1617
	[126,4] 297
269:
	(2,2) 27
	[0,0] 1
255:
	(15,15) 3
	[1,1] 1
111:
	(6,6) 3
	[0,0] 1
154:
	(53,9) 2261
	[10,2] 417
164:
	(134,4) 2287
	[25,1] 420
155:
	(747,9) 11988
	[139,2] 2224
133:
	(7429,5) 5301
	[1380,1] 982
299:
	(2,5) 7
	[0,0] 1
140:
	(144,9) 2170
	[27,2] 400
306:
	(3,46) 6
	[0,0] 1
189:
	(719,7) 1598
	[133,2] 293
225:
	(10,704) 1593
	[2,130] 293
89:
	(3,45) 2269
	[1,9] 418
259:
	(15,15) 3
	[1,1] 1
289:
	(23,4) 9
	[0,0] 1
231:
	(11,736) 11999
	[2,137] 2226
130:
	(2972,4) 9758
	[552,1] 1810
106:
	(6,6) 3
	[0,0] 1
312:
	(3,54) 5
	[0,0] 1
223:
	(8,2276) 5
	[1,419] 1
242:
	(7,189) 2125
	[1,35] 392
317:
	(5,3) 27
	[0,0] 1
170:
	(194,4) 2847
	[36,1] 525
121:
	(3,4) 2285
	[1,1] 420
192:
	(732,7) 1601
	[136,1] 295
318:
	(4,8) 24
	[0,0] 1
116:
	(3,2971) 9759
	[1,552] 1810
131:
	(5943,4) 6787
	[1104,1] 1258
230:
	(14,5939) 6791
	[2,1103] 1259
254:
	(705,19) 1584
	[130,3] 292
308:
	(2,5) 7
	[0,0] 1
142:
	(1485,4) 11250
	[276,1] 2087
159:
	(1515,4) 766
	[279,1] 141
315:
	(2,3) 30
	[0,0] 1
263:
	(9,343) 1971
	[2,64] 363
95:
	(3,133) 2285
	[1,25] 420
126:
	(194,4) 2115
	[36,1] 390
158:
	(344,10) 1970
	[64,2] 363
139:
	(144,6) 2170
	[27,1] 400
272:
	(2,2) 50
	[0,0] 1
172:
	(1485,4) 11265
	[276,1] 2089
217:
	(8,1480) 11255
	[1,275] 2088
279:
	(2,2) 29
	[0,0] 1
226:
	(14,1481) 11249
	[2,275] 2087
212:
	(5,914) 2127
	[1,169] 392
273:
	(2,2) 34
	[0,0] 1
195:
	(719,11) 1624
	[133,3] 298
88:
	(3,1514) 767
	[1,279] 141
190:
	(8,720) 2281
	[2,133] 420
198:
	(2264,6) 17
	[417,1] 3
256:
	(20,714) 1575
	[3,132] 290
258:
	(10,10) 3
	[1,1] 1
294:
	(3,30) 6
	[0,0] 1
237:
	(5,54) 2289
	[1,10] 422
266:
	(10,2233) 10502
	[2,415] 1948
233:
	(5,1539) 2276
	[1,283] 419
221:
	(8,2276) 10
	[1,419] 1
114:
	(3,739) 11996
	[1,138] 2225
291:
	(3,26) 6
	[0,0] 1
244:
	(5,172) 2294
	[1,32] 422
176:
	(5,7) 2281
	[1,2] 419
229:
	(8,730) 1587
	[2,135] 291
129:
	(484,5) 1825
	[90,1] 336
303:
	(3,42) 6
	[0,0] 1
199:
	(8,738) 1595
	[1,137] 294
145:
	(740,7) 11995
	[138,2] 2225
316:
	(2,3) 26
	[0,0] 1
187:
	(744,6) 1537
	[137,1] 283
194:
	(12,720) 1623
	[3,133] 298
298:
	(35,4) 9
	[0,0] 1
175:
	(5,7) 2281
	[1,2] 419
261:
	(8,52) 2262
	[2,10] 417
278:
	(2,2) 57
	[0,0] 1
177:
	(719,7) 3794
	[133,2] 699
222:
	(8,2276) 10
	[1,419] 1
151:
	(2972,4) 9778
	[552,1] 1813
105:
	(6,6) 3
	[0,0] 1
250:
	(13,190) 2119
	[2,35] 391
184:
	(5,97) 2281
	[1,18] 419
185:
	(5,7) 2276
	[1,2] 419
252:
	(11,44) 2283
	[2,8] 421
109:
	(6,6) 3
	[0,0] 1
240:
	(5,86) 2294
	[1,16] 422
236:
	(5,97) 2294
	[1,18] 422
161:
	(48,4) 2282
	[9,1] 420
76:
	(3,9) 0
	[1,1] 0
267:
	(8,746) 11989
	[2,139] 2224
227:
	(14,2968) 9762
	[2,551] 1811
232:
	(7,41) 2278
	[1,8] 420
128:
	(96,4) 2213
	[18,1] 408
79:
	(3,9) 0
	[1,1] 0
209:
	(1505,9) 776
	[277,2] 143
309:
	(3,50) 6
	[0,0] 1
136:
	(194,4) 2120
	[36,1] 391
275:
	(2,2) 38
	[0,0] 1
94:
	(3,90) 2285
	[1,17] 420
253:
	(10,1511) 770
	[2,278] 142
274:
	(2,2) 30
	[0,0] 1
305:
	(2,5) 7
	[0,0] 1
211:
	(5,816) 2225
	[1,151] 410
216:
	(8,2967) 9768
	[1,551] 1812
174:
	(387,4) 2654
	[72,1] 489
243:
	(7,91) 2223
	[1,17] 410
314:
	(2,2) 30
	[0,0] 1
234:
	(5,183) 2294
	[1,34] 422
74:
	(3,18) 0
	[1,2] 0
134:
	(96,4) 2218
	[18,1] 409
127:
	(387,4) 1922
	[72,1] 354
191:
	(744,9) 1540
	[137,2] 284
73:
	(3,18) 0
	[1,2] 0
146:
	(5,2226) 10509
	[1,414] 1949
104:
	(6,6) 12
	[0,0] 2
171:
	(5,4) 2416
	[1,1] 444
169:
	(96,4) 2945
	[18,1] 543
320:
	(2,2) 26
	[0,0] 1
277:
	(11,4) 18
	[0,0] 1
196:
	(5,2235) 2278
	[1,412] 420
179:
	(1519,5) 762
	[280,1] 140
118:
	(3,4) 2280
	[1,1] 420
224:
	(8,2276) 10
	[1,419] 1
262:
	(10,150) 2164
	[2,28] 399
87:
	(3,758) 1526
	[1,140] 281
249:
	(13,383) 1926
	[2,71] 355
84:
	(3,8) 0
	[1,1] 0
163:
	(23,4) 2258
	[4,1] 416
304:
	(43,4) 9
	[0,0] 1
311:
	(2,5) 7
	[0,0] 1
102:
	(6,6) 12
	[0,0] 2
91:
	(3,193) 2116
	[1,36] 390
208:
	(10,24) 2307
	[2,4] 424
157:
	(5205,10) 7530
	[967,2] 1396
297:
	(3,34) 6
	[0,0] 1
180:
	(723,5) 1610
	[134,1] 297
113:
	(5,5) 3
	[0,0] 1
302:
	(2,5) 7
	[0,0] 1
203:
	(2270,7) 16
	[418,1] 2
276:
	(2,2) 46
	[0,0] 1
92:
	(3,386) 1923
	[1,72] 354
86:
	(3,718) 1563
	[1,133] 287
264:
	(5,10402) 2328
	[1,1932] 430
270:
	(2,2) 42
	[0,0] 1
282:
	(3,14) 15
	[0,0] 1
293:
	(2,5) 7
	[0,0] 1
204:
	(2270,7) 11
	[418,1] 2
319:
	(7,4) 21
	[0,0] 1
239:
	(5,129) 2294
	[1,24] 422
260:
	(29,715) 1566
	[5,132] 288
207:
	(23,9) 2274
	[4,2] 419
300:
	(3,38) 6
	[0,0] 1
141:
	(5,339) 1975
	[1,63] 364
148:
	(2227,9) 10508
	[414,2] 1949
235:
	(5,140) 2294
	[1,26] 422
201:
	(2270,7) 16
	[418,1] 2
138:
	(5,143) 2171
	[1,27] 400
112:
	(6,6) 3
	[0,0] 1
156:
	(2234,11) 10501
	[415,2] 1948
284:
	(2,5) 16
	[0,0] 2
153:
	(151,11) 2163
	[28,2] 399
307:
	(47,4) 9
	[0,0] 1
215:
	(8,5938) 6797
	[1,1103] 1260
120:
	(3,4) 2285
	[1,1] 420
183:
	(5,140) 2281
	[1,26] 419
238:
	(7,382) 1932
	[1,71] 356
285:
	(3,18) 13
	[0,0] 1
247:
	(11,87) 2288
	[2,16] 421
103:
	(6,6) 12
	[0,0] 2
228:
	(10,755) 1529
	[2,139] 282
220:
	(5,36) 2278
	[1,7] 420
81:
	(3,9) 0
	[1,1] 0
301:
	(39,4) 9
	[0,0] 1
288:
	(3,22) 9
	[0,0] 1
78:
	(3,9) 0
	[1,1] 0
144:
	(2972,4) 9763
	[552,1] 1811
213:
	(5,766) 2280
	[1,142] 420
218:
	(5,1492) 11258
	[1,277] 2088
186:
	(5,743) 1538
	[1,137] 283
147:
	(2227,6) 10508
	[414,1] 1949
152:
	(5,4) 2373
	[1,1] 436
135:
	(46,4) 2268
	[9,1] 418
82:
	(3,9) 0
	[1,1] 0
167:
	(177,4) 2287
	[33,1] 420
219:
	(37,6) 2277
	[7,1] 420
93:
	(3,47) 2280
	[1,9] 420
251:
	(13,92) 2217
	[2,17] 409
80:
	(3,9) 0
	[1,1] 0
313:
	(2,2) 30
	[0,0] 1
205:
	(5,5950) 6800
	[1,1105] 1260
119:
	(3,4) 2285
	[1,1] 420
178:
	(5,7) 2281
	[1,2] 419
110:
	(6,6) 3
	[0,0] 1
290:
	(2,5) 7
	[0,0] 1
257:
	(15,15) 3
	[1,1] 1
137:
	(46,7) 2268
	[9,2] 418
150:
	(719,4) 1562
	[133,1] 287
83:
	(3,9) 0
	[1,1] 0
149:
	(5,5200) 7535
	[1,966] 1397
248:
	(13,42) 2272
	[2,8] 419
188:
	(7,759) 1628
	[2,140] 299
117:
	(3,5942) 6788
	[1,1104] 1258
241:
	(5,43) 2289
	[1,8] 422
265:
	(9,5204) 7531
	[2,967] 1396
310:
	(51,4) 8
	[0,0] 1
166:
	(46,4) 3000
	[9,1] 553
268:
	(5,679) 1630
	[1,126] 300
197:
	(5,1504) 780
	[1,277] 144
162:
	(91,4) 2287
	[17,1] 420
245:
	(11,173) 2288
	[2,32] 421
77:
	(3,9) 0
	[1,1] 0
281:
	(2,5) 16
	[0,0] 2
165:
	(5,4) 2325
	[1,1] 428
193:
	(6,731) 1602
	[1,136] 295
132:
	(1485,4) 11245
	[276,1] 2086
1_1[75]:
	(1,1) ∞
	[0,0] ∞
1_2[96]:
	(1,1) ∞
	[0,0] ∞
1_3[90]:
	(1,1) ∞
	[0,0] ∞
1_4[85]:
	(1,1) ∞
	[0,0] ∞
1_5[72]:
	(1,1) ∞
	[0,0] ∞
1_6[115]:
	(1,1) ∞
	[0,0] ∞
1_7[89]:
	(1,1) ∞
	[0,0] ∞
1_8[121]:
	(1,1) ∞
	[0,0] ∞
1_9[116]:
	(1,1) ∞
	[0,0] ∞
1_10[95]:
	(1,1) ∞
	[0,0] ∞
1_11[88]:
	(1,1) ∞
	[0,0] ∞
1_12[114]:
	(1,1) ∞
	[0,0] ∞
1_13[76]:
	(1,1) ∞
	[0,0] ∞
1_14[79]:
	(1,1) ∞
	[0,0] ∞
1_15[94]:
	(1,1) ∞
	[0,0] ∞
1_16[74]:
	(1,1) ∞
	[0,0] ∞
1_17[73]:
	(1,1) ∞
	[0,0] ∞
1_18[118]:
	(1,1) ∞
	[0,0] ∞
1_19[87]:
	(1,1) ∞
	[0,0] ∞
1_20[84]:
	(1,1) ∞
	[0,0] ∞
1_21[91]:
	(1,1) ∞
	[0,0] ∞
1_22[92]:
	(1,1) ∞
	[0,0] ∞
1_23[86]:
	(1,1) ∞
	[0,0] ∞
1_24[120]:
	(1,1) ∞
	[0,0] ∞
1_25[81]:
	(1,1) ∞
	[0,0] ∞
1_26[78]:
	(1,1) ∞
	[0,0] ∞
1_27[82]:
	(1,1) ∞
	[0,0] ∞
1_28[93]:
	(1,1) ∞
	[0,0] ∞
1_29[80]:
	(1,1) ∞
	[0,0] ∞
1_30[119]:
	(1,1) ∞
	[0,0] ∞
1_31[83]:
	(1,1) ∞
	[0,0] ∞
1_32[117]:
	(1,1) ∞
	[0,0] ∞
1_33[77]:
	(1,1) ∞
	[0,0] ∞
2_1[75]:
	(1,1) 21
	[0,0] 3
2_2[96]:
	(1,1) 2464
	[0,0] 454
2_3[90]:
	(1,1) 2312
	[0,0] 427
2_4[85]:
	(1,1) 2284
	[0,0] 421
2_5[72]:
	(1,1) 16
	[0,0] 3
2_6[115]:
	(1,1) 12733
	[0,0] 2363
2_7[89]:
	(1,1) 2317
	[0,0] 428
2_8[121]:
	(1,1) 2292
	[0,0] 422
2_9[116]:
	(1,1) 12733
	[0,0] 2363
2_10[95]:
	(1,1) 2421
	[0,0] 446
2_11[88]:
	(1,1) 2284
	[0,0] 421
2_12[114]:
	(1,1) 12738
	[0,0] 2364
2_13[76]:
	(1,1) 12
	[0,0] 2
2_14[79]:
	(1,1) 12
	[0,0] 2
2_15[94]:
	(1,1) 2378
	[0,0] 438
2_16[74]:
	(1,1) 21
	[0,0] 3
2_17[73]:
	(1,1) 21
	[0,0] 3
2_18[118]:
	(1,1) 2287
	[0,0] 422
2_19[87]:
	(1,1) 2287
	[0,0] 422
2_20[84]:
	(1,1) 11
	[0,0] 2
2_21[91]:
	(1,1) 2312
	[0,0] 427
2_22[92]:
	(1,1) 2312
	[0,0] 427
2_23[86]:
	(1,1) 2284
	[0,0] 421
2_24[120]:
	(1,1) 2292
	[0,0] 422
2_25[81]:
	(1,1) 12
	[0,0] 2
2_26[78]:
	(1,1) 12
	[0,0] 2
2_27[82]:
	(1,1) 12
	[0,0] 2
2_28[93]:
	(1,1) 2330
	[0,0] 430
2_29[80]:
	(1,1) 12
	[0,0] 2
2_30[119]:
	(1,1) 2292
	[0,0] 422
2_31[83]:
	(1,1) 12
	[0,0] 2
2_32[117]:
	(1,1) 12733
	[0,0] 2363
2_33[77]:
	(1,1) 12
	[0,0] 2
3_1[75]:
	(1,1) 21
	[0,0] 3
3_2[96]:
	(1,1) 2464
	[0,0] 454
3_3[90]:
	(1,1) 2312
	[0,0] 427
3_4[85]:
	(1,1) 2284
	[0,0] 421
3_5[72]:
	(1,1) 16
	[0,0] 3
3_6[115]:
	(1,1) 12733
	[0,0] 2363
3_7[89]:
	(1,1) 2317
	[0,0] 428
3_8[121]:
	(1,1) 2292
	[0,0] 422
3_9[116]:
	(1,1) 12733
	[0,0] 2363
3_10[95]:
	(1,1) 2421
	[0,0] 446
3_11[88]:
	(1,1) 2284
	[0,0] 421
3_12[114]:
	(1,1) 12738
	[0,0] 2364
3_13[76]:
	(1,1) 12
	[0,0] 2
3_14[79]:
	(1,1) 12
	[0,0] 2
3_15[94]:
	(1,1) 2378
	[0,0] 438
3_16[74]:
	(1,1) 21
	[0,0] 3
3_17[73]:
	(1,1) 21
	[0,0] 3
3_18[118]:
	(1,1) 2287
	[0,0] 422
3_19[87]:
	(1,1) 2287
	[0,0] 422
3_20[84]:
	(1,1) 11
	[0,0] 2
3_21[91]:
	(1,1) 2312
	[0,0] 427
3_22[92]:
	(1,1) 2312
	[0,0] 427
3_23[86]:
	(1,1) 2284
	[0,0] 421
3_24[120]:
	(1,1) 2292
	[0,0] 422
3_25[81]:
	(1,1) 12
	[0,0] 2
3_26[78]:
	(1,1) 12
	[0,0] 2
3_27[82]:
	(1,1) 12
	[0,0] 2
3_28[93]:
	(1,1) 2330
	[0,0] 430
3_29[80]:
	(1,1) 12
	[0,0] 2
3_30[119]:
	(1,1) 2292
	[0,0] 422
3_31[83]:
	(1,1) 12
	[0,0] 2
3_32[117]:
	(1,1) 12733
	[0,0] 2363
3_33[77]:
	(1,1) 12
	[0,0] 2
17_1[316]:
	(1,1) 28
	[0,0] 1
17_2[314]:
	(1,1) 31
	[0,0] 1
18_1[316]:
	(1,1) 28
	[0,0] 1
18_2[313]:
	(1,1) 31
	[0,0] 1
20_1[269]:
	(1,1) 28
	[0,0] 1
20_2[281]:
	(1,1) 20
	[0,0] 2
21_1[280]:
	(1,1) 30
	[0,0] 1
21_2[284]:
	(1,1) 20
	[0,0] 2
22_1[287]:
	(1,1) 20
	[0,0] 2
22_2[279]:
	(1,1) 30
	[0,0] 1
23_1[274]:
	(1,1) 31
	[0,0] 1
23_2[290]:
	(1,1) 11
	[0,0] 1
24_1[273]:
	(1,1) 35
	[0,0] 1
24_2[293]:
	(1,1) 11
	[0,0] 1
25_1[296]:
	(1,1) 11
	[0,0] 1
25_2[275]:
	(1,1) 39
	[0,0] 1
26_1[299]:
	(1,1) 11
	[0,0] 1
26_2[270]:
	(1,1) 43
	[0,0] 1
27_1[302]:
	(1,1) 11
	[0,0] 1
27_2[276]:
	(1,1) 47
	[0,0] 1
28_1[272]:
	(1,1) 51
	[0,0] 1
28_2[305]:
	(1,1) 11
	[0,0] 1
29_1[271]:
	(1,1) 55
	[0,0] 1
29_2[308]:
	(1,1) 11
	[0,0] 1
30_1[278]:
	(1,1) 58
	[0,0] 1
30_2[311]:
	(1,1) 11
	[0,0] 1
96_1[176]:
	(3,176) 2285
	[1,33] 420
96_2[167]:
	(3,176) 2288
	[1,33] 420
90_1[128]:
	(3,95) 2214
	[1,18] 408
90_2[134]:
	(3,95) 2219
	[1,18] 409
90_3[169]:
	(3,95) 2946
	[1,18] 543
90_4[137]:
	(3,95) 2272
	[1,18] 419
85_1[163]:
	(3,22) 2259
	[1,4] 416
85_2[180]:
	(3,22) 2330
	[1,4] 430
85_3[207]:
	(3,22) 2280
	[1,4] 420
321_1[277]:
	(3,10) 19
	[0,0] 1
321_2[281]:
	(3,10) 18
	[0,0] 2
115_1[142]:
	(3,1484) 11251
	[1,276] 2087
115_2[172]:
	(3,1484) 11266
	[1,276] 2089
115_3[145]:
	(3,1484) 11999
	[1,276] 2226
115_4[132]:
	(3,1484) 11246
	[1,276] 2086
164_1[244]:
	(134,4) 2332
	[25,1] 429
164_2[235]:
	(134,4) 2300
	[25,1] 423
164_3[183]:
	(134,4) 2287
	[25,1] 420
306_1[308]:
	(3,46) 9
	[0,0] 1
306_2[307]:
	(3,46) 10
	[0,0] 1
306_3[110]:
	(3,46) 6
	[0,0] 1
189_1[190]:
	(719,7) 2282
	[133,2] 420
189_2[229]:
	(719,7) 1598
	[133,2] 293
89_1[232]:
	(3,45) 2316
	[1,9] 427
89_2[135]:
	(3,45) 2269
	[1,9] 418
89_3[137]:
	(3,45) 2272
	[1,9] 419
89_4[166]:
	(3,45) 3001
	[1,9] 553
312_1[113]:
	(3,54) 5
	[0,0] 1
312_2[112]:
	(3,54) 6
	[0,0] 1
121_1[168]:
	(3,4) 2460
	[1,1] 452
121_2[176]:
	(3,4) 2285
	[1,1] 420
192_1[231]:
	(732,7) 12003
	[136,1] 2227
192_2[217]:
	(732,7) 12003
	[136,1] 2227
192_3[199]:
	(732,7) 1601
	[136,1] 295
192_4[216]:
	(732,7) 12003
	[136,1] 2227
192_5[215]:
	(732,7) 12003
	[136,1] 2227
116_1[130]:
	(3,2971) 9759
	[1,552] 1810
116_2[151]:
	(3,2971) 9779
	[1,552] 1813
116_3[148]:
	(3,2971) 10514
	[1,552] 1950
116_4[144]:
	(3,2971) 9764
	[1,552] 1811
254_1[85]:
	(705,19) 2262
	[130,3] 417
254_2[256]:
	(705,19) 1584
	[130,3] 292
159_1[233]:
	(1515,4) 2300
	[279,1] 423
159_2[196]:
	(1515,4) 2998
	[279,1] 553
159_3[179]:
	(1515,4) 766
	[279,1] 141
95_1[164]:
	(3,133) 2288
	[1,25] 420
95_2[175]:
	(3,133) 2285
	[1,25] 420
195_1[214]:
	(719,11) 2322
	[133,3] 428
195_2[212]:
	(719,11) 2322
	[133,3] 428
195_3[194]:
	(719,11) 1624
	[133,3] 298
195_4[211]:
	(719,11) 2322
	[133,3] 428
195_5[213]:
	(719,11) 2327
	[133,3] 429
88_1[189]:
	(3,1514) 1602
	[1,279] 294
88_2[159]:
	(3,1514) 767
	[1,279] 141
88_3[209]:
	(3,1514) 782
	[1,279] 144
88_4[188]:
	(3,1514) 1632
	[1,279] 300
198_1[202]:
	(2264,6) 22
	[417,1] 3
198_2[203]:
	(2264,6) 22
	[417,1] 3
198_3[204]:
	(2264,6) 17
	[417,1] 3
198_4[201]:
	(2264,6) 22
	[417,1] 3
294_1[296]:
	(3,30) 9
	[0,0] 1
294_2[295]:
	(3,30) 10
	[0,0] 1
294_3[106]:
	(3,30) 6
	[0,0] 1
114_1[143]:
	(3,739) 11996
	[1,138] 2225
114_2[231]:
	(3,739) 12007
	[1,138] 2227
114_3[145]:
	(3,739) 11999
	[1,138] 2226
291_1[292]:
	(3,26) 10
	[0,0] 1
291_2[105]:
	(3,26) 6
	[0,0] 1
291_3[293]:
	(3,26) 9
	[0,0] 1
303_1[109]:
	(3,42) 6
	[0,0] 1
303_2[305]:
	(3,42) 9
	[0,0] 1
303_3[304]:
	(3,42) 10
	[0,0] 1
187_1[198]:
	(744,6) 1537
	[137,1] 283
187_2[197]:
	(744,6) 1540
	[137,1] 284
194_1[200]:
	(12,720) 1623
	[3,133] 298
194_2[220]:
	(12,720) 2302
	[3,133] 424
161_1[181]:
	(48,4) 2282
	[9,1] 420
161_2[237]:
	(48,4) 2295
	[9,1] 423
161_3[240]:
	(48,4) 2332
	[9,1] 429
209_1[210]:
	(1505,9) 2275
	[277,2] 419
209_2[253]:
	(1505,9) 776
	[277,2] 143
309_1[111]:
	(3,50) 6
	[0,0] 1
309_2[311]:
	(3,50) 9
	[0,0] 1
309_3[310]:
	(3,50) 9
	[0,0] 1
94_1[178]:
	(3,90) 2285
	[1,17] 420
94_2[162]:
	(3,90) 2288
	[1,17] 420
146_1[267]:
	(5,2226) 12730
	[1,414] 2362
146_2[148]:
	(5,2226) 10512
	[1,414] 1950
146_3[147]:
	(5,2226) 10509
	[1,414] 1949
118_1[185]:
	(3,4) 2280
	[1,1] 420
118_2[165]:
	(3,4) 2326
	[1,1] 428
87_1[160]:
	(3,758) 1526
	[1,140] 281
87_2[177]:
	(3,758) 3798
	[1,140] 700
87_3[191]:
	(3,758) 1546
	[1,140] 285
87_4[179]:
	(3,758) 2278
	[1,140] 419
87_5[188]:
	(3,758) 1632
	[1,140] 300
163_1[220]:
	(23,4) 2291
	[4,1] 423
163_2[186]:
	(23,4) 2258
	[4,1] 416
91_1[140]:
	(3,193) 2176
	[1,36] 401
91_2[170]:
	(3,193) 2848
	[1,36] 525
91_3[126]:
	(3,193) 2116
	[1,36] 390
91_4[136]:
	(3,193) 2121
	[1,36] 391
297_1[107]:
	(3,34) 6
	[0,0] 1
297_2[299]:
	(3,34) 9
	[0,0] 1
297_3[298]:
	(3,34) 10
	[0,0] 1
92_1[263]:
	(3,386) 1977
	[1,72] 364
92_2[174]:
	(3,386) 2655
	[1,72] 489
92_3[127]:
	(3,386) 1923
	[1,72] 354
86_1[189]:
	(3,718) 1602
	[1,133] 294
86_2[195]:
	(3,718) 1632
	[1,133] 300
86_3[177]:
	(3,718) 3798
	[1,133] 700
86_4[150]:
	(3,718) 1563
	[1,133] 287
282_1[283]:
	(3,14) 17
	[0,0] 1
282_2[102]:
	(3,14) 15
	[0,0] 2
282_3[284]:
	(3,14) 18
	[0,0] 2
207_1[225]:
	(23,9) 2274
	[4,2] 419
207_2[233]:
	(23,9) 3792
	[4,2] 698
207_3[208]:
	(23,9) 2308
	[4,2] 424
300_1[108]:
	(3,38) 6
	[0,0] 1
300_2[302]:
	(3,38) 9
	[0,0] 1
300_3[301]:
	(3,38) 10
	[0,0] 1
141_1[263]:
	(5,339) 1975
	[1,63] 364
141_2[262]:
	(5,339) 2309
	[1,63] 426
138_1[140]:
	(5,143) 2174
	[1,27] 401
138_2[139]:
	(5,143) 2171
	[1,27] 400
138_3[261]:
	(5,143) 2309
	[1,27] 426
120_1[175]:
	(3,4) 2285
	[1,1] 420
120_2[171]:
	(3,4) 2417
	[1,1] 444
285_1[287]:
	(3,18) 18
	[0,0] 2
285_2[286]:
	(3,18) 13
	[0,0] 1
285_3[103]:
	(3,18) 15
	[0,0] 2
220_1[237]:
	(5,36) 2338
	[1,7] 431
220_2[236]:
	(5,36) 2386
	[1,7] 439
220_3[234]:
	(5,36) 2472
	[1,7] 455
220_4[235]:
	(5,36) 2429
	[1,7] 447
220_5[219]:
	(5,36) 2278
	[1,7] 420
288_1[289]:
	(3,22) 10
	[0,0] 1
288_2[104]:
	(3,22) 15
	[0,0] 2
288_3[290]:
	(3,22) 9
	[0,0] 1
186_1[187]:
	(5,743) 1538
	[1,137] 283
186_2[191]:
	(5,743) 1544
	[1,137] 285
167_1[182]:
	(177,4) 2287
	[33,1] 420
167_2[234]:
	(177,4) 2300
	[33,1] 423
219_1[242]:
	(37,6) 2277
	[7,1] 420
219_2[244]:
	(37,6) 2429
	[7,1] 447
219_3[240]:
	(37,6) 2343
	[7,1] 431
219_4[232]:
	(37,6) 2282
	[7,1] 421
219_5[243]:
	(37,6) 2277
	[7,1] 420
219_6[239]:
	(37,6) 2386
	[7,1] 439
219_7[238]:
	(37,6) 2277
	[7,1] 420
219_8[241]:
	(37,6) 2295
	[7,1] 423
93_1[185]:
	(3,47) 2280
	[1,9] 420
93_2[161]:
	(3,47) 2283
	[1,9] 420
119_1[152]:
	(3,4) 2374
	[1,1] 436
119_2[178]:
	(3,4) 2285
	[1,1] 420
150_1[180]:
	(719,4) 1614
	[133,1] 298
150_2[186]:
	(719,4) 1562
	[133,1] 287
149_1[266]:
	(5,5200) 12730
	[1,966] 2362
149_2[265]:
	(5,5200) 7535
	[1,966] 1397
188_1[195]:
	(7,759) 1628
	[2,140] 299
188_2[193]:
	(7,759) 2326
	[2,140] 429
117_1[173]:
	(3,5942) 6808
	[1,1104] 1261
117_2[131]:
	(3,5942) 6788
	[1,1104] 1258
117_3[265]:
	(3,5942) 7537
	[1,1104] 1397
162_1[184]:
	(91,4) 2287
	[17,1] 420
162_2[236]:
	(91,4) 2300
	[17,1] 423
162_3[239]:
	(91,4) 2332
	[17,1] 429
165_1[181]:
	(5,4) 2325
	[1,1] 428
165_2[241]:
	(5,4) 2327
	[1,1] 429
193_1[206]:
	(6,731) 12744
	[1,136] 2364
193_2[192]:
	(6,731) 1602
	[1,136] 295
193_3[218]:
	(6,731) 12744
	[1,136] 2364
193_4[205]:
	(6,731) 12744
	[1,136] 2364

-----------------------------------
Sum of T(sa0)s: ∞
Sum of T(sa1)s: ∞
Testability index: ∞